t,x,y,z,vx,vy,vz,qx,qy,qz,status,esdf_clearance_r048,collision_blocks,recorded_balls,revoked_balls,expired_views,evicted_views,build_reason,required_prefix,best_prefix,free_directions,recorded_tubes,grid_refined,command_changed,intent_change_angle,refreshed,continued,reset_reason,diagnostic_stamp,input_x,input_y,input_z,target_x,target_y,target_z,reference_intent_x,reference_intent_y,reference_intent_z,command_x,command_y,command_z,applied_target_x,applied_target_y,applied_target_z
0.0,-64.0,-11.2,2.8,0.0,0.0,0.0,0.0,0.0,0.0,WAITING_ODOMETRY,3.4576320838928183,0,,,,,,,,,,,,,,,,,,,,,,,,,,,,,0.0,0.0,0.0
0.016666666666666666,-64.0,-11.2,2.8,0.0,0.0,0.0,0.0,0.0,0.0,WAITING_VERIFIED_START_POSE,3.4576320838928183,0,,,,,,,,,,,,,,,,,,,,,,,,,,,,,0.0,0.0,0.0
0.03333333333333333,-64.0,-11.2,2.8,0.0,0.0,0.0,0.0,0.0,0.0,WAITING_VERIFIED_START_POSE,3.4576320838928183,0,,,,,,,,,,,,,,,,,,,,,,,,,,,,,0.0,0.0,0.0
0.05,-64.0,-11.2,2.8,0.0,0.0,0.0,0.0,0.0,0.0,ZERO_INTENT,3.4576320838928183,0,,,,,,,,,,,,,,,,,,,,,,,,,,,,,0.0,0.0,0.0
0.06666666666666667,-64.0,-11.2,2.8,0.0,0.0,0.0,0.0,0.0,0.0,ZERO_INTENT,3.4576320838928183,0,,,,,,,,,,,,,,,,,,,,,,,,,,,,,0.0,0.0,0.0
0.08333333333333333,-64.0,-11.2,2.8,0.0,0.0,0.0,0.0,0.0,0.0,ZERO_INTENT,3.4576320838928183,0,,,,,,,,,,,,,,,,,,,,,,,,,,,,,0.0,0.0,0.0
0.1,-64.0,-11.2,2.8,0.0,0.0,0.0,0.0,0.0,0.0,ZERO_INTENT,3.4576320838928183,0,,,,,,,,,,,,,,,,,,,,,,,,,,,,,0.0,0.0,0.0
0.11666666666666667,-64.0,-11.2,2.8,0.0,0.0,0.0,0.0,0.0,0.0,ZERO_INTENT,3.4576320838928183,0,,,,,,,,,,,,,,,,,,,,,,,,,,,,,0.0,0.0,0.0
0.13333333333333333,-64.0,-11.2,2.8,0.0,0.0,0.0,0.0,0.0,0.0,ZERO_INTENT,3.4576320838928183,0,,,,,,,,,,,,,,,,,,,,,,,,,,,,,0.0,0.0,0.0
0.15,-64.0,-11.2,2.8,0.0,0.0,0.0,0.0,0.0,0.0,ZERO_INTENT,3.4576320838928183,0,,,,,,,,,,,,,,,,,,,,,,,,,,,,,0.0,0.0,0.0
0.16666666666666666,-64.0,-11.2,2.8,0.0,0.0,0.0,0.0,0.0,0.0,ZERO_INTENT,3.4576320838928183,0,,,,,,,,,,,,,,,,,,,,,,,,,,,,,0.0,0.0,0.0
0.18333333333333332,-64.0,-11.2,2.8,0.0,0.0,0.0,0.0,0.0,0.0,ZERO_INTENT,3.4576320838928183,0,,,,,,,,,,,,,,,,,,,,,,,,,,,,,0.0,0.0,0.0
0.2,-64.0,-11.2,2.8,0.0,0.0,0.0,0.0,0.0,0.0,ZERO_INTENT,3.4576320838928183,0,,,,,,,,,,,,,,,,,,,,,,,,,,,,,0.0,0.0,0.0
0.21666666666666667,-64.0,-11.2,2.8,0.0,0.0,0.0,0.0,0.0,0.0,ZERO_INTENT,3.4576320838928183,0,,,,,,,,,,,,,,,,,,,,,,,,,,,,,0.0,0.0,0.0
0.23333333333333334,-64.0,-11.2,2.8,0.0,0.0,0.0,0.0,0.0,0.0,ZERO_INTENT,3.4576320838928183,0,,,,,,,,,,,,,,,,,,,,,,,,,,,,,0.0,0.0,0.0
0.25,-64.0,-11.2,2.8,0.0,0.0,0.0,0.0,0.0,0.0,ZERO_INTENT,3.4576320838928183,0,,,,,,,,,,,,,,,,,,,,,,,,,,,,,0.0,0.0,0.0
0.26666666666666666,-64.0,-11.2,2.8,0.0,0.0,0.0,0.0,0.0,0.0,ZERO_INTENT,3.4576320838928183,0,,,,,,,,,,,,,,,,,,,,,,,,,,,,,0.0,0.0,0.0
0.2833333333333333,-64.0,-11.2,2.8,0.0,0.0,0.0,0.0,0.0,0.0,ZERO_INTENT,3.4576320838928183,0,,,,,,,,,,,,,,,,,,,,,,,,,,,,,0.0,0.0,0.0
0.3,-64.0,-11.2,2.8,0.0,0.0,0.0,0.0,0.0,0.0,ZERO_INTENT,3.4576320838928183,0,,,,,,,,,,,,,,,,,,,,,,,,,,,,,0.0,0.0,0.0
0.31666666666666665,-64.0,-11.2,2.8,0.0,0.0,0.0,0.0,0.0,0.0,ZERO_INTENT,3.4576320838928183,0,,,,,,,,,,,,,,,,,,,,,,,,,,,,,0.0,0.0,0.0
0.3333333333333333,-64.0,-11.2,2.8,0.0,0.0,0.0,0.0,0.0,0.0,ZERO_INTENT,3.4576320838928183,0,,,,,,,,,,,,,,,,,,,,,,,,,,,,,0.0,0.0,0.0
0.35,-64.0,-11.2,2.8,0.0,0.0,0.0,0.0,0.0,0.0,ZERO_INTENT,3.4576320838928183,0,,,,,,,,,,,,,,,,,,,,,,,,,,,,,0.0,0.0,0.0
0.36666666666666664,-64.0,-11.2,2.8,0.0,0.0,0.0,0.0,0.0,0.0,ZERO_INTENT,3.4576320838928183,0,,,,,,,,,,,,,,,,,,,,,,,,,,,,,0.0,0.0,0.0
0.38333333333333336,-64.0,-11.2,2.8,0.0,0.0,0.0,0.0,0.0,0.0,ZERO_INTENT,3.4576320838928183,0,,,,,,,,,,,,,,,,,,,,,,,,,,,,,0.0,0.0,0.0
0.4,-64.0,-11.2,2.8,0.0,0.0,0.0,0.0,0.0,0.0,ZERO_INTENT,3.4576320838928183,0,,,,,,,,,,,,,,,,,,,,,,,,,,,,,0.0,0.0,0.0
0.4166666666666667,-64.0,-11.2,2.8,0.0,0.0,0.0,0.0,0.0,0.0,ZERO_INTENT,3.4576320838928183,0,,,,,,,,,,,,,,,,,,,,,,,,,,,,,0.0,0.0,0.0
0.43333333333333335,-64.0,-11.2,2.8,0.0,0.0,0.0,0.0,0.0,0.0,ZERO_INTENT,3.4576320838928183,0,,,,,,,,,,,,,,,,,,,,,,,,,,,,,0.0,0.0,0.0
0.45,-64.0,-11.2,2.8,0.0,0.0,0.0,0.0,0.0,0.0,ZERO_INTENT,3.4576320838928183,0,,,,,,,,,,,,,,,,,,,,,,,,,,,,,0.0,0.0,0.0
0.4666666666666667,-64.0,-11.2,2.8,0.0,0.0,0.0,0.0,0.0,0.0,ZERO_INTENT,3.4576320838928183,0,,,,,,,,,,,,,,,,,,,,,,,,,,,,,0.0,0.0,0.0
0.48333333333333334,-64.0,-11.2,2.8,0.0,0.0,0.0,0.0,0.0,0.0,ZERO_INTENT,3.4576320838928183,0,,,,,,,,,,,,,,,,,,,,,,,,,,,,,0.0,0.0,0.0
0.5,-64.0,-11.2,2.8,0.0,0.0,0.0,0.0,0.0,0.0,ZERO_INTENT,3.4576320838928183,0,,,,,,,,,,,,,,,,,,,,,,,,,,,,,0.0,0.0,0.0
0.5166666666666667,-64.0,-11.2,2.8,0.0,0.0,0.0,0.0,0.0,0.0,ZERO_INTENT,3.4576320838928183,0,,,,,,,,,,,,,,,,,,,,,,,,,,,,,0.0,0.0,0.0
0.5333333333333333,-64.0,-11.2,2.8,0.0,0.0,0.0,0.0,0.0,0.0,ZERO_INTENT,3.4576320838928183,0,,,,,,,,,,,,,,,,,,,,,,,,,,,,,0.0,0.0,0.0
0.55,-64.0,-11.2,2.8,0.0,0.0,0.0,0.0,0.0,0.0,ZERO_INTENT,3.4576320838928183,0,,,,,,,,,,,,,,,,,,,,,,,,,,,,,0.0,0.0,0.0
0.5666666666666667,-64.0,-11.2,2.8,0.0,0.0,0.0,0.0,0.0,0.0,ZERO_INTENT,3.4576320838928183,0,,,,,,,,,,,,,,,,,,,,,,,,,,,,,0.0,0.0,0.0
0.5833333333333334,-64.0,-11.2,2.8,0.0,0.0,0.0,0.0,0.0,0.0,ZERO_INTENT,3.4576320838928183,0,,,,,,,,,,,,,,,,,,,,,,,,,,,,,0.0,0.0,0.0
0.6,-64.0,-11.2,2.8,0.0,0.0,0.0,0.0,0.0,0.0,ZERO_INTENT,3.4576320838928183,0,,,,,,,,,,,,,,,,,,,,,,,,,,,,,0.0,0.0,0.0
0.6166666666666667,-64.0,-11.2,2.8,0.0,0.0,0.0,0.0,0.0,0.0,ZERO_INTENT,3.4576320838928183,0,,,,,,,,,,,,,,,,,,,,,,,,,,,,,0.0,0.0,0.0
0.6333333333333333,-64.0,-11.2,2.8,0.0,0.0,0.0,0.0,0.0,0.0,ZERO_INTENT,3.4576320838928183,0,,,,,,,,,,,,,,,,,,,,,,,,,,,,,0.0,0.0,0.0
0.65,-64.0,-11.2,2.8,0.0,0.0,0.0,0.0,0.0,0.0,ZERO_INTENT,3.4576320838928183,0,,,,,,,,,,,,,,,,,,,,,,,,,,,,,0.0,0.0,0.0
0.6666666666666666,-64.0,-11.2,2.8,0.0,0.0,0.0,0.0,0.0,0.0,ZERO_INTENT,3.4576320838928183,0,,,,,,,,,,,,,,,,,,,,,,,,,,,,,0.0,0.0,0.0
0.6833333333333333,-64.0,-11.2,2.8,0.0,0.0,0.0,0.0,0.0,0.0,ZERO_INTENT,3.4576320838928183,0,,,,,,,,,,,,,,,,,,,,,,,,,,,,,0.0,0.0,0.0
0.7,-64.0,-11.2,2.8,0.0,0.0,0.0,0.0,0.0,0.0,ZERO_INTENT,3.4576320838928183,0,,,,,,,,,,,,,,,,,,,,,,,,,,,,,0.0,0.0,0.0
0.7166666666666667,-64.0,-11.2,2.8,0.0,0.0,0.0,0.0,0.0,0.0,ZERO_INTENT,3.4576320838928183,0,,,,,,,,,,,,,,,,,,,,,,,,,,,,,0.0,0.0,0.0
0.7333333333333333,-64.0,-11.2,2.8,0.0,0.0,0.0,0.0,0.0,0.0,ZERO_INTENT,3.4576320838928183,0,,,,,,,,,,,,,,,,,,,,,,,,,,,,,0.0,0.0,0.0
0.75,-64.0,-11.2,2.8,0.0,0.0,0.0,0.0,0.0,0.0,ZERO_INTENT,3.4576320838928183,0,,,,,,,,,,,,,,,,,,,,,,,,,,,,,0.0,0.0,0.0
0.7666666666666667,-64.0,-11.2,2.8,0.0,0.0,0.0,0.0,0.0,0.0,ZERO_INTENT,3.4576320838928183,0,,,,,,,,,,,,,,,,,,,,,,,,,,,,,0.0,0.0,0.0
0.7833333333333333,-64.0,-11.2,2.8,0.0,0.0,0.0,0.0,0.0,0.0,ZERO_INTENT,3.4576320838928183,0,,,,,,,,,,,,,,,,,,,,,,,,,,,,,0.0,0.0,0.0
0.8,-64.0,-11.2,2.8,0.0,0.0,0.0,0.0,0.0,0.0,ZERO_INTENT,3.4576320838928183,0,,,,,,,,,,,,,,,,,,,,,,,,,,,,,0.0,0.0,0.0
0.8166666666666667,-64.0,-11.2,2.8,0.0,0.0,0.0,0.0,0.0,0.0,ZERO_INTENT,3.4576320838928183,0,,,,,,,,,,,,,,,,,,,,,,,,,,,,,0.0,0.0,0.0
0.8333333333333334,-64.0,-11.2,2.8,0.0,0.0,0.0,0.0,0.0,0.0,ZERO_INTENT,3.4576320838928183,0,,,,,,,,,,,,,,,,,,,,,,,,,,,,,0.0,0.0,0.0
0.85,-64.0,-11.2,2.8,0.0,0.0,0.0,0.0,0.0,0.0,ZERO_INTENT,3.4576320838928183,0,,,,,,,,,,,,,,,,,,,,,,,,,,,,,0.0,0.0,0.0
0.8666666666666667,-64.0,-11.2,2.8,0.0,0.0,0.0,0.0,0.0,0.0,ZERO_INTENT,3.4576320838928183,0,,,,,,,,,,,,,,,,,,,,,,,,,,,,,0.0,0.0,0.0
0.8833333333333333,-64.0,-11.2,2.8,0.0,0.0,0.0,0.0,0.0,0.0,ZERO_INTENT,3.4576320838928183,0,,,,,,,,,,,,,,,,,,,,,,,,,,,,,0.0,0.0,0.0
0.9,-64.0,-11.2,2.8,0.0,0.0,0.0,0.0,0.0,0.0,ZERO_INTENT,3.4576320838928183,0,,,,,,,,,,,,,,,,,,,,,,,,,,,,,0.0,0.0,0.0
0.9166666666666666,-64.0,-11.2,2.8,0.0,0.0,0.0,0.0,0.0,0.0,ZERO_INTENT,3.4576320838928183,0,,,,,,,,,,,,,,,,,,,,,,,,,,,,,0.0,0.0,0.0
0.9333333333333333,-64.0,-11.2,2.8,0.0,0.0,0.0,0.0,0.0,0.0,ZERO_INTENT,3.4576320838928183,0,,,,,,,,,,,,,,,,,,,,,,,,,,,,,0.0,0.0,0.0
0.95,-64.0,-11.2,2.8,0.0,0.0,0.0,0.0,0.0,0.0,ZERO_INTENT,3.4576320838928183,0,,,,,,,,,,,,,,,,,,,,,,,,,,,,,0.0,0.0,0.0
0.9666666666666667,-64.0,-11.2,2.8,0.0,0.0,0.0,0.0,0.0,0.0,ZERO_INTENT,3.4576320838928183,0,,,,,,,,,,,,,,,,,,,,,,,,,,,,,0.0,0.0,0.0
0.9833333333333333,-64.0,-11.2,2.8,0.0,0.0,0.0,0.0,0.0,0.0,ZERO_INTENT,3.4576320838928183,0,,,,,,,,,,,,,,,,,,,,,,,,,,,,,0.0,0.0,0.0
1.0,-64.0,-11.2,2.8,0.0,0.0,0.0,0.0,0.0,0.0,ZERO_INTENT,3.4576320838928183,0,,,,,,,,,,,,,,,,,,,,,,,,,,,,,0.0,0.0,0.0
1.0166666666666666,-64.0,-11.2,2.8,0.0,0.0,0.0,0.0,0.0,0.0,ZERO_INTENT,3.4576320838928183,0,,,,,,,,,,,,,,,,,,,,,,,,,,,,,0.0,0.0,0.0
1.0333333333333334,-64.0,-11.2,2.8,0.0,0.0,0.0,0.0,0.0,0.0,ZERO_INTENT,3.4576320838928183,0,,,,,,,,,,,,,,,,,,,,,,,,,,,,,0.0,0.0,0.0
1.05,-64.0,-11.2,2.8,0.0,0.0,0.0,0.0,0.0,0.0,ZERO_INTENT,3.4576320838928183,0,,,,,,,,,,,,,,,,,,,,,,,,,,,,,0.0,0.0,0.0
1.0666666666666667,-64.0,-11.2,2.8,0.0,0.0,0.0,0.0,0.0,0.0,ZERO_INTENT,3.4576320838928183,0,,,,,,,,,,,,,,,,,,,,,,,,,,,,,0.0,0.0,0.0
1.0833333333333333,-64.0,-11.2,2.8,0.0,0.0,0.0,0.0,0.0,0.0,ZERO_INTENT,3.4576320838928183,0,,,,,,,,,,,,,,,,,,,,,,,,,,,,,0.0,0.0,0.0
1.1,-64.0,-11.2,2.8,0.0,0.0,0.0,0.0,0.0,0.0,ZERO_INTENT,3.4576320838928183,0,,,,,,,,,,,,,,,,,,,,,,,,,,,,,0.0,0.0,0.0
1.1166666666666667,-64.0,-11.2,2.8,0.0,0.0,0.0,0.0,0.0,0.0,ZERO_INTENT,3.4576320838928183,0,,,,,,,,,,,,,,,,,,,,,,,,,,,,,0.0,0.0,0.0
1.1333333333333333,-64.0,-11.2,2.8,0.0,0.0,0.0,0.0,0.0,0.0,ZERO_INTENT,3.4576320838928183,0,,,,,,,,,,,,,,,,,,,,,,,,,,,,,0.0,0.0,0.0
1.15,-64.0,-11.2,2.8,0.0,0.0,0.0,0.0,0.0,0.0,ZERO_INTENT,3.4576320838928183,0,,,,,,,,,,,,,,,,,,,,,,,,,,,,,0.0,0.0,0.0
1.1666666666666667,-64.0,-11.2,2.8,0.0,0.0,0.0,0.0,0.0,0.0,ZERO_INTENT,3.4576320838928183,0,,,,,,,,,,,,,,,,,,,,,,,,,,,,,0.0,0.0,0.0
1.1833333333333333,-64.0,-11.2,2.8,0.0,0.0,0.0,0.0,0.0,0.0,ZERO_INTENT,3.4576320838928183,0,,,,,,,,,,,,,,,,,,,,,,,,,,,,,0.0,0.0,0.0
1.2,-64.0,-11.2,2.8,0.0,0.0,0.0,0.0,0.0,0.0,ZERO_INTENT,3.4576320838928183,0,,,,,,,,,,,,,,,,,,,,,,,,,,,,,0.0,0.0,0.0
1.2166666666666666,-64.0,-11.2,2.8,0.0,0.0,0.0,0.0,0.0,0.0,ZERO_INTENT,3.4576320838928183,0,,,,,,,,,,,,,,,,,,,,,,,,,,,,,0.0,0.0,0.0
1.2333333333333334,-64.0,-11.2,2.8,0.0,0.0,0.0,0.0,0.0,0.0,ZERO_INTENT,3.4576320838928183,0,,,,,,,,,,,,,,,,,,,,,,,,,,,,,0.0,0.0,0.0
1.25,-64.0,-11.2,2.8,0.0,0.0,0.0,0.0,0.0,0.0,ZERO_INTENT,3.4576320838928183,0,,,,,,,,,,,,,,,,,,,,,,,,,,,,,0.0,0.0,0.0
1.2666666666666666,-64.0,-11.2,2.8,0.0,0.0,0.0,0.0,0.0,0.0,ZERO_INTENT,3.4576320838928183,0,,,,,,,,,,,,,,,,,,,,,,,,,,,,,0.0,0.0,0.0
1.2833333333333334,-64.0,-11.2,2.8,0.0,0.0,0.0,0.0,0.0,0.0,ZERO_INTENT,3.4576320838928183,0,,,,,,,,,,,,,,,,,,,,,,,,,,,,,0.0,0.0,0.0
1.3,-64.0,-11.2,2.8,0.0,0.0,0.0,0.0,0.0,0.0,ZERO_INTENT,3.4576320838928183,0,,,,,,,,,,,,,,,,,,,,,,,,,,,,,0.0,0.0,0.0
1.3166666666666667,-64.0,-11.2,2.8,0.0,0.0,0.0,0.0,0.0,0.0,ZERO_INTENT,3.4576320838928183,0,,,,,,,,,,,,,,,,,,,,,,,,,,,,,0.0,0.0,0.0
1.3333333333333333,-64.0,-11.2,2.8,0.0,0.0,0.0,0.0,0.0,0.0,ZERO_INTENT,3.4576320838928183,0,,,,,,,,,,,,,,,,,,,,,,,,,,,,,0.0,0.0,0.0
1.35,-64.0,-11.2,2.8,0.0,0.0,0.0,0.0,0.0,0.0,ZERO_INTENT,3.4576320838928183,0,,,,,,,,,,,,,,,,,,,,,,,,,,,,,0.0,0.0,0.0
1.3666666666666667,-64.0,-11.2,2.8,0.0,0.0,0.0,0.0,0.0,0.0,ZERO_INTENT,3.4576320838928183,0,,,,,,,,,,,,,,,,,,,,,,,,,,,,,0.0,0.0,0.0
1.3833333333333333,-64.0,-11.2,2.8,0.0,0.0,0.0,0.0,0.0,0.0,ZERO_INTENT,3.4576320838928183,0,,,,,,,,,,,,,,,,,,,,,,,,,,,,,0.0,0.0,0.0
1.4,-64.0,-11.2,2.8,0.0,0.0,0.0,0.0,0.0,0.0,ZERO_INTENT,3.4576320838928183,0,,,,,,,,,,,,,,,,,,,,,,,,,,,,,0.0,0.0,0.0
1.4166666666666667,-64.0,-11.2,2.8,0.0,0.0,0.0,0.0,0.0,0.0,ZERO_INTENT,3.4576320838928183,0,,,,,,,,,,,,,,,,,,,,,,,,,,,,,0.0,0.0,0.0
1.4333333333333333,-64.0,-11.2,2.8,0.0,0.0,0.0,0.0,0.0,0.0,ZERO_INTENT,3.4576320838928183,0,,,,,,,,,,,,,,,,,,,,,,,,,,,,,0.0,0.0,0.0
1.45,-64.0,-11.2,2.8,0.0,0.0,0.0,0.0,0.0,0.0,ZERO_INTENT,3.4576320838928183,0,,,,,,,,,,,,,,,,,,,,,,,,,,,,,0.0,0.0,0.0
1.4666666666666666,-64.0,-11.2,2.8,0.0,0.0,0.0,0.0,0.0,0.0,ZERO_INTENT,3.4576320838928183,0,,,,,,,,,,,,,,,,,,,,,,,,,,,,,0.0,0.0,0.0
1.4833333333333334,-64.0,-11.2,2.8,0.0,0.0,0.0,0.0,0.0,0.0,ZERO_INTENT,3.4576320838928183,0,,,,,,,,,,,,,,,,,,,,,,,,,,,,,0.0,0.0,0.0
1.5,-64.0,-11.2,2.8,0.0,0.0,0.0,0.0,0.0,0.0,ZERO_INTENT,3.4576320838928183,0,,,,,,,,,,,,,,,,,,,,,,,,,,,,,0.0,0.0,0.0
1.5166666666666666,-64.0,-11.2,2.8,0.0,0.0,0.0,0.0,0.0,0.0,ZERO_INTENT,3.4576320838928183,0,,,,,,,,,,,,,,,,,,,,,,,,,,,,,0.0,0.0,0.0
1.5333333333333334,-64.0,-11.2,2.8,0.0,0.0,0.0,0.0,0.0,0.0,ZERO_INTENT,3.4576320838928183,0,,,,,,,,,,,,,,,,,,,,,,,,,,,,,0.0,0.0,0.0
1.55,-64.0,-11.2,2.8,0.0,0.0,0.0,0.0,0.0,0.0,ZERO_INTENT,3.4576320838928183,0,,,,,,,,,,,,,,,,,,,,,,,,,,,,,0.0,0.0,0.0
1.5666666666666667,-64.0,-11.2,2.8,0.0,0.0,0.0,0.0,0.0,0.0,ZERO_INTENT,3.4576320838928183,0,,,,,,,,,,,,,,,,,,,,,,,,,,,,,0.0,0.0,0.0
1.5833333333333333,-64.0,-11.2,2.8,0.0,0.0,0.0,0.0,0.0,0.0,ZERO_INTENT,3.4576320838928183,0,,,,,,,,,,,,,,,,,,,,,,,,,,,,,0.0,0.0,0.0
1.6,-64.0,-11.2,2.8,0.0,0.0,0.0,0.0,0.0,0.0,ZERO_INTENT,3.4576320838928183,0,,,,,,,,,,,,,,,,,,,,,,,,,,,,,0.0,0.0,0.0
1.6166666666666667,-64.0,-11.2,2.8,0.0,0.0,0.0,0.0,0.0,0.0,ZERO_INTENT,3.4576320838928183,0,,,,,,,,,,,,,,,,,,,,,,,,,,,,,0.0,0.0,0.0
1.6333333333333333,-64.0,-11.2,2.8,0.0,0.0,0.0,0.0,0.0,0.0,ZERO_INTENT,3.4576320838928183,0,,,,,,,,,,,,,,,,,,,,,,,,,,,,,0.0,0.0,0.0
1.65,-64.0,-11.2,2.8,0.0,0.0,0.0,0.0,0.0,0.0,ZERO_INTENT,3.4576320838928183,0,,,,,,,,,,,,,,,,,,,,,,,,,,,,,0.0,0.0,0.0
1.6666666666666667,-64.0,-11.2,2.8,0.0,0.0,0.0,0.0,0.0,0.0,ZERO_INTENT,3.4576320838928183,0,,,,,,,,,,,,,,,,,,,,,,,,,,,,,0.0,0.0,0.0
1.6833333333333333,-64.0,-11.2,2.8,0.0,0.0,0.0,0.0,0.0,0.0,ZERO_INTENT,3.4576320838928183,0,,,,,,,,,,,,,,,,,,,,,,,,,,,,,0.0,0.0,0.0
1.7,-64.0,-11.2,2.8,0.0,0.0,0.0,0.0,0.0,0.0,ZERO_INTENT,3.4576320838928183,0,,,,,,,,,,,,,,,,,,,,,,,,,,,,,0.0,0.0,0.0
1.7166666666666666,-64.0,-11.2,2.8,0.0,0.0,0.0,0.0,0.0,0.0,ZERO_INTENT,3.4576320838928183,0,,,,,,,,,,,,,,,,,,,,,,,,,,,,,0.0,0.0,0.0
1.7333333333333334,-64.0,-11.2,2.8,0.0,0.0,0.0,0.0,0.0,0.0,ZERO_INTENT,3.4576320838928183,0,,,,,,,,,,,,,,,,,,,,,,,,,,,,,0.0,0.0,0.0
1.75,-64.0,-11.2,2.8,0.0,0.0,0.0,0.0,0.0,0.0,ZERO_INTENT,3.4576320838928183,0,,,,,,,,,,,,,,,,,,,,,,,,,,,,,0.0,0.0,0.0
1.7666666666666666,-64.0,-11.2,2.8,0.0,0.0,0.0,0.0,0.0,0.0,ZERO_INTENT,3.4576320838928183,0,,,,,,,,,,,,,,,,,,,,,,,,,,,,,0.0,0.0,0.0
1.7833333333333334,-64.0,-11.2,2.8,0.0,0.0,0.0,0.0,0.0,0.0,ZERO_INTENT,3.4576320838928183,0,,,,,,,,,,,,,,,,,,,,,,,,,,,,,0.0,0.0,0.0
1.8,-64.0,-11.2,2.8,0.0,0.0,0.0,0.0,0.0,0.0,ZERO_INTENT,3.4576320838928183,0,,,,,,,,,,,,,,,,,,,,,,,,,,,,,0.0,0.0,0.0
1.8166666666666667,-64.0,-11.2,2.8,0.0,0.0,0.0,0.0,0.0,0.0,ZERO_INTENT,3.4576320838928183,0,,,,,,,,,,,,,,,,,,,,,,,,,,,,,0.0,0.0,0.0
1.8333333333333333,-64.0,-11.2,2.8,0.0,0.0,0.0,0.0,0.0,0.0,ZERO_INTENT,3.4576320838928183,0,,,,,,,,,,,,,,,,,,,,,,,,,,,,,0.0,0.0,0.0
1.85,-64.0,-11.2,2.8,0.0,0.0,0.0,0.0,0.0,0.0,ZERO_INTENT,3.4576320838928183,0,,,,,,,,,,,,,,,,,,,,,,,,,,,,,0.0,0.0,0.0
1.8666666666666667,-64.0,-11.2,2.8,0.0,0.0,0.0,0.0,0.0,0.0,ZERO_INTENT,3.4576320838928183,0,,,,,,,,,,,,,,,,,,,,,,,,,,,,,0.0,0.0,0.0
1.8833333333333333,-64.0,-11.2,2.8,0.0,0.0,0.0,0.0,0.0,0.0,ZERO_INTENT,3.4576320838928183,0,,,,,,,,,,,,,,,,,,,,,,,,,,,,,0.0,0.0,0.0
1.9,-64.0,-11.2,2.8,0.0,0.0,0.0,0.0,0.0,0.0,ZERO_INTENT,3.4576320838928183,0,,,,,,,,,,,,,,,,,,,,,,,,,,,,,0.0,0.0,0.0
1.9166666666666667,-64.0,-11.2,2.8,0.0,0.0,0.0,0.0,0.0,0.0,ZERO_INTENT,3.4576320838928183,0,,,,,,,,,,,,,,,,,,,,,,,,,,,,,0.0,0.0,0.0
1.9333333333333333,-64.0,-11.2,2.8,0.0,0.0,0.0,0.0,0.0,0.0,ZERO_INTENT,3.4576320838928183,0,,,,,,,,,,,,,,,,,,,,,,,,,,,,,0.0,0.0,0.0
1.95,-64.0,-11.2,2.8,0.0,0.0,0.0,0.0,0.0,0.0,ZERO_INTENT,3.4576320838928183,0,,,,,,,,,,,,,,,,,,,,,,,,,,,,,0.0,0.0,0.0
1.9666666666666666,-64.0,-11.2,2.8,0.0,0.0,0.0,0.0,0.0,0.0,ZERO_INTENT,3.4576320838928183,0,,,,,,,,,,,,,,,,,,,,,,,,,,,,,0.0,0.0,0.0
1.9833333333333334,-64.0,-11.2,2.8,0.0,0.0,0.0,0.0,0.0,0.0,ZERO_INTENT,3.4576320838928183,0,,,,,,,,,,,,,,,,,,,,,,,,,,,,,0.0,0.0,0.0
2.0,-64.0,-11.2,2.8,0.0,0.0,0.0,1.9700609343114084,0.34476066350449647,0.0,ZERO_INTENT,3.4576320838928183,0,,,,,,,,,,,,,,,,,,,,,,,,,,,,,0.0,0.0,0.0
2.0166666666666666,-63.99999825498027,-11.199998936687976,2.8000005026695507,0.00010470118385336646,6.379872139285242e-05,3.0160173061112678e-05,1.9700609343114084,0.34476066350449647,0.0,DEPTH_PROPOSAL_CERTIFIED,3.4576299353247397,0,1,0,0,0,FULL_MOTION_CERTIFICATE,0,0,0,0,0,0,0,0,0,,2.083333333,1.97006093431,0.344760663504,0,0.829233376119,0.505285873431,0.238868570644,0.985030467156,0.172380331752,0,0.00138205562686,0.000842143122386,0.000398114284407,0.0013820556268644424,0.000842143122385655,0.00039811428440668877
2.033333333333333,-63.99999489713927,-11.19999689061788,2.800001469927626,0.00020147046020560304,0.00012276420571499886,5.803548452668652e-05,1.9700609362921975,0.3447606521857022,-7.73663796514134e-09,DEPTH_PROPOSAL_CERTIFIED,3.457625800986505,0,1,0,0,0,FULL_MOTION_CERTIFICATE,0,0,0,0,0,0,0,0,0,,2.1,1.97006093431,0.344760663504,0,0.829233376119,0.505285873431,0.238868570644,0.985030467156,0.172380331752,0,0.00414616696352,0.00252642941769,0.00119434287711,0.001382055631702894,0.0008421431144451883,0.00039811428440668877
2.05,-63.99998132356191,-11.199988619681042,2.8000053799258406,0.000814414641297768,0.0004962562103534431,0.00023459989286489071,1.9700609401037152,0.3447606304055972,-2.2623805599766698e-08,DEPTH_PROPOSAL_CERTIFIED,3.45760908890394,0,2,0,0,0,FULL_MOTION_CERTIFICATE,0,0,0,1,0,0,0,0,0,,2.116666666,1.97006093629,0.344760652186,-7.73663796514e-09,0.829233376119,0.505285873431,0.238868570644,0.985030468146,0.172380326093,-3.86831898257e-09,0.00829233365062,0.00505285866694,0.00238868567459,0.00829233365062221,0.005052858666942481,0.0023886856745909905
2.066666666666667,-63.99995830816734,-11.199974595458741,2.800012009729335,0.0013809236742628474,0.0008414533380808032,0.0003977882096623263,1.9700609555112139,0.34476054236271925,-8.280299522665056e-08,DEPTH_PROPOSAL_CERTIFIED,3.4575807532093727,0,2,0,0,0,FULL_MOTION_CERTIFICATE,0,0,0,1,0,0,0,0,0,,2.133333333,1.9700609401,0.344760630406,-2.26238055998e-08,0.829233376119,0.505285873431,0.238868570644,0.985030470052,0.172380315203,-1.13119027999e-08,0.0138205562686,0.00842143122386,0.00398114284407,0.008292333876436644,0.005052858296354491,0.0023886856745909905
2.0833333333333335,-63.999919586165156,-11.199951000558613,2.800023163970499,0.0023233201312730213,0.0014156940076635385,0.000669254469844489,1.9700609816362034,0.3447603930769381,-1.8484302241696648e-07,DEPTH_PROPOSAL_CERTIFIED,3.4575330839803455,0,2,0,0,0,FULL_MOTION_CERTIFICATE,0,0,0,1,0,0,0,0,0,,2.15,1.97006095551,0.344760542363,-8.28029952267e-08,0.829233376119,0.505285873431,0.238868570644,0.985030477756,0.172380271181,-4.14014976133e-08,0.0207308345688,0.0126321469368,0.00597171431387,0.013820556906797189,0.008421430176572936,0.0039811428440668884
2.1,-63.99985762234978,-11.19991324347378,2.8000410132367186,0.0037178289227897425,0.002265425089950711,0.0010709559731800601,1.9700610255898923,0.3447601419125699,-3.5651925114998185e-07,DEPTH_PROPOSAL_CERTIFIED,3.457456812670594,0,2,0,0,0,FULL_MOTION_CERTIFICATE,0,0,0,1,0,0,0,0,0,,2.166666666,1.97006098164,0.344760393077,-1.84843022417e-07,0.829233376119,0.505285873431,0.238868570644,0.985030490818,0.172380196538,-9.24215112085e-08,0.0290231679707,0.0176850054522,0.0083603999168,0.020730836179293808,0.012632144293854257,0.005971714313874047
2.1166666666666667,-63.99976370734418,-11.1998560172293,2.8000680663463013,0.005634900336112152,0.00343357466882405,0.0016231865749697857,1.9700610959255245,0.34475973999340853,-6.312396246256767e-07,DEPTH_PROPOSAL_CERTIFIED,3.457341236215537,0,2,0,0,0,FULL_MOTION_CERTIFICATE,0,0,0,1,0,0,0,0,0,,2.183333333,1.97006102559,0.344760141913,-3.5651925115e-07,0.829233376119,0.505285873431,0.238868570644,0.985030512795,0.172380070956,-1.78259625575e-07,0.0386975575522,0.0235800074268,0.0111471999634,0.029023171578645635,0.017684999531078837,0.008360399916804467
2.1333333333333333,-63.99962804655006,-11.19977335358483,2.800107144725314,0.008139647647272132,0.0049598186682349304,0.0023447027407589877,1.9700612025291098,0.34475913082681486,-1.0476180905546695e-06,DEPTH_PROPOSAL_CERTIFIED,3.457174335530179,0,2,0,0,0,FULL_MOTION_CERTIFICATE,0,0,0,1,0,0,0,0,0,,2.2,1.97006109593,0.344759739993,-6.31239624626e-07,0.829233376119,0.505285873431,0.238868570644,0.985030547963,0.172379869997,-3.15619812313e-07,0.0497540028159,0.0303171525575,0.0143321143103,0.03869756484342399,0.023579995461047748,0.011147199963387288
2.15,-63.9994398423611,-11.1996586731327,2.800161358724995,0.011292251337427695,0.006880827127790914,0.0032528399808758315,1.9700613565184155,0.3447582508803843,-1.6490804396684067e-06,DEPTH_PROPOSAL_CERTIFIED,3.45694289002864,0,2,0,0,0,FULL_MOTION_CERTIFICATE,0,0,0,1,0,0,0,0,0,,2.216666666,1.97006120253,0.344759130827,-1.04761809055e-06,0.829233376119,0.505285873431,0.238868570644,0.985030601265,0.172379565413,-5.23809045277e-07,0.0621925029325,0.0378964403389,0.0179151427187,0.049754016357325716,0.030317130334374005,0.01433211431030137
2.1666666666666665,-63.99918737014805,-11.199504831601438,2.8002340857331838,0.015148332782723371,0.009230491875746238,0.004363620491315397,1.9700615701495918,0.3447570301147712,-2.4835001115095163e-06,DEPTH_PROPOSAL_CERTIFIED,3.456632589742658,0,2,0,0,0,FULL_MOTION_CERTIFICATE,0,0,0,1,0,0,0,0,0,,2.233333333,1.97006135652,0.34475825088,-1.64908043967e-06,0.829233376119,0.505285873431,0.238868570644,0.985030678259,0.17237912544,-8.24540219834e-07,0.0760130594775,0.0463178717312,0.0218962856424,0.062192526415330796,0.03789640180080131,0.01791514271867814
2.183333333333333,-63.998858048483996,-11.199304162650138,2.800328949944846,0.01975929984311027,0.012040137077915807,0.005691852699728459,1.9700618567308443,0.3447553924759359,-3.6028617339341946e-06,DEPTH_PROPOSAL_CERTIFIED,3.4562281465522493,0,2,0,0,0,FULL_MOTION_CERTIFICATE,0,0,0,1,0,0,0,0,0,,2.25,1.97006157015,0.344757030115,-2.48350011151e-06,0.829233376119,0.505285873431,0.238868570644,0.985030785075,0.172378515057,-1.24175005575e-06,0.0912156717047,0.0555814462796,0.0262755428664,0.07601309797983066,0.04631780854438468,0.021896285642367883
2.2,-63.9984385040521,-11.199048517423213,2.800449803664294,0.025172665913427553,0.015338713615571521,0.007251223166899739,1.97006223054262,0.34475325634981924,-5.062950341593787e-06,DEPTH_PROPOSAL_CERTIFIED,3.4557134059779773,0,2,0,0,0,FULL_MOTION_CERTIFICATE,0,0,0,1,0,0,0,0,0,,2.266666666,1.97006185673,0.344755392476,-3.60286173393e-06,0.829233376119,0.505285873431,0.238868570644,0.985030928365,0.172377696238,-1.80143086697e-06,0.107800338536,0.0656871633271,0.0310529140802,0.09121573197129677,0.055581347374970225,0.026275542866388883
2.216666666666667,-63.99789194649379,-11.19871547786482,2.8006072447280785,0.032793453499127274,0.01998237350356568,0.0094464638270595,1.9700627067637984,0.34475053498227987,-6.923064333819859e-06,DEPTH_PROPOSAL_CERTIFIED,3.4550436825651043,0,2,0,0,0,FULL_MOTION_CERTIFICATE,0,0,0,1,0,0,0,0,0,,2.283333333,1.97006223054,0.34475325635,-5.06295034159e-06,0.829233376119,0.505285873431,0.238868570644,0.985031115271,0.172376628175,-2.5314751708e-06,0.125767062045,0.0766350241371,0.036228399881,0.12576706204466429,0.07663502413709464,0.03622839988100867
2.2333333333333334,-63.997227997841456,-11.198310907467656,2.8007985013676886,0.039836919139690494,0.024274223829834976,0.011475398376601095,1.9700633271536694,0.3447469897139936,-9.346330249683845e-06,DEPTH_PROPOSAL_CERTIFIED,3.4542314079553833,0,2,0,0,0,FULL_MOTION_CERTIFICATE,0,0,0,1,0,0,0,0,0,,2.3,1.97006270676,0.344750534982,-6.92306433382e-06,0.829233376119,0.505285873431,0.238868570644,0.985031353382,0.172375267491,-3.46153216691e-06,0.145115841235,0.0884250281031,0.0418019999821,0.12576719995456206,0.07663479781032058,0.03622839988100867
2.25,-63.99643112101312,-11.197825338980802,2.801028049170942,0.047812609700439525,0.029134109211227794,0.013772868195202261,1.9700640807869623,0.3447426829418915,-1.2290101024449124e-05,DEPTH_PROPOSAL_CERTIFIED,3.4532583820173337,0,2,0,0,0,FULL_MOTION_CERTIFICATE,0,0,0,1,0,0,0,0,0,,2.316666666,1.97006332715,0.344746989714,-9.34633024968e-06,0.829233376119,0.505285873431,0.238868570644,0.985031663577,0.172373494857,-4.67316512484e-06,0.165846674781,0.101057174417,0.0477737140014,0.14511603454157807,0.08842471086422042,0.041801999982136594
2.2666666666666666,-63.99548521093953,-11.197248959092365,2.8013005273350617,0.05675460441525958,0.03458279330626588,0.01634868984718739,1.9700649852961638,0.3447375138560504,-1.5823282392313144e-05,DEPTH_PROPOSAL_CERTIFIED,3.452106029935416,0,2,0,0,0,FULL_MOTION_CERTIFICATE,0,0,0,1,0,0,0,0,0,,2.333333333,1.97006408079,0.344742682942,-1.22901010244e-05,0.829233376119,0.505285873431,0.238868570644,0.985032040393,0.172371341471,-6.14505051222e-06,0.187959565254,0.114531464644,0.0541435426793,0.16584693993606464,0.10105673926573083,0.047773714001406065
2.283333333333333,-63.9943736375862,-11.196571634650992,2.8016207262729593,0.06669440119958885,0.04063946648242053,0.01921193627386331,1.9700660589571748,0.3447313779513731,-2.00173057458165e-05,DEPTH_PROPOSAL_CERTIFIED,3.4507555340650016,0,2,0,0,0,FULL_MOTION_CERTIFICATE,0,0,0,1,0,0,0,0,0,,2.35,1.9700649853,0.344737513856,-1.58232823923e-05,0.829233376119,0.505285873431,0.238868570644,0.985032492648,0.172368756928,-7.91164119616e-06,0.211454511408,0.128847898028,0.0609114856575,0.18795992196840638,0.11453087923150759,0.05414354267930965
2.3,-63.99304787596208,-11.195763796311732,2.802002624208595,0.0795456974472441,0.04847030035556538,0.022913876138135798,1.970067320640167,0.3447241673039101,-2.4945939226213248e-05,DEPTH_PROPOSAL_CERTIFIED,3.449149998926625,0,2,0,0,0,FULL_MOTION_CERTIFICATE,0,0,0,1,0,0,0,0,0,,2.366666666,1.97006605896,0.344731377951,-2.00173057458e-05,0.829233376119,0.505285873431,0.238868570644,0.985033029479,0.172365688976,-1.00086528729e-05,0.236331511669,0.144006473608,0.0680775424823,0.23633151166863872,0.14400647360793284,0.06807754248226033
2.316666666666667,-63.99152415165756,-11.19483533279374,2.8024415469754733,0.09142345827095032,0.05570781107953702,0.026335366012690768,1.9700688254184897,0.3447155670463258,-3.0824389198114595e-05,DEPTH_PROPOSAL_CERTIFIED,3.4473116901418077,0,2,0,0,0,FULL_MOTION_CERTIFICATE,0,0,0,1,0,0,0,0,0,,2.383333333,1.97006732064,0.344724167304,-2.49459392262e-05,0.829233376119,0.505285873431,0.238868570644,0.98503366032,0.172362083652,-1.24729696131e-05,0.262590569104,0.160007193253,0.0756417140373,0.23633214032016253,0.14400544191198889,0.06807754248226033
2.3333333333333335,-63.989784306249945,-11.193775179800186,2.8029427252322816,0.1043907244567477,0.06360917961330882,0.030070695408492276,1.970070554861034,0.3447056823686327,-3.7580768231113045e-05,DEPTH_PROPOSAL_CERTIFIED,3.4452217386260924,0,2,0,0,0,FULL_MOTION_CERTIFICATE,0,0,0,1,0,0,0,0,0,,2.4,1.97006882542,0.344715567046,-3.08243891981e-05,0.829233376119,0.505285873431,0.238868570644,0.985034412709,0.172357783523,-1.54121945991e-05,0.290231682222,0.176850056055,0.0836039998926,0.2625913719234764,0.16000587572532515,0.07564171403727085
2.35,-63.987809811889086,-11.192572048001532,2.8035114960452567,0.1184696616516839,0.07218790791919175,0.03412624877850138,1.9700725295655366,0.34469439537008867,-4.5295663037496115e-05,DEPTH_PROPOSAL_CERTIFIED,3.442861656744349,0,2,0,0,0,FULL_MOTION_CERTIFICATE,0,0,0,1,0,0,0,0,0,,2.416666666,1.97007055486,0.344705682369,-3.75807682311e-05,0.829233376119,0.505285873431,0.238868570644,0.985035277431,0.172352841184,-1.87903841156e-05,0.319254849198,0.194535060901,0.0919643995228,0.2902326954299062,0.1768483932509639,0.08360399989261263
2.3666666666666667,-63.98558179928021,-11.191214440095363,2.8041532948263432,0.13368075653234907,0.08145647437006888,0.038507926865188745,1.970074770545715,0.34468158572471375,-5.4051317666888266e-05,DEPTH_PROPOSAL_CERTIFIED,3.4402135112259384,0,2,0,0,0,FULL_MOTION_CERTIFICATE,0,0,0,1,0,0,0,0,0,,2.433333333,1.97007252957,0.34469439537,-4.52956630375e-05,0.829238517676,0.505277939462,0.238867504477,0.985036264783,0.172347197685,-2.26478315187e-05,0.349660158488,0.213062078956,0.100722896349,0.3192561140764646,0.19453298507077027,0.09196439952277483
2.3833333333333333,-63.983081083432424,-11.18969066673584,2.8048736478618284,0.15004295086738692,0.09142640157141048,0.043221182129106334,1.970077299198942,0.3446671308578253,-6.393151274720842e-05,DEPTH_PROPOSAL_CERTIFIED,3.4372601060674874,0,2,0,0,0,FULL_MOTION_CERTIFICATE,0,0,0,1,0,0,0,0,0,,2.45,1.97007477055,0.344681585725,-5.40513176669e-05,0.829250586632,0.505258264263,0.238867224551,0.985037385273,0.172340792862,-2.70256588334e-05,0.381447915978,0.232430607547,0.10987948235,0.34966172175484944,0.2130595134277785,0.1007228963489011
2.4,-63.980303953987644,-11.187998468774824,2.8056736236837647,0.16662776668677043,0.10153187766098576,0.047998549316181846,1.9700801372757992,0.34465090611102384,-7.502145414366014e-05,DEPTH_PROPOSAL_CERTIFIED,3.4340035939505897,0,2,0,0,0,FULL_MOTION_CERTIFICATE,0,0,0,1,0,0,0,0,0,,2.466666666,1.9700772992,0.344667130858,-6.39315127472e-05,0.829250916439,0.505257844135,0.238866968258,0.985038649599,0.172333565429,-3.19657563736e-05,0.414618145969,0.252640608659,0.119434143031,0.3814498301590755,0.23242746610613368,0.1098794823496964
2.4166666666666665,-63.977250409835165,-11.186137847996614,2.8065532222105407,0.18321264914886345,0.1116372466925991,0.05277591160655365,1.9700832889579776,0.3446328872012012,-8.733774543339135e-05,DEPTH_PROPOSAL_CERTIFIED,3.4304512536132004,0,2,0,0,0,FULL_MOTION_CERTIFICATE,0,0,0,1,0,0,0,0,0,,2.483333333,1.97008013728,0.344650906111,-7.50214541437e-05,0.82925129757,0.505257478208,0.23886641914,0.985040068638,0.172325453056,-3.75107270718e-05,0.447788398574,0.272850591648,0.128988775085,0.41462045666097025,0.2526368164544742,0.11943414303103121
2.433333333333333,-63.973920452215495,-11.184108802283598,2.807512443269337,0.1997974571799917,0.12174274278094337,0.05755326352776269,1.970086754212618,0.3446130738946284,-0.00010088055676344143,DEPTH_PROPOSAL_CERTIFIED,3.4266110581259985,0,2,0,0,0,FULL_MOTION_CERTIFICATE,0,0,0,1,0,0,0,0,0,,2.5,1.97008328896,0.344632887201,-8.73377454334e-05,0.829251304048,0.505257473918,0.238866405727,0.985041644479,0.172316443601,-4.36688727167e-05,0.480958651534,0.293060574402,0.138543406404,0.4809586515341401,0.29306057440173894,0.13854340640407076
2.45,-63.970314077968695,-11.18191133682188,2.808551286860144,0.2163824548078467,0.13184792770305964,0.06233061544842925,1.970090533015362,0.34459146586691375,-0.00011565007395598258,DEPTH_PROPOSAL_CERTIFIED,3.4224916723619567,0,2,0,0,0,FULL_MOTION_CERTIFICATE,0,0,0,1,0,0,0,0,0,,2.516666666,1.97008675421,0.344613073895,-0.000100880556763,0.829251521696,0.505257265279,0.238866091459,0.985043377106,0.172306536947,-5.04402783817e-05,0.514128914766,0.313270544189,0.148098019445,0.48096186578730105,0.2930552992399451,0.13854340640407076
2.466666666666667,-63.96643128637402,-11.179545452754695,2.8096697528990227,0.23296749568040315,0.14195304403108236,0.06710796233271116,1.9700946253179823,0.34456806288801384,-0.00013164650258229595,DEPTH_PROPOSAL_CERTIFIED,3.4181024387071366,0,2,0,0,0,FULL_MOTION_CERTIFICATE,0,0,0,1,0,0,0,0,0,,2.533333333,1.97009053302,0.344591465867,-0.000115650073956,0.829251762629,0.505257035341,0.2388657414,0.985045266508,0.172295732933,-5.7825036978e-05,0.547299193955,0.333480501859,0.157652612765,0.51413263608282,0.3132644368086943,0.14809801944452844
2.4833333333333334,-63.9622720767801,-11.177011151109268,2.8108678412974735,0.24955257563504574,0.1520580987256526,0.07188530390704446,1.9700990310811535,0.3445428646348708,-0.00014887006401332345,DEPTH_PROPOSAL_CERTIFIED,3.41345336954759,0,2,0,0,0,FULL_MOTION_CERTIFICATE,0,0,0,1,0,0,0,0,0,,2.55,1.97009462532,0.344568062888,-0.000131646502582,0.829277288755,0.505215361321,0.23886526964,0.985047312659,0.172284031444,-6.58232512911e-05,0.580470997039,0.353687971495,0.167207177906,0.5473034592112378,0.3334735017338122,0.1576526127649579
2.5,-63.95783644732972,-11.174308434887163,2.812145551956792,0.26613776702293723,0.16216297332628293,0.07666263955911484,1.9701037502631045,0.3445158707562469,-0.00016732099664946675,DEPTH_PROPOSAL_CERTIFIED,3.4085551380667987,0,2,0,0,0,FULL_MOTION_CERTIFICATE,0,0,0,1,0,0,0,0,0,,2.566666666,1.97009903108,0.344542864635,-0.000148870064013,0.829277927044,0.505214528322,0.238864815513,0.985049515541,0.172271432317,-7.44350320067e-05,0.61364283741,0.373895388657,0.176761714526,0.5804758430909864,0.3536800180551136,0.16720717790550133
2.5166666666666666,-63.95312439940864,-11.171437301712183,2.81350288466175,0.2827228752649182,0.17226799049873126,0.0814399622974587,1.9701087828135662,0.34448708090727276,-0.0001869995558423182,DEPTH_PROPOSAL_CERTIFIED,3.4034190639140043,0,2,0,0,0,FULL_MOTION_CERTIFICATE,0,0,0,1,0,0,0,0,0,,2.583333333,1.97010375026,0.344515870756,-0.000167320996649,0.829278233314,0.505214233334,0.238864376139,0.985051875132,0.172257935378,-8.36604983247e-05,0.646814699217,0.394102788301,0.186316223823,0.6468146992170183,0.39410278830072343,0.18631622382276183
2.533333333333333,-63.948135928371926,-11.16839775920816,2.814939839412311,0.29930826220283135,0.1823725502414301,0.08621728503367049,1.97011412869501,0.3444564946279768,-0.00020790601226128189,DEPTH_PROPOSAL_CERTIFIED,3.398057108721633,0,2,0,0,0,FULL_MOTION_CERTIFICATE,0,0,0,1,0,0,0,0,0,,2.6,1.97010878281,0.344487080907,-0.000186999555842,0.829278554579,0.505213926755,0.23886390922,0.985054391407,0.172243540454,-9.34997779212e-05,0.679986582089,0.414310167841,0.195870702502,0.6468208175735444,0.3940927464735914,0.18631622382276183
2.55,-63.94287103291262,-11.165189809463,2.8164564160872354,0.31589372755825057,0.19247698470966068,0.09099460049545652,1.9701197878382288,0.34442411159723907,-0.00023004065701900668,DEPTH_PROPOSAL_CERTIFIED,3.3924818564972847,0,2,0,0,0,FULL_MOTION_CERTIFICATE,0,0,0,1,0,0,0,0,0,,2.616666666,1.9701141287,0.344456494628,-0.000207906012261,0.829278895832,0.505213601141,0.238863413169,0.985057064348,0.172228247314,-0.000103953006131,0.713158486106,0.434517524092,0.205425146976,0.6799933919719209,0.4142989909140622,0.19587070250161376
2.566666666666667,-63.93732971184566,-11.161813454360676,2.818052614557064,0.33247926401745037,0.20258130613937225,0.09577190818971727,1.9701257601872042,0.3443899313762048,-0.0002534037964919652,DEPTH_PROPOSAL_CERTIFIED,3.3867065030689507,0,2,0,0,0,FULL_MOTION_CERTIFICATE,0,0,0,1,0,0,0,0,0,,2.633333333,1.97011978784,0.344424111597,-0.000230040657019,0.829279257149,0.505213256388,0.238862887935,0.985059893919,0.172212055799,-0.00011502032851,0.746330417468,0.454724857362,0.214979555166,0.7131660244599829,0.4345051514132044,0.20542514697636635
2.5833333333333335,-63.931511964086845,-11.158268695615359,2.819728434683282,0.34906486552893207,0.21268552471896834,0.10054920757305909,1.970132045683693,0.34435395349632364,-0.00027799575407235714,DEPTH_PROPOSAL_CERTIFIED,3.3807448423100857,0,2,0,0,0,FULL_MOTION_CERTIFICATE,0,0,0,1,0,0,0,0,0,,2.65,1.97012576019,0.344389931376,-0.000253403796492,0.902158405735,0.415689667903,0.115378988382,0.985062880094,0.172194965688,-0.000126701898246,0.780121282776,0.473999428313,0.223299194864,0.7463387212573153,0.45471122824618937,0.21497955516552808
2.6,-63.92541725763088,-11.154556052837192,2.8214831214228453,0.3656823873576085,0.22275856669005348,0.10528120437379945,1.9701386442671267,0.3443161774598995,-0.00030381687016522394,DEPTH_PROPOSAL_CERTIFIED,3.374611392893894,0,2,0,0,0,FULL_MOTION_CERTIFICATE,0,0,0,1,0,0,0,0,0,,2.666666666,1.97013204568,0.344353953496,-0.000277995754072,0.902158405735,0.415689667903,0.115378988382,0.985066022842,0.172176976748,-0.000138997877036,0.814522851859,0.492337349948,0.230382910934,0.7801303711015752,0.4739844701746711,0.2232991948641391
2.6166666666666667,-63.91904461480612,-11.150676492061727,2.823315273433251,0.3823585694857094,0.2327736465278896,0.1099291206243544,1.9701455542812463,0.344276611869335,-0.0003308558773591062,DEPTH_PROPOSAL_CERTIFIED,3.368321347857919,0,2,0,0,0,FULL_MOTION_CERTIFICATE,0,0,0,1,0,0,0,0,0,,2.683333333,1.97013864427,0.34431617746,-0.000303816870165,0.902158405735,0.415689667903,0.115378988382,0.985069322134,0.17215808873,-0.000151908435083,0.849526399989,0.509734542352,0.236229522681,0.8145327389283479,0.4923209924113948,0.23038291093392824
2.6333333333333333,-63.912391093821384,-11.14663301082604,2.8252205599299307,0.39921125908402855,0.24260887414120458,0.11431718980076785,1.9701527727007908,0.34423527313834396,-0.0003590915702905467,DEPTH_PROPOSAL_CERTIFIED,3.3618909948061577,0,2,0,0,0,FULL_MOTION_CERTIFICATE,0,0,0,1,0,0,0,0,0,,2.7,1.97014555428,0.344276611869,-0.000330855877359,0.902158405735,0.415689667903,0.115378988382,0.985072777141,0.172138305935,-0.00016542793868,0.885122723336,0.526186745967,0.240837832474,0.885122723336201,0.5261867459674292,0.2408378324739438
2.65,-63.905456688115684,-11.142425620362884,2.827198980890368,0.4160643423420271,0.2524434277893397,0.11870525762623696,1.9701602903080966,0.34419221315099124,-0.00038845764079916035,DEPTH_PROPOSAL_CERTIFIED,3.35533624526115,0,2,0,0,0,FULL_MOTION_CERTIFICATE,0,0,0,1,0,0,0,0,0,,2.716666666,1.9701527727,0.344235273138,-0.000359091570291,0.902158405735,0.415689667903,0.115378988382,0.98507638635,0.172117636569,-0.000179545785145,0.921302180808,0.541689548054,0.244206638844,0.8851342232758078,0.526167400913262,0.2408378324739438
2.6666666666666665,-63.89823949039433,-11.138056348559553,2.829247645844848,0.43303186328102883,0.26215630819980107,0.12291989726879385,1.9701681070121977,0.3441474314724926,-0.00041895448467146494,DEPTH_PROPOSAL_CERTIFIED,3.348674081443349,0,2,0,0,0,FULL_MOTION_CERTIFICATE,0,0,0,1,0,0,0,0,0,,2.733333333,1.97016029031,0.344192213151,-0.000388457640799,0.902158405735,0.415689667903,0.115378988382,0.985080145154,0.172096106575,-0.0001942288204,0.958054746689,0.556238412202,0.246334748891,0.9213144928394906,0.5416686072832511,0.24420663884449575
2.683333333333333,-63.89073739624275,-11.133527513405081,2.8313632784939435,0.45012564909519837,0.27173010926832264,0.1269379589457307,1.9701762165980259,0.3441009627522191,-0.00045053799383477407,DEPTH_PROPOSAL_CERTIFIED,3.341922011904064,0,2,0,0,0,FULL_MOTION_CERTIFICATE,0,0,0,1,0,0,0,0,0,,2.75,1.97016810701,0.344147431472,-0.000418954484671,0.902158405735,0.415689667903,0.115378988382,0.985084053506,0.172073715736,-0.000209477242336,0.995370056729,0.569828705081,0.247220990129,0.9580678655959681,0.5562158158255716,0.24633474889078272
2.7,-63.882948149229236,-11.128841701491291,2.8335422565614556,0.4673548208106268,0.28114871482735415,0.13073868405071792,1.97018461200766,0.3440528464734076,-0.00048315812332390255,DEPTH_PROPOSAL_CERTIFIED,3.335098036932288,0,2,0,0,0,FULL_MOTION_CERTIFICATE,0,0,0,1,0,0,0,0,0,,2.766666666,1.9701762166,0.344100962752,-0.000450537993835,0.902158405735,0.415689667903,0.115378988382,0.985088108299,0.172050481376,-0.000225268996917,1.03323749127,0.582455738086,0.246864224725,0.9953839725637355,0.5698043963758195,0.24722099012907756
2.716666666666667,-63.87486723105671,-11.124004440835824,2.8357769331455924,0.4848550903515232,0.2902356393280198,0.13408059504821215,1.9701932854181343,0.34400312651618925,-0.0005167595024321537,DEPTH_PROPOSAL_CERTIFIED,3.3282214423436347,0,2,0,0,0,FULL_MOTION_CERTIFICATE,0,0,0,1,0,0,0,0,0,,2.783333333,1.97018461201,0.344052846473,-0.000483158123324,0.902158405735,0.415689667903,0.115378988382,0.985092306004,0.172026423237,-0.000241579061662,1.07129560118,0.594741843279,0.246069269733,1.0712956011791483,0.5947418432792929,0.2460692697329677
2.7333333333333334,-63.86649463441522,-11.119015745490783,2.838067308173572,0.5023557984894528,0.29932172070249313,0.1374225016787828,1.9702022203200538,0.34395189663264386,-0.0005512247609401189,DEPTH_PROPOSAL_CERTIFIED,3.321310094698479,0,3,0,0,0,FULL_MOTION_CERTIFICATE,0,0,0,1,0,0,0,0,0,,2.8,1.97019328542,0.344003126516,-0.000516759502432,0.902158405735,0.415689667903,0.115378988382,0.985096642709,0.172001563258,-0.000258379751216,1.10935371109,0.607027948473,0.245274314741,1.0713110650586277,0.5947139876747409,0.2460692697329677
2.75,-63.85782838161686,-11.113878205005335,2.840409858835931,0.5199751679014333,0.30825242912690237,0.14055303974153618,1.9702114166298188,0.34389915634608514,-0.0005865543227596336,DEPTH_PROPOSAL_CERTIFIED,3.3143830395427956,0,3,0,0,0,FULL_MOTION_CERTIFICATE,0,0,0,1,0,0,0,0,0,,2.816666666,1.97020222032,0.343951896633,-0.00055122476094,0.902158405735,0.415689667903,0.115378988382,0.98510111016,0.171975948316,-0.00027561238047,1.14741181871,0.619314052929,0.244479359796,1.1093699596325213,0.6069982530402498,0.24527431474063718
2.7666666666666666,-63.84886670996497,-11.108594224800212,2.842801340271743,0.5377002991133414,0.3170388123073758,0.14348888614871275,1.9702208666607237,0.3438449488161993,-0.0006226943481296677,DEPTH_PROPOSAL_CERTIFIED,3.3074595599784278,0,3,0,0,0,FULL_MOTION_CERTIFICATE,0,0,0,1,0,0,0,0,0,,2.833333333,1.97021141663,0.343899156346,-0.00058655432276,0.902158405735,0.415689667903,0.115378988382,0.985105708315,0.171949578173,-0.00029327716138,1.18546992862,0.631600158123,0.243684404804,1.1474288571793345,0.6192824844809395,0.24447935979600396
2.783333333333333,-63.839608043035085,-11.103166040982083,2.8452387589903796,0.5555200157932996,0.3256910290877146,0.1462451231182135,1.970230563309298,0.34378931387696704,-0.0006595952778001159,DEPTH_PROPOSAL_CERTIFIED,3.3005591600846556,0,3,0,0,0,FULL_MOTION_CERTIFICATE,0,0,0,1,0,0,0,0,0,,2.85,1.97022086666,0.343844948816,-0.00062269434813,0.902158405735,0.415689667903,0.115378988382,0.98511043333,0.171922474408,-0.000311347174065,1.22352803853,0.643886263317,0.242889449811,1.1854877625244664,0.631566683972281,0.24368440480367343
2.8,-63.83005096635129,-11.097595734101787,2.847719349054661,0.5734246010276872,0.33421841281776427,0.14883540385686492,1.9702405000033631,0.34373228833312774,-0.0006972114237297483,DEPTH_PROPOSAL_CERTIFIED,3.293701550400916,0,3,0,0,0,FULL_MOTION_CERTIFICATE,0,0,0,1,0,0,0,0,0,,2.866666666,1.97023056331,0.343789313877,-0.0006595952778,0.902158405735,0.415689667903,0.115378988382,0.985115281655,0.171894656938,-0.0003297976389,1.26158614615,0.656172367773,0.242094494867,1.2235466736288665,0.643850851205554,0.24288944981134294
2.816666666666667,-63.8201942067223,-11.09188524185098,2.8502405507597324,0.5914055777390854,0.34262953504850635,0.15127210230429092,1.9702506706548568,0.3436739062293663,-0.000735500602302879,DEPTH_PROPOSAL_CERTIFIED,3.2869066350030973,0,3,0,0,0,FULL_MOTION_CERTIFICATE,0,0,0,1,0,0,0,0,0,,2.883333333,1.9702405,0.343732288333,-0.00069721142373,0.902158405735,0.415689667903,0.115378988382,0.985120250002,0.171866144167,-0.000348605711865,1.29964425606,0.668458472967,0.241299539874,1.261605588439387,0.6561349858103384,0.24209449486670975
2.8333333333333335,-63.81003661463091,-11.086036370725992,2.852799991552838,0.6094555254835304,0.35093226749929946,0.1535664475863588,1.9702610696170981,0.3436141990940664,-0.0007744238059749158,DEPTH_PROPOSAL_CERTIFIED,3.28019449981492,0,3,0,0,0,FULL_MOTION_CERTIFICATE,0,0,0,1,0,0,0,0,0,,2.9,1.97025067065,0.343673906229,-0.000735500602303,0.902158405735,0.415689667903,0.115378988382,0.985125335327,0.171836953115,-0.000367750301151,1.33770236596,0.680744578161,0.240504584882,1.299664511739549,0.6684190895750299,0.24129953987437927
2.85,-63.79957627035335,-11.080052265571684,2.85539354952921,0.6276206566537386,0.35904630925854264,0.15561347858231034,1.9702716916461485,0.3435531961596464,-0.0008139449094235245,DEPTH_PROPOSAL_CERTIFIED,3.2735857968952775,0,3,0,0,0,FULL_MOTION_CERTIFICATE,0,0,0,1,0,0,0,0,0,,2.916666666,1.97026106962,0.343614199094,-0.000774423805975,0.902158405735,0.415689667903,0.115378988382,0.985130534809,0.171807099547,-0.000387211902987,1.37417471917,0.692518761619,0.239742753059,1.3741747191676834,0.6925187616185648,0.23974275305878376
2.8666666666666667,-63.78881316584969,-11.073932944365037,2.858021224595091,0.6457862702194154,0.3671592723987778,0.1576605039528614,1.9702825276733367,0.34349094868390406,-0.0008540008188472267,DEPTH_PROPOSAL_CERTIFIED,3.267100476022014,0,3,0,0,0,FULL_MOTION_CERTIFICATE,0,0,0,1,0,0,0,0,0,,2.933333333,1.97027169165,0.34355319616,-0.000813944909424,0.902158405735,0.415689667903,0.115378988382,0.985135845823,0.17177659808,-0.000406972454712,1.40906131995,0.703781024723,0.239014044315,1.374196596398421,0.6924753486155932,0.23974275305878376
2.8833333333333333,-63.77774650334683,-11.06767976917342,2.860681253377036,0.6639997501711552,0.3751905114969646,0.1596017269166971,1.9702935776358135,0.3434274561421574,-0.0008945919705655708,DEPTH_PROPOSAL_CERTIFIED,3.2607590837400644,0,3,0,0,0,FULL_MOTION_CERTIFICATE,0,0,0,1,0,0,0,0,0,,2.95,1.97028252767,0.343490948684,-0.000854000818847,0.902158405735,0.415689667903,0.115378988382,0.985141263837,0.171745474342,-0.000427000409424,1.44236216612,0.714531366767,0.238318458697,1.4090839974747364,0.7037356195292132,0.2390140443151517
2.9,-63.76637557971643,-11.061293968481335,2.863372051526825,0.6822554178242562,0.3831480415250842,0.16144788898734347,1.9703048376193355,0.34336274016705576,-0.0009356916235680136,DEPTH_PROPOSAL_CERTIFIED,3.2545823071372375,0,3,0,0,0,FULL_MOTION_CERTIFICATE,0,0,0,1,0,0,0,0,0,,2.966666666,1.97029357764,0.343427456142,-0.000894591970566,0.902158405735,0.415689667903,0.115378988382,0.985146788818,0.171713728071,-0.000447295985283,1.47407725587,0.724769787168,0.237655996242,1.4423856334938863,0.7144839932641389,0.23831845869686252
2.9166666666666665,-63.75469977266443,-11.054776652620756,2.86609219198057,0.7005484231201601,0.39103895163475044,0.1632084272247013,1.9703163041039808,0.3432968201339012,-0.0009772757956174188,DEPTH_PROPOSAL_CERTIFIED,3.248590970436137,0,3,0,0,0,FULL_MOTION_CERTIFICATE,0,0,0,1,0,0,0,0,0,,2.983333333,1.97030483762,0.343362740167,-0.000935691623568,0.902158405735,0.415689667903,0.115378988382,0.98515241881,0.171681370084,-0.000467845811784,1.50420659291,0.734496287124,0.237026656872,1.474101502170894,0.724720471598653,0.2376559962416766
2.933333333333333,-63.742717899314876,-11.048129951659046,2.8688386768496486,0.7189124009732863,0.3988020577025912,0.1647890921447072,1.9703279739174104,0.3432297134271464,-0.0010193229286168423,DEPTH_PROPOSAL_CERTIFIED,3.2428062498077312,0,3,0,0,0,FULL_MOTION_CERTIFICATE,0,0,0,1,0,0,0,0,0,,3,1.9703163041,0.343296820134,-0.000977275795617,0.931832755418,0.362796684375,-0.00814135964104,0.985158152052,0.171648410067,-0.000488637897809,1.5341110245,0.743415486853,0.23495667116,1.5341110245009564,0.7434154868527308,0.23495667116015986
2.95,-63.73042995104,-11.041353885989235,2.87161150604447,0.7372768964925497,0.40656394018863007,0.166369751689296,1.9703398409904174,0.34316145414909116,-0.0010617872378825837,DEPTH_PROPOSAL_CERTIFIED,3.2372490053373792,0,4,0,0,0,FULL_MOTION_CERTIFICATE,0,0,0,1,0,0,0,0,0,,3.016666666,1.97032797392,0.343229713427,-0.00101932292862,0.931832755418,0.362796684375,-0.00814135964104,0.985163986959,0.171614856714,-0.000509661464308,1.5636127038,0.751497132905,0.231503184903,1.5341367766702383,0.7433623423712744,0.23495667116015986
2.966666666666667,-63.71783519516562,-11.034449775721743,2.8744085176503242,0.7556853524627033,0.4142466160494794,0.1678206963512443,1.9703519052688245,0.34309204174615904,-0.0011046691648025956,DEPTH_PROPOSAL_CERTIFIED,3.2319404997867127,0,4,0,0,0,FULL_MOTION_CERTIFICATE,0,0,0,1,0,0,0,0,0,,3.033333333,1.97033984099,0.343161454149,-0.00106178723788,0.931832755418,0.362796684375,-0.00814135964104,0.985169920495,0.171580727075,-0.000530893618941,1.59253656625,0.758721572416,0.226742373014,1.563639175454153,0.7514420518123368,0.23150318490274804
2.9833333333333334,-63.70493284132366,-11.0274190732732,2.8772271861522274,0.7741412305176624,0.42184214691263267,0.16912011011420142,1.970364163001309,0.3430214969991357,-0.0011479358100316371,DEPTH_PROPOSAL_CERTIFIED,3.2269021076205973,0,4,0,0,0,FULL_MOTION_CERTIFICATE,0,0,0,1,0,0,0,0,0,,3.05,1.97035190527,0.343092041746,-0.0011046691648,0.931832755418,0.362796684375,-0.00814135964104,0.985175952634,0.171546020873,-0.000552334582401,1.62071499777,0.765080515822,0.220767877801,1.592563728140009,0.7586645577065322,0.2267423730137152
3.0,-63.69172206218358,-11.020263347176432,2.8800646704446815,0.7926467484050161,0.42934356580603333,0.17024905754723668,1.970376610074023,0.342949842812327,-0.001191548657288378,DEPTH_PROPOSAL_CERTIFIED,3.222155291590083,0,4,0,0,0,FULL_MOTION_CERTIFICATE,0,0,0,1,0,0,0,0,0,,3.066666666,1.970364163,0.343021496999,-0.00114793581003,0.931832755418,0.362796684375,-0.00814135964104,0.985182081501,0.1715107485,-0.000573967905016,1.64799206125,0.770577077436,0.213688116309,1.6207428178032863,0.7650215802419373,0.220767877800986
3.0166666666666666,-63.67820201291483,-11.012984266210484,2.8829178606238166,0.8112029561248829,0.43674485795686413,0.1711914107481144,1.9703892420626568,0.3428771039187198,-0.001235464310181886,DEPTH_PROPOSAL_CERTIFIED,3.2177215818657694,0,4,0,0,0,FULL_MOTION_CERTIFICATE,0,0,0,1,0,0,0,0,0,,3.083333333,1.97037661007,0.342949842812,-0.00119154865729,0.931832755418,0.362796684375,-0.00814135964104,0.985188305037,0.171474921406,-0.000595774328644,1.6742267914,0.775225107176,0.205622804336,1.6480205050590073,0.7705162432584327,0.21368811630851
3.033333333333333,-63.664371848850884,-11.005583584016412,2.885783422796583,0.8298098438370178,0.4440409316443287,0.1719337303659942,1.9704020542829643,0.3428033065931572,-0.0012796352105067304,DEPTH_PROPOSAL_CERTIFIED,3.2136225577646202,0,4,0,0,0,FULL_MOTION_CERTIFICATE,0,0,0,1,0,0,0,0,0,,3.1,1.97038924206,0.342877103919,-0.00123546431018,0.931832755418,0.362796684375,-0.00814135964104,0.985194621031,0.171438551959,-0.000617732155091,1.69929527002,0.779047958318,0.196699170944,1.6742558228955506,0.7751624057786656,0.2056228043364918
3.05,-63.65023074099735,-10.99806312437326,2.888657841239652,0.8484664712119354,0.45122757858906276,0.17246510658414768,1.970415041839099,0.3427284783773848,-0.001324010326224404,DEPTH_PROPOSAL_CERTIFIED,3.2098798321445083,0,4,0,0,0,FULL_MOTION_CERTIFICATE,0,0,0,1,0,0,0,0,0,,3.116666666,1.97040205428,0.342803306593,-0.00127963521051,0.931832755418,0.362796684375,-0.00814135964104,0.985201027141,0.171401653297,-0.000639817605253,1.72309147955,0.78207692027,0.187048315393,1.699324851953928,0.778983429605402,0.1966991709440729
3.066666666666667,-63.63577788920124,-10.990424767279288,2.8915374574195147,0.8671711077665538,0.4583014256382764,0.17277697079175167,1.9704281996691395,0.3426526478205015,-0.0013685357988490797,DEPTH_PROPOSAL_CERTIFIED,3.2065150385507937,0,4,0,0,0,FULL_MOTION_CERTIFICATE,0,0,0,1,0,0,0,0,0,,3.133333333,1.97041504184,0.342728478377,-0.00132401032622,0.931832755418,0.362796684375,-0.00814135964104,0.98520752092,0.171364239189,-0.000662005163112,1.74552709084,0.784349546857,0.176802057663,1.7231215740237344,0.7820106119849837,0.18704831539275912
3.0833333333333335,-63.621012532954026,-10.982670435927396,2.8944185056085083,0.8859213748328946,0.46525988111347677,0.17286289133962535,1.9704415225873626,0.34257584423746057,-0.0014131555427041836,DEPTH_PROPOSAL_CERTIFIED,3.2035498211940636,0,4,0,0,0,FULL_MOTION_CERTIFICATE,0,0,0,1,0,0,0,0,0,,3.15,1.97042819967,0.342652647821,-0.00136853579885,0.931832755418,0.362796684375,-0.00814135964104,0.985214099835,0.17132632391,-0.000684267899425,1.76653046115,0.785908072227,0.166090479363,1.7455576597617335,0.784281513839016,0.1768020576625291
3.1,-63.605933959923355,-10.974802084596364,2.8972971450574105,0.9047143818402841,0.4721010798619726,0.17271836693412035,1.9704550053230219,0.3424980974870221,-0.0014578117919520864,DEPTH_PROPOSAL_CERTIFIED,3.201005827824451,0,4,0,0,0,FULL_MOTION_CERTIFICATE,0,0,0,1,0,0,0,0,0,,3.166666666,1.97044152259,0.342575844237,-0.0014131555427,0.931832755418,0.362796684375,-0.00814135964104,0.985220761294,0.171287922119,-0.000706577771352,1.786045178,0.786798043044,0.155040188104,1.766561466666362,0.7858383756437787,0.1660904793628691
3.1166666666666667,-63.5905415123892,-10.966821687416564,2.900169488877119,0.9235468520493999,0.4788238307880267,0.17234062918250012,1.970468642555633,0.3424194377692298,-0.001502445594779531,DEPTH_PROPOSAL_CERTIFIED,3.1985590068824084,0,5,0,0,0,FULL_MOTION_CERTIFICATE,0,0,0,1,0,0,0,0,0,,3.183333333,1.97045500532,0.342498097487,-0.00145781179195,0.931832755418,0.362796684375,-0.00814135964104,0.985227502662,0.171249048744,-0.000728905895976,1.804028405,0.78706722528,0.143773251944,1.7860765828454892,0.7867267496335764,0.15504018810394152
3.1333333333333333,-63.574834591804006,-10.958731227914095,2.9030316299320664,0.9424152351118857,0.4854275701480968,0.17172846329684768,1.9704824289469576,0.3423398954413355,-0.0015469972570795506,DEPTH_PROPOSAL_CERTIFIED,3.196350342577917,0,5,0,0,0,FULL_MOTION_CERTIFICATE,0,0,0,1,0,0,0,0,0,,3.2,1.97046864256,0.342419437769,-0.00150244559478,0.931832755418,0.362796684375,-0.00814135964104,0.985234321278,0.171209718885,-0.00075122279739,1.82044922456,0.786764797771,0.132406700028,1.8040601728035024,0.7869944066171037,0.14377325194391227
3.15,-63.55881266170974,-10.950532689192341,2.9058796641566116,0.9613158056561983,0.4919123233052396,0.170882053472715,1.9704963591700413,0.3422595008501573,-0.0015914067402877546,DEPTH_PROPOSAL_CERTIFIED,3.1946273226947794,0,5,0,0,0,FULL_MOTION_CERTIFICATE,0,0,0,1,0,0,0,0,0,,3.216666666,1.97048242895,0.342339895441,-0.00154699725708,0.931832755418,0.362796684375,-0.00814135964104,0.985241214473,0.171169947721,-0.00077349862854,1.83514135448,0.785878387681,0.121042838844,1.8204813201175591,0.7866905295688632,0.13240670002816385
3.1666666666666665,-63.542475248109206,-10.942228049032247,2.9087097052388655,0.9802448160319296,0.4982784096057242,0.1698024649352437,1.9705104279357861,0.3421782841781508,-0.0016356140197091257,DEPTH_PROPOSAL_CERTIFIED,3.1934218511721406,0,5,0,0,0,FULL_MOTION_CERTIFICATE,0,0,0,1,0,0,0,0,0,,3.233333333,1.97049635917,0.34225950085,-0.00159140674029,0.931832755418,0.362796684375,-0.00814135964104,0.985248179585,0.171129750425,-0.000795703370144,1.83826562959,0.780290285923,0.109208721168,1.835173741417425,0.7858027551342437,0.12104283884395095
3.183333333333333,-63.525821867924556,-10.93381958996064,2.911517433489732,0.9992028110790134,0.5045075442963911,0.16846369505200337,1.9705246300055879,0.3420962753697651,-0.0016795593097681239,DEPTH_PROPOSAL_CERTIFIED,3.1927663595796036,0,5,0,0,0,FULL_MOTION_CERTIFICATE,0,0,0,2,0,0,0,0,0,,3.25,1.97051042794,0.342178284178,-0.00163561401971,0.931832755418,0.362796684375,-0.00814135964104,0.985255213968,0.171089142089,-0.000817807009855,1.84072106343,0.775507215833,0.0986716591555,1.8382980995721125,0.7802137862985745,0.10920872116824297
3.2,-63.50885217556844,-10.92530929979495,2.914298929135424,1.0181815413666992,0.5106174099413967,0.16688973874153065,1.9705389593575096,0.34201350897059485,-0.001723176091871546,DEPTH_PROPOSAL_CERTIFIED,3.1926937747594297,0,5,0,0,0,FULL_MOTION_CERTIFICATE,0,0,0,2,0,0,0,0,0,,3.266666666,1.97052463001,0.34209627537,-0.00167955930977,0.931832755418,0.362796684375,-0.00814135964104,0.985262315003,0.171048137685,-0.000839779654884,1.84263431812,0.77148139192,0.0895167692226,1.84075363221331,0.7754299069958014,0.09867165915552047
3.216666666666667,-63.49156593365903,-10.916698884559601,2.917050718521765,1.0371745145644995,0.5166249141209138,0.16510736318045346,1.9705534108028238,0.3419300147549462,-0.0017664039854173887,DEPTH_PROPOSAL_CERTIFIED,3.1932375063861365,0,5,0,0,0,FULL_MOTION_CERTIFICATE,0,0,0,2,0,0,0,0,0,,3.283333333,1.97053895936,0.342013508971,-0.00172317609187,0.931832755418,0.362796684375,-0.00814135964104,0.985269479679,0.171006754485,-0.000861588045936,1.84422759032,0.768005026458,0.0815016562967,1.842667002455533,0.7714033228081594,0.08951676922255072
3.2333333333333334,-63.473962974780186,-10.907989853559219,2.9197696993228472,1.056177532730883,0.5225418600229941,0.1631388480649537,1.9705679799372644,0.34184581799321334,-0.0018091894648753731,DEPTH_PROPOSAL_CERTIFIED,3.1944314296957703,0,6,0,0,0,FULL_MOTION_CERTIFICATE,0,0,0,2,0,0,0,0,0,,3.3,1.9705534108,0.341930014755,-0.00176640398542,0.931832755418,0.362796684375,-0.00814135964104,0.985276705401,0.170965007377,-0.000883201992709,1.84570016009,0.764792022022,0.0740937489078,1.8442604008829697,0.7679262329886032,0.08150165629674629
3.25,-63.4560431721179,-10.899183640961422,2.922452946874257,1.0751881597371522,0.5283727558677781,0.16099485308459868,1.9705826629020975,0.3417609408256839,-0.0018514847072989666,DEPTH_PROPOSAL_CERTIFIED,3.196309855662659,0,6,0,0,0,FULL_MOTION_CERTIFICATE,0,0,0,2,0,0,0,0,0,,3.316666666,1.97056797994,0.341845817993,-0.00180918946488,0.931832755418,0.362796684375,-0.00814135964104,0.985283989969,0.170922908997,-0.000904594732438,1.84706117145,0.761822427196,0.067247047046,1.84573309714419,0.7647125289991101,0.07409374890776811
3.2666666666666666,-63.43780643373893,-10.890281609542177,2.925097702659588,1.0942043027383355,0.5341218851546637,0.15868534711984866,1.9705974560562116,0.3416754041625878,-0.0018932446009730308,DEPTH_PROPOSAL_CERTIFIED,3.1989075043314226,0,6,0,0,0,FULL_MOTION_CERTIFICATE,0,0,0,2,0,0,0,0,0,,3.333333333,1.9705826629,0.341760940826,-0.0018514847073,0.931832755418,0.362796684375,-0.00814135964104,0.985291331451,0.170880470413,-0.000925742353649,1.84831907598,0.759077801501,0.0609190343189,1.8470942352728135,0.7617422580486815,0.06724704704604179
3.283333333333333,-63.41925269761131,-10.881285054366764,2.9277013634575586,1.1132241676569115,0.5397933105248017,0.1562196478782384,1.970612355963416,0.341589227754868,-0.0019344265682397707,DEPTH_PROPOSAL_CERTIFIED,3.202259478679014,0,6,0,0,0,FULL_MOTION_CERTIFICATE,0,0,0,2,0,0,0,0,0,,3.35,1.97059745606,0.341675404163,-0.00189324460097,0.987720648835,0.155447413587,-0.0156211866992,0.985298728028,0.170837702081,-0.000946622300487,1.85000874995,0.754723761014,0.0545572996369,1.8483522668053312,0.7589969783563104,0.060919034318866395
3.3,-63.40038172581369,-10.87219599632918,2.930261253702931,1.132258307857509,0.5453434822550088,0.15359341472232743,1.9706273593802643,0.34150243026205895,-0.001974990398482741,DEPTH_PROPOSAL_CERTIFIED,3.206401020624719,0,6,0,0,0,FULL_MOTION_CERTIFICATE,0,0,0,2,0,0,0,0,0,,3.366666666,1.97061235596,0.341589227755,-0.00193442656824,0.987720648835,0.155447413587,-0.0156211866992,0.985306177982,0.170794613877,-0.00096721328412,1.85212824886,0.748759450647,0.0481879599498,1.8500419879607302,0.7546422815560612,0.05455729963688286
3.316666666666667,-63.3811931083147,-10.863017220499302,2.9327746354838733,1.151317049939184,0.5507265497926822,0.1508029068565345,1.9706424611016953,0.34141504170479214,-0.0020148947287755617,DEPTH_PROPOSAL_CERTIFIED,3.2113673319711697,0,6,0,0,0,FULL_MOTION_CERTIFICATE,0,0,0,2,0,0,0,0,0,,3.383333333,1.97062735938,0.341502430262,-0.00197499039848,0.987720648835,0.155447413587,-0.0156211866992,0.98531367969,0.170751215131,-0.000987495199241,1.85467533511,0.741184390669,0.041839452829,1.8521614484781093,0.7486773229637287,0.04818795994982347
3.3333333333333335,-63.361686272034284,-10.85375231775468,2.9352387214960984,1.1704101768249369,0.555894164677351,0.14784516073350557,1.970657653863786,0.3413271040406626,-0.0020540971965365452,DEPTH_PROPOSAL_CERTIFIED,3.217193371431717,0,6,0,0,0,FULL_MOTION_CERTIFICATE,0,0,0,2,0,0,0,0,0,,3.4,1.9706424611,0.341415041705,-0.00201489472878,0.987720648835,0.155447413587,-0.0156211866992,0.985321230551,0.170707520852,-0.00100744736439,1.85764738838,0.73199860137,0.0355432151957,1.854708405085948,0.7411016338925028,0.041839452829010096
3.35,-63.341860496073046,-10.844405729350685,2.937650691827741,1.1895465576741284,0.5607953042396683,0.14471821989853928,1.9706729282402826,0.34123867177674544,-0.002092554637922602,DEPTH_PROPOSAL_CERTIFIED,3.2239136251857854,0,7,0,0,0,FULL_MOTION_CERTIFICATE,0,0,0,2,0,0,0,0,0,,3.416666666,1.97065765386,0.341327104041,-0.00205409719654,0.987720648835,0.155447413587,-0.0156211866992,0.985328826932,0.17066355202,-0.00102704859827,1.86104127498,0.721202796897,0.0293346316987,1.8576802319171646,0.7319152463831327,0.035543215195658215
3.3666666666666667,-63.321714934094665,-10.83498279372271,2.9400077156786835,1.2087337187027416,0.565376137678408,0.14142143105656185,1.970688272534176,0.34114981261135474,-0.002130223345523609,DEPTH_PROPOSAL_CERTIFIED,3.2315618484916118,0,7,0,0,0,FULL_MOTION_CERTIFICATE,0,0,0,2,0,0,0,0,0,,3.433333333,1.97067292824,0.341238671777,-0.00209255463792,0.987720648835,0.155447413587,-0.0156211866992,0.98533646412,0.170619335888,-0.00104627731896,1.86485314726,0.708798705099,0.0232544226973,1.8610737900705765,0.7211188871083689,0.029334631698747587
3.3833333333333333,-63.301248644895814,-10.825489794322989,2.9423069794305317,1.227977351931096,0.5695799639833309,0.13795582511089852,1.9707036726665648,0.3410606080919631,-0.0021670594024943727,DEPTH_PROPOSAL_CERTIFIED,3.240170776228314,0,7,0,0,0,FULL_MOTION_CERTIFICATE,0,0,0,2,0,0,0,0,0,,3.45,1.97068827253,0.341149812611,-0.00213022334552,0.987720648835,0.155447413587,-0.0156211866991,0.985344136267,0.170574906306,-0.00106511167276,1.86907811419,0.69478963547,0.0173507837072,1.8648852270420173,0.7087142972681089,0.02325442269734926
3.4,-63.28046063214962,-10.815934006624241,2.9445457229402816,1.2472807647714912,0.5733472619248576,0.13432461058500916,1.9707191120663197,0.340971154268677,-0.002203019115126506,DEPTH_PROPOSAL_CERTIFIED,3.249771800976675,0,7,0,0,0,FULL_MOTION_CERTIFICATE,0,0,0,2,0,0,0,0,0,,3.466666666,1.97070367267,0.341060608092,-0.00216705940249,0.987720648835,0.155447413587,-0.0156211866991,0.985351836333,0.170530304046,-0.00108352970125,1.87370966742,0.679181539082,0.0116828895338,1.8691096475445366,0.6947048005850953,0.017350783707212377
3.4166666666666665,-63.259349894075555,-10.806323741503691,2.9467212866718246,1.2666442844438612,0.576615907232973,0.13053382389258308,1.9707345715657933,0.34088156231268535,-0.0022380595729744814,DEPTH_PROPOSAL_CERTIFIED,3.2603946185952672,0,7,0,0,0,FULL_MOTION_CERTIFICATE,0,0,0,2,0,0,0,0,0,,3.483333333,1.97071911207,0.340971154269,-0.00220301911513,0.987720648835,0.155447413587,-0.0156211866991,0.985359556033,0.170485577134,-0.00110150955756,1.87873857183,0.661985219266,0.00632714814401,1.8737405397235922,0.6790963632642195,0.01168288953378601
3.433333333333333,-63.23791548321544,-10.796668380847784,2.9488311736847193,1.28606465160688,0.5793216393543942,0.12659322077368765,1.9707500293100424,0.3407919590558406,-0.0022721393771819596,DEPTH_PROPOSAL_CERTIFIED,3.267165257385916,0,7,0,0,0,FULL_MOTION_CERTIFICATE,0,0,0,2,0,0,0,0,0,,3.5,1.97073457157,0.340881562313,-0.00223805957297,0.987720648835,0.155447413587,-0.0156211866991,0.985367285783,0.170440781156,-0.00111902978649,1.8841503934,0.643221690866,0.00138974835882,1.878768666005912,0.6618998046791265,0.006327148144007723
3.45,-63.216156575231196,-10.786978398707008,2.9508731336755196,1.3055344790544268,0.5813989284465642,0.12251759944800869,1.9707654606903433,0.34070248738830317,-0.002305219599503284,DEPTH_PROPOSAL_CERTIFIED,3.265107584010479,0,8,0,0,0,FULL_MOTION_CERTIFICATE,0,0,0,2,0,0,0,0,0,,3.516666666,1.97075002931,0.340791959056,-0.00227213937718,0.987720648835,0.155447413587,-0.0156211866991,0.985375014655,0.170395979528,-0.00113606968859,1.88991866552,0.622938487492,-0.00296343826777,1.88417959138115,0.6431361566429653,0.001389748358817112
3.466666666666667,-63.194072542621846,-10.777265354545948,2.952845285124734,1.3250419565610472,0.5827826496636613,0.11832908695285571,1.9707808383186347,0.34061330641656956,-0.0023372650838493544,DEPTH_PROPOSAL_CERTIFIED,3.2580292776195137,0,8,0,0,0,FULL_MOTION_CERTIFICATE,0,0,0,2,0,0,0,0,0,,3.533333333,1.97076546069,0.340702487388,-0.0023052195995,0.987720648835,0.155447413587,-0.0156211866991,0.985382730345,0.170351243694,-0.00115260979975,1.89597715452,0.601284688012,-0.00641383946258,1.8899468506495019,0.6228529707662731,-0.002963438267771047
3.4833333333333334,-63.17166301978976,-10.767541811521946,2.954746323987925,1.3445713699252446,0.5834125814400996,0.11406233179145484,1.9707961320756415,0.3405245911897771,-0.0023682463396939007,DEPTH_PROPOSAL_CERTIFIED,3.237292212884181,0,8,0,0,0,FULL_MOTION_CERTIFICATE,0,0,0,2,0,0,0,0,0,,3.55,1.97078083832,0.340613306417,-0.00233726508385,0.987720648835,0.155447413587,-0.0156211866992,0.985390419159,0.170306653208,-0.00116863254192,1.90199716549,0.57928545569,-0.00829478904079,1.8960042175938314,0.6011993457857743,-0.006413839462582763
3.5,-63.14892792311442,-10.75782072853452,2.9565759014494923,1.3641058005202955,0.5832649792455937,0.10977464769402939,1.970811309347918,0.34043653132053125,-0.0023981427792444713,DEPTH_PROPOSAL_CERTIFIED,3.217627074450296,0,8,0,0,0,FULL_MOTION_CERTIFICATE,0,0,0,2,0,0,0,0,0,,3.566666666,1.97079613208,0.34052459119,-0.00236824633969,0.987720648835,0.155447413587,-0.0156211866992,0.985398066038,0.170262295595,-0.00118412316985,1.90757876032,0.558888349734,-0.0100387557067,1.902023045561251,0.5792004755251368,-0.008294789040786397
3.5166666666666666,-63.12586762291905,-10.748114281883218,2.958333788191037,1.383618011721976,0.5823867990781392,0.1054732044926723,1.9708263366086662,0.34034932180077426,-0.00242694858144223,DEPTH_PROPOSAL_CERTIFIED,3.199069248908602,0,8,0,0,0,FULL_MOTION_CERTIFICATE,0,0,0,2,0,0,0,0,0,,3.583333333,1.97081130935,0.340436531321,-0.00239814277924,0.987720648835,0.155447413587,-0.0156211866992,0.985405654674,0.17021826566,-0.00119907138962,1.91272193967,0.540093367791,-0.0116457396615,1.9076034878105645,0.5588039437892637,-0.010038755706743875
3.533333333333333,-63.10248286024029,-10.738433871687102,2.9600198605121526,1.403085760725684,0.5808246117669734,0.10116433926694697,1.9708411825706618,0.3402631448291035,-0.002454659749382571,DEPTH_PROPOSAL_CERTIFIED,3.1816505706410796,0,8,0,0,0,FULL_MOTION_CERTIFICATE,0,0,0,2,0,0,0,0,0,,3.6,1.97082633661,0.340349321801,-0.00242694858144,0.987720648835,0.155447413587,-0.0156211866992,0.985413168304,0.1701746609,-0.00121347429072,1.91747340628,0.522729841639,-0.0131303331561,1.9127694446236907,0.5399251023505525,-0.01164573966151224
3.55,-63.07877467415435,-10.7287901419781,2.9616340791439892,1.4224911651565904,0.5786237825400503,0.09685311791019989,1.9708558181297737,0.3401781701165746,-0.002481273898114746,DEPTH_PROPOSAL_CERTIFIED,3.1653993886082987,0,9,0,0,0,FULL_MOTION_CERTIFICATE,0,0,0,2,0,0,0,0,0,,3.616666666,1.97084118257,0.340263144829,-0.00245465974938,0.987720648835,0.155447413587,-0.0156211866992,0.985420591285,0.170131572415,-0.00122732987469,1.92186491303,0.506681735125,-0.014502457362,1.9175419111147987,0.52247848784165,-0.013130333156112277
3.566666666666667,-63.054744340001044,-10.719193029295567,2.9631764744742783,1.4418200491986928,0.5758267609519525,0.09254371981734588,1.9708702162779754,0.3400945553705018,-0.002506789928823538,DEPTH_PROPOSAL_CERTIFIED,3.150340665350251,0,9,0,0,0,FULL_MOTION_CERTIFICATE,0,0,0,3,0,0,0,0,0,,3.633333333,1.97085581813,0.340178170117,-0.00248127389811,0.987720648835,0.155447413587,-0.0156211866992,0.985427909065,0.170089085058,-0.00124063694906,1.92592373013,0.491849393317,-0.0157706328447,1.921952796572608,0.5063482718352329,-0.014502457361999108
3.5833333333333335,-63.030393317283774,-10.709651808695368,2.964647133961435,1.4610613630362084,0.5724732360120489,0.0882395692294052,1.9708843519472152,0.34001244717902485,-0.002531207801942889,DEPTH_PROPOSAL_CERTIFIED,3.136496081599253,0,9,0,0,0,FULL_MOTION_CERTIFICATE,0,0,0,3,0,0,0,0,0,,3.65,1.97087021628,0.340094555371,-0.00250678992882,0.987720648835,0.155447413587,-0.0156211866992,0.985435108139,0.170047277685,-0.00125339496441,1.92967506108,0.478140713789,-0.0169427344252,1.926029514015328,0.49143499175613137,-0.015770632844658142
3.6,-63.0057232063971,-10.700175140457805,2.966046191467236,1.480206653200568,0.5686000942537903,0.08394345034803068,1.9708982018645074,0.33993198183194034,-0.002554528343907643,DEPTH_PROPOSAL_CERTIFIED,3.1238841453061967,0,9,0,0,0,FULL_MOTION_CERTIFICATE,0,0,0,3,0,0,0,0,0,,3.666666666,1.97088435195,0.340012447179,-0.00253120780194,0.987720648835,0.155447413587,-0.0156211866992,0.985442175974,0.17000622359,-0.00126560390097,1.93314220008,0.465470571371,-0.0180260403647,1.9297973964717665,0.4776467231144062,-0.01694273442519426
3.6166666666666667,-62.98073571306887,-10.690771116250726,2.9673738182951936,1.499249599694015,0.5642414524246889,0.07965760967748337,1.970911744409303,0.3398532861295094,-0.0025767530833659897,DEPTH_PROPOSAL_CERTIFIED,3.11252030134421,0,9,0,0,0,FULL_MOTION_CERTIFICATE,0,0,0,3,0,0,0,0,0,,3.683333333,1.97089820186,0.339931981832,-0.00255452834391,0.987720648835,0.155447413587,-0.0156211866992,0.985449100932,0.169965990916,-0.00127726417195,1.93634667723,0.453760287485,-0.0190272777357,1.9332798551397554,0.4648985053060605,-0.01802604036467307
3.6333333333333333,-62.95543253540632,-10.681446936049754,2.9686301748848525,1.518190659753011,0.5594508120583527,0.0753813953795405,1.9709249594758715,0.33977647816346324,-0.0025978841135886202,DEPTH_PROPOSAL_CERTIFIED,3.1024169784695825,0,10,0,0,0,FULL_MOTION_CERTIFICATE,0,0,0,3,0,0,0,0,0,,3.7,1.97091174441,0.33985328613,-0.00257675308337,0.987845167737,0.154654140278,-0.0156211866992,0.985455872205,0.169926643065,-0.00128837654168,1.93932725746,0.442816953408,-0.0199526637893,1.9363643580231624,0.4536848310185728,-0.019027277735730166
3.65,-62.929815510827574,-10.672209727197668,2.9698154877641527,1.5370214747244575,0.5542325311251614,0.07111877275802707,1.970937829261473,0.33970166273278957,-0.0026179233467842587,DEPTH_PROPOSAL_CERTIFIED,3.0935839043957225,0,10,0,0,0,FULL_MOTION_CERTIFICATE,0,0,0,3,0,0,0,0,0,,3.716666666,1.97092495948,0.339776478163,-0.00259788411359,0.987845167737,0.154654140278,-0.0156211866992,0.985462479738,0.169888239082,-0.00129894205679,1.94208203599,0.432702660415,-0.0208079447861,1.9393440641441362,0.4427433417011094,-0.019952663789281063
3.6666666666666665,-62.90388651210867,-10.663066171094725,2.97093000227087,1.5557399231340623,0.5486133661765858,0.06687087040302196,1.9709503362006977,0.3396289433005207,-0.0026368737034230673,DEPTH_PROPOSAL_CERTIFIED,3.0860280431387155,0,10,0,0,0,FULL_MOTION_CERTIFICATE,0,0,0,3,0,0,0,0,0,,3.733333333,1.97093782926,0.339701662733,-0.00261792334678,0.987845167737,0.154654140278,-0.0156211866992,0.985468914631,0.169850831366,-0.00130896167339,1.94462811933,0.423354601148,-0.0215984318179,1.9420979986200195,0.4326310097406881,-0.02080794478605611
3.683333333333333,-62.877647432661504,-10.654022541889997,2.971973978361919,1.5743447668297357,0.5426177522836029,0.0626385654629417,1.970962463888446,0.33955841663387815,-0.0026547383826271242,DEPTH_PROPOSAL_CERTIFIED,3.079753688305059,0,10,0,0,0,FULL_MOTION_CERTIFICATE,0,0,0,3,0,0,0,0,0,,3.75,1.9709503362,0.339628943301,-0.00263687370342,0.987882527564,0.154415317442,-0.0156211866992,0.9854751681,0.16981447165,-0.00131843685171,1.94698697815,0.414678542924,-0.0223290334674,1.9446432661089588,0.42328502027330506,-0.02159843181794494
3.7,-62.85110018339585,-10.645084768263642,2.972947690161823,1.5928349559391901,0.536266417581342,0.05842270799423041,1.9709741969715244,0.33949017342049936,-0.002671520797875589,DEPTH_PROPOSAL_CERTIFIED,3.074762545777421,0,10,0,0,0,FULL_MOTION_CERTIFICATE,0,0,0,3,0,0,0,0,0,,3.766666666,1.97096246389,0.339558416634,-0.00265473838263,0.987882527564,0.154415317442,-0.0156211866992,0.985481231944,0.169779208317,-0.00132736919131,1.94916713541,0.406659762333,-0.0230042864655,1.9470013341019534,0.41461113354484613,-0.022329033467432362
3.716666666666667,-62.824246676566574,-10.636258439677777,2.973851420401395,1.611210409756421,0.5295797151519316,0.05422381437431921,1.9709855209854517,0.3394242992035422,-0.0026872245704137,DEPTH_PROPOSAL_CERTIFIED,3.071053808153896,0,11,0,0,0,FULL_MOTION_CERTIFICATE,0,0,0,3,0,0,0,0,0,,3.783333333,1.97097419697,0.33949017342,-0.00267152079788,0.987882527564,0.154415317442,-0.0156211866992,0.985487098486,0.16974508671,-0.00133576039894,1.95118212937,0.399248464651,-0.0236283839729,1.949180724994923,0.4065946204461479,-0.023004286465487977
3.7333333333333334,-62.7970888198146,-10.627548838197814,2.9746854583285445,1.6294714051184365,0.5225760887977045,0.05004227562897388,1.970996422329933,0.33936087451350966,-0.0027018534437030515,DEPTH_PROPOSAL_CERTIFIED,3.067575823554111,0,11,0,0,0,FULL_MOTION_CERTIFICATE,0,0,0,3,0,0,0,0,0,,3.8,1.97098552099,0.339424299204,-0.00268722457041,0.987882527564,0.154415317442,-0.0156211866992,0.985492760493,0.169712149602,-0.00134361228521,1.95304447227,0.392398628925,-0.0242052013651,1.951194975132844,0.39918568049521413,-0.023628383972879936
3.75,-62.76962851232678,-10.61896096824353,2.975450098135007,1.6476184492690686,0.5152721972570672,0.04587838838775185,1.9710068881824685,0.33929997535956075,-0.0027154112514377244,DEPTH_PROPOSAL_CERTIFIED,3.0560185410932497,0,11,0,0,0,FULL_MOTION_CERTIFICATE,0,0,0,3,0,0,0,0,0,,3.816666666,1.97099642233,0.339360874514,-0.0027018534437,0.987882527564,0.154415317442,-0.0156211866992,0.985498211165,0.169680437257,-0.00135092672185,1.95476572848,0.386067720539,-0.0247383204372,1.9530565948772294,0.3923382875041846,-0.024205201365129932
3.7666666666666666,-62.74186764282061,-10.610499584488863,2.9761456378290303,1.665652170370405,0.5076830252799408,0.04173238164139784,1.971016906418351,0.3392416736845478,-0.002727901893498347,DEPTH_PROPOSAL_CERTIFIED,3.044697737607631,0,11,0,0,0,FULL_MOTION_CERTIFICATE,0,0,0,3,0,0,0,0,0,,3.833333333,1.97100688818,0.33929997536,-0.00271541125144,0.987882527564,0.154415317442,-0.0156211866992,0.985503444091,0.16964998768,-0.00135770562572,1.95635658659,0.380216426054,-0.025231051732,1.9547771467709103,0.3860099021094019,-0.02473832043722715
3.783333333333333,-62.713808089133614,-10.602169218159023,2.976772378499577,1.6835732212195738,0.4998219797903935,0.03760444023280507,1.971026465536341,0.33918603778782225,-0.0027393293187712078,DEPTH_PROPOSAL_CERTIFIED,3.0336111334494262,0,11,0,0,0,FULL_MOTION_CERTIFICATE,0,0,0,3,0,0,0,0,0,,3.85,1.97101690642,0.339241673685,-0.0027279018935,0.987882527564,0.154415317442,-0.0156211866992,0.985508453209,0.169620836842,-0.00136395094675,1.95782692514,0.374808411464,-0.0256864548977,1.9563673176401173,0.38016120658627556,-0.025231051732011546
3.8,-62.68545171926635,-10.593974201999492,2.977330623932087,1.7013821920362557,0.49170096957187276,0.03349472595061328,1.971035554589268,0.3391331327201135,-0.0027496975139985344,DEPTH_PROPOSAL_CERTIFIED,3.022755552938726,0,12,0,0,0,FULL_MOTION_CERTIFICATE,0,0,0,3,0,0,0,0,0,,3.866666666,1.97102646554,0.339186037788,-0.00273932931877,0.987918536339,0.154184772543,-0.0156211866992,0.985513232768,0.169593018894,-0.00136966465939,1.9591913302,0.369775164212,-0.0261073577975,1.957836984329387,0.374755863072497,-0.02568645489765662
3.816666666666667,-62.65680040724431,-10.58591872487658,2.97782068510166,1.7190787213222551,0.48332862737475474,0.029403670174393843,1.9710441631187647,0.3390830206550003,-0.0027590104980491094,DEPTH_PROPOSAL_CERTIFIED,3.0121269226615204,0,12,0,0,0,FULL_MOTION_CERTIFICATE,0,0,0,3,0,0,0,0,0,,3.883333333,1.97103555459,0.33913313272,-0.002749697514,0.987918536339,0.154184772543,-0.0156211866992,0.985517777295,0.16956656636,-0.001374848757,1.96045237133,0.365123223276,-0.0264963741387,1.9592007303917545,0.3697253554281005,-0.026107357797535917
3.8333333333333335,-62.62785602356111,-10.578006822549998,2.9782428758771635,1.7366630209921992,0.47471413959489606,0.02533144653020752,1.9710522810195203,0.33903576167014704,-0.0027672723916530783,DEPTH_PROPOSAL_CERTIFIED,3.0017202831642567,0,12,0,0,0,FULL_MOTION_CERTIFICATE,0,0,0,4,0,0,0,0,0,,3.9,1.97104416312,0.339083020655,-0.00275901049805,0.987918536339,0.154184772543,-0.0156211866992,0.985522081559,0.169541510328,-0.00137950524902,1.96161787903,0.360823702115,-0.0268559195444,1.9604611248078891,0.36507622016321767,-0.02649637413870747
3.85,-62.598627595716756,-10.570238777005699,2.978599173513684,1.7537056706610823,0.4660827326579289,0.021377858191225726,1.9710598985582781,0.33899141363074076,-0.002774487351186046,DEPTH_PROPOSAL_CERTIFIED,2.9915351137511004,0,12,0,0,0,FULL_MOTION_CERTIFICATE,0,0,0,4,0,0,0,0,0,,3.916666666,1.97105228102,0.33903576167,-0.00276727239165,0.987918536339,0.154184772543,-0.0156211866992,0.98552614051,0.169517880835,-0.00138363619583,1.96269509062,0.356849902499,-0.0271882266412,1.9616259966214586,0.3607795680269291,-0.026855919544352364
3.8666666666666667,-62.56913528286689,-10.562608703819109,2.978894150336022,1.7695387709922674,0.45780439119538413,0.01769860934028382,1.9710670189033126,0.33894995911043924,-0.002780685282311252,DEPTH_PROPOSAL_CERTIFIED,2.9815788133140617,0,12,0,0,0,FULL_MOTION_CERTIFICATE,0,0,0,4,0,0,0,0,0,,3.933333333,1.97105989856,0.338991413631,-0.00277448735119,0.987918536339,0.154184772543,-0.0156211866992,0.985529949279,0.169495706815,-0.00138724367559,1.96369069535,0.353177148076,-0.0274953589774,1.962702595032727,0.356808625352338,-0.027188226641207635
3.8833333333333333,-62.5393978199436,-10.555110784417485,2.97913206406705,1.784247775397342,0.4498751640974722,0.014274823861668917,1.9710736661617585,0.33891125847714576,-0.0027859363024774287,DEPTH_PROPOSAL_CERTIFIED,2.97185777461727,0,13,0,0,0,FULL_MOTION_CERTIFICATE,0,0,0,4,0,0,0,0,0,,3.95,1.9710670189,0.33894995911,-0.00278068528231,0.987918536339,0.154184772543,-0.0156211866992,0.985533509452,0.169474979555,-0.00139034264116,1.96461087546,0.34978263263,-0.027779223712,1.9636976291392532,0.3531385935029461,-0.027495358977433042
3.9,-62.50943261774943,-10.547739289881887,2.9793168792531612,1.797912131650262,0.44228967213586673,0.011088911166696747,1.9710798636274738,0.33887517671900763,-0.002790305711071908,DEPTH_PROPOSAL_CERTIFIED,2.9623775189121164,0,13,0,0,0,FULL_MOTION_CERTIFICATE,0,0,0,4,0,0,0,0,0,,3.966666666,1.97107366616,0.338911258477,-0.00278593630248,0.987941343931,0.154038564907,-0.0156211866992,0.985536833081,0.169455629239,-0.00139296815124,1.96546480061,0.346623124967,-0.0280415835262,1.9646172779358868,0.34974667020427963,-0.0277792237119639
3.9166666666666665,-62.47925585169664,-10.540488628734941,2.979452287249004,1.8106059631676095,0.43503966881676565,0.008124479750568826,1.9710856337665448,0.3388415835419072,-0.0027938543180073302,DEPTH_PROPOSAL_CERTIFIED,2.953142794000929,0,13,0,0,0,FULL_MOTION_CERTIFICATE,0,0,0,4,0,0,0,0,0,,3.983333333,1.97107986363,0.338875176719,-0.00279030571107,0.987941343931,0.154038564907,-0.0156211866992,0.985539931814,0.16943758836,-0.00139515285554,1.96625403451,0.343702973761,-0.0282840676123,1.9654707076792488,0.34658962832373225,-0.028041583526191946
3.933333333333333,-62.44888255342596,-10.533353331031844,2.9795417248567624,1.8223978962409886,0.42811786218581155,0.005366256465505899,1.97109099813491,0.33881035386071945,-0.002796638750041216,DEPTH_PROPOSAL_CERTIFIED,2.94415769861133,0,13,0,0,0,FULL_MOTION_CERTIFICATE,0,0,0,4,0,0,0,0,0,,4,1.97108563377,0.338841583542,-0.00279385431801,0.987941343931,0.154038564907,-0.0156211866992,0.985542816883,0.169420791771,-0.001396927159,1.96698347796,0.341004046135,-0.0285081816914,1.966259479736213,0.343671821288171,-0.028284067612261942
3.95,-62.41832669127123,-10.52632806204301,2.9795883917092723,1.8333517292837944,0.4215161393300108,0.002800011150585387,1.9710959774625954,0.3387813673202722,-0.002798711736359844,DEPTH_PROPOSAL_CERTIFIED,2.9354257734597256,0,14,0,0,0,FULL_MOTION_CERTIFICATE,0,0,0,4,0,0,0,0,0,,4.016666666,1.97109099813,0.338810353861,-0.00279663875004,0.987941343931,0.154038564907,-0.0156211866992,0.985545499067,0.16940517693,-0.00139831937502,1.9676576605,0.338509582877,-0.0287153174185,1.9669884924060217,0.34097512048924394,-0.028508181691444083
3.966666666666667,-62.38760124509674,-10.519407633165658,2.9795952664802554,1.843526770469703,0.41522573264111273,0.00041248625898600766,1.9711005916557025,0.33875450829358095,-0.002800122374797139,DEPTH_PROPOSAL_CERTIFIED,2.924299417429035,0,14,0,0,0,FULL_MOTION_CERTIFICATE,0,0,0,4,0,0,0,0,0,,4.033333333,1.97109597746,0.33878136732,-0.00279871173636,0.987941343931,0.154038564907,-0.0156211866992,0.985547988731,0.16939068366,-0.00139935586818,1.96828076865,0.336204093963,-0.0289067610572,1.9676622729377864,0.33848277103655616,-0.028715317418526533
3.9833333333333334,-62.356718275897904,-10.512587010406223,2.9795651219995767,1.8529781519301196,0.40923736556603363,-0.0018086688407240406,1.9711048598028065,0.33872966585345243,-0.0028009163800040513,DEPTH_PROPOSAL_CERTIFIED,2.9092245284624583,0,14,0,0,0,FULL_MOTION_CERTIFICATE,0,0,0,4,0,0,0,0,0,,4.05,1.97110059166,0.338754508294,-0.0028001223748,0.987941343931,0.154038564907,-0.0156211866992,0.985550295828,0.169377254147,-0.0014000611874,1.96885667163,0.334073263303,-0.0290837013896,1.9682850057472034,0.3361792872500685,-0.028906761057186738
4.0,-62.325688990529606,-10.505861320737935,2.9795005393464877,1.8617571220977402,0.40354138009732254,-0.003874959185335679,1.9711088001850796,0.3387067337214906,-0.0028011363147849863,DEPTH_PROPOSAL_CERTIFIED,2.894019653760969,0,14,0,0,0,FULL_MOTION_CERTIFICATE,0,0,0,4,0,0,0,0,0,,4.066666666,1.9711048598,0.338729665853,-0.00280091638,0.987956613034,0.153940603118,-0.0156211866992,0.985552429901,0.169364832927,-0.00140045819,1.96939125907,0.332089016635,-0.0292472371413,1.968860558142713,0.33405035737904737,-0.029083701389597767
4.016666666666667,-62.29452317962421,-10.499228164262234,2.97940373014713,1.8699486543240509,0.39798938854205884,-0.005808551961480796,1.9711124302895513,0.33868561019805876,-0.002800821805737912,DEPTH_PROPOSAL_CERTIFIED,2.878692728216474,0,15,0,0,0,FULL_MOTION_CERTIFICATE,0,0,0,4,0,0,0,0,0,,4.083333333,1.97110880019,0.338706733721,-0.00280113631478,0.987956613034,0.153940603118,-0.0156211866992,0.985554400093,0.169353366861,-0.00140056815739,1.96988534749,0.330255091568,-0.0293983838305,1.9698853474850406,0.33025509156784105,-0.029398383830451322
4.033333333333333,-62.26323118192661,-10.492680555337824,2.979277135806523,1.8775198618555753,0.3928565354646585,-0.0075956604364028,1.9711157605399015,0.33866623468141965,-0.0028000067706000723,DEPTH_PROPOSAL_CERTIFIED,2.863255423874365,0,15,0,0,0,FULL_MOTION_CERTIFICATE,0,0,0,4,0,0,0,0,0,,4.099999999,1.97111243029,0.338685610198,-0.00280082180574,0.987956613034,0.153940603118,-0.0156211866992,0.985556215145,0.169342805099,-0.00140041090287,1.97034200494,0.328560100323,-0.0295380800042,1.9698885937401747,0.33023572792037414,-0.029398383830451322
4.05,-62.231821451646574,-10.48621610678975,2.9791226733690648,1.884583816802174,0.38786691288445196,-0.009267746247489052,1.971118813547032,0.3386484755588354,-0.002798728750398451,DEPTH_PROPOSAL_CERTIFIED,2.847714837425177,0,15,0,0,0,FULL_MOTION_CERTIFICATE,0,0,0,4,0,0,0,0,0,,4.116666666,1.97111576054,0.338666234681,-0.0028000067706,0.987956613034,0.153940603118,-0.0156211866992,0.98555788027,0.169333117341,-0.0014000033853,1.97076406715,0.326993517406,-0.0296671931427,1.9707640671506788,0.32699351740593247,-0.029667193142741414
4.066666666666666,-62.20030290452592,-10.479828539040625,2.9789424540542138,1.8911128272393123,0.3832540649474153,-0.01081315889106877,1.9711215991181377,0.3386322757579075,-0.002797017157078673,DEPTH_PROPOSAL_CERTIFIED,2.8320812521189747,0,15,0,0,0,FULL_MOTION_CERTIFICATE,0,0,0,4,0,0,0,0,0,,4.133333333,1.97111881355,0.338648475559,-0.0027987287504,0.987956613034,0.153940603118,-0.0156211866992,0.985559406774,0.169324237779,-0.0013993643752,1.97115415496,0.325545615016,-0.0297865249827,1.9707667545724,0.32697732011556824,-0.029667193142741414
4.083333333333333,-62.16868329204527,-10.473513854130553,2.978738278469045,1.897176748838767,0.37888109460425945,-0.012250535110129492,1.9711241374093853,0.3386175179034952,-0.0027949044675461034,DEPTH_PROPOSAL_CERTIFIED,2.8163625399443295,0,16,0,0,0,FULL_MOTION_CERTIFICATE,0,0,0,4,0,0,0,0,0,,4.15,1.97112159912,0.338632275758,-0.00279701715708,0.987956613034,0.153940603118,-0.0156211866992,0.985560799559,0.169316137879,-0.00139850857854,1.97151469065,0.324207402203,-0.0298968165315,1.971156592352115,0.3255308564177573,-0.029786524982670374
4.1,-62.13696981574496,-10.46726821857828,2.978511822225516,1.9028085780185313,0.37473813313642046,-0.013587374611749588,1.9711264421259442,0.3386041221716802,-0.002792418353886541,DEPTH_PROPOSAL_CERTIFIED,2.8005661136683053,0,16,0,0,0,FULL_MOTION_CERTIFICATE,0,0,0,5,0,0,0,0,0,,4.166666666,1.97112413741,0.338617517903,-0.00279490446755,0.985563221063,0.169302061086,-0.00139620917694,0.985562068705,0.169308758952,-0.00139745223377,1.97167684646,0.324104838905,-0.0289063841148,1.971516894011657,0.32419400322878456,-0.02989681653151482
4.116666666666666,-62.105169382046114,-10.461086529248048,2.9782660237982705,1.9080260219307956,0.3709013598138991,-0.014747905634707407,1.971128526307567,0.33859201259697513,-0.0027895845729119287,DEPTH_PROPOSAL_CERTIFIED,2.7847000428589177,0,16,0,0,0,FULL_MOTION_CERTIFICATE,0,0,0,5,0,0,0,0,0,,4.183333333,1.97112644213,0.338604122172,-0.00279241835389,0.985564263154,0.169296006298,-0.00139479228646,0.985563221063,0.169302061086,-0.00139620917694,1.97163530705,0.325202352085,-0.0269278386554,1.9716788376604208,0.3240927252791383,-0.028906384114792863
4.133333333333334,-62.073288631318874,-10.454962554474939,2.9780048466677163,1.9128450436344324,0.3674384863865565,-0.015670627833243442,1.9711304061532133,0.338581094631918,-0.0027864486572176266,DEPTH_PROPOSAL_CERTIFIED,2.7687729728713646,0,16,0,0,0,FULL_MOTION_CERTIFICATE,0,0,0,5,0,0,0,0,0,,4.2,1.97112852631,0.338592012597,-0.00278958457291,0.985564263154,0.169296006298,-0.00139479228646,0.985564263154,0.169296006298,-0.00139479228646,1.97159691457,0.326216720326,-0.0250991830065,1.971637108418798,0.3251914305729793,-0.02692783865538249
4.15,-62.041333696880635,-10.448890639811205,2.9777317647957817,1.9172960662943996,0.36431487982397515,-0.016384912316065984,1.9711321006755058,0.33857125719054126,-0.0027830722205448564,DEPTH_PROPOSAL_CERTIFIED,2.7527928165764215,0,17,0,0,0,FULL_MOTION_CERTIFICATE,0,0,0,5,0,0,0,0,0,,4.216666666,1.97113040615,0.338581094632,-0.00278644865722,0.985565203077,0.169290547316,-0.00139322432861,0.985565203077,0.169290547316,-0.00139322432861,1.97156157302,0.327153415312,-0.0234088244113,1.9715985427459997,0.3262068797604826,-0.025099183006501
4.166666666666667,-62.009310243532,-10.442865657376386,2.9774498143479695,1.9214072009182557,0.36149894608915056,-0.01691702686873453,1.9711336271787938,0.3385623991719488,-0.0027795092921606254,DEPTH_PROPOSAL_CERTIFIED,2.7367668138054677,0,17,0,0,0,FULL_MOTION_CERTIFICATE,0,0,0,5,0,0,0,0,0,,4.233333333,1.97113210068,0.338571257191,-0.00278307222054,0.985566050338,0.169285628595,-0.00139153611027,0.985566050338,0.169285628595,-0.00139153611027,1.97152903724,0.32801840335,-0.0218462673959,1.971563043329301,0.3271445545242906,-0.023408824411290843
4.183333333333334,-61.97722350336159,-10.436882958421085,2.9771616401116128,1.9252044102243706,0.35896193731803905,-0.017290454181397994,1.9711350014063098,0.3385544286016671,-0.0027758071159848176,DEPTH_PROPOSAL_CERTIFIED,2.7210241968047284,0,17,0,0,0,FULL_MOTION_CERTIFICATE,0,0,0,5,0,0,0,0,0,,4.25,1.97113362718,0.338562399172,-0.00277950929216,0.985566813589,0.169281199586,-0.00138975464608,0.985566813589,0.169281199586,-0.00138975464608,1.97149908193,0.328817190928,-0.0204018159955,1.9715303637589716,0.32801043031047833,-0.021846267395892283
4.2,-61.94507830881319,-10.430938330066011,2.9768695373881173,1.9287116729043978,0.3566777013044367,-0.017526163409739694,1.97113623767785,0.33854726182784994,-0.002772006867901194,DEPTH_PROPOSAL_CERTIFIED,2.705353837329843,0,17,0,0,0,FULL_MOTION_CERTIFICATE,0,0,0,5,0,0,0,0,0,,4.266666666,1.97113500141,0.338554428602,-0.00277580711598,0.985566813589,0.169281199586,-0.00138975464608,0.985567500703,0.169277214301,-0.00138790355799,1.97147139597,0.329555464251,-0.0190667928138,1.971500277600731,0.3288100219384879,-0.02040181599550844
4.216666666666667,-61.91287915702423,-10.425027085414833,2.976577047361258,1.9319491073375115,0.35467467907068434,-0.017549401611566484,1.9711373490154838,0.33854082278703945,-0.002768144303296787,DEPTH_PROPOSAL_CERTIFIED,2.6896252646277086,0,18,0,0,0,FULL_MOTION_CERTIFICATE,0,0,0,5,0,0,0,0,0,,4.283333333,1.97113623768,0.338547261828,-0.0027720068679,0.985566813589,0.169281199586,-0.00138975464608,0.985568118839,0.169273630914,-0.00138600343395,1.97144580742,0.330237807819,-0.0178329076739,1.9714458074214989,0.3302378078189052,-0.017832907673853298
4.233333333333333,-61.88063013443868,-10.419146702716745,2.9762841993721985,1.934941355132835,0.3528229618852248,-0.01757087934355791,1.971138349513517,0.3385350290034389,-0.0027642747273182605,DEPTH_PROPOSAL_CERTIFIED,2.6738429919856146,0,18,0,0,0,FULL_MOTION_CERTIFICATE,0,0,0,5,0,0,0,0,0,,4.3,1.97113734902,0.338540822787,-0.0027681443033,0.985566813589,0.169281199586,-0.00138975464608,0.985568674508,0.169270411394,-0.00138407215165,1.9714221574,0.330868458692,-0.0166924986827,1.9714467782357816,0.3302320122226178,-0.017832907673853298
4.25,-61.84833504913246,-10.413294046915015,2.97599246044963,1.93770511837348,0.35115934810378013,-0.017504335354101633,1.9711392475137433,0.33852983193657993,-0.002760398511891575,DEPTH_PROPOSAL_CERTIFIED,2.658011618150039,0,18,0,0,0,FULL_MOTION_CERTIFICATE,0,0,0,5,0,0,0,0,0,,4.316666666,1.97113834951,0.338535029003,-0.00276427472732,0.985566813589,0.169281199586,-0.00138975464608,0.985569174757,0.169267514502,-0.00138213736366,1.97140029905,0.331451332947,-0.0156384843771,1.9714230299093474,0.33086325997015575,-0.016692498682735066
4.266666666666667,-61.81599741841714,-10.407466280853464,2.9757030773995075,1.940257842919109,0.34966596369300273,-0.017362983007360968,1.9711400528120908,0.3385251743890512,-0.002756538556110247,DEPTH_PROPOSAL_CERTIFIED,2.642135323494393,0,18,0,0,0,FULL_MOTION_CERTIFICATE,0,0,0,5,0,0,0,0,0,,4.333333333,1.97113924751,0.338529831937,-0.00276039851189,0.985566813589,0.169281199586,-0.00138975464608,0.985569623757,0.169264915968,-0.00138019925595,1.97138009664,0.331990050096,-0.0146643195785,1.9714010823757862,0.3314466738815186,-0.01563848437712485
4.283333333333333,-61.783620491039954,-10.401660838131543,2.9754171017527042,1.9426156426309749,0.34832656331533984,-0.017158538808203137,1.9711407743090397,0.33852100440021926,-0.0027527143379228935,DEPTH_PROPOSAL_CERTIFIED,2.6262179083547488,0,19,0,0,0,FULL_MOTION_CERTIFICATE,0,0,0,5,0,0,0,0,0,,4.35,1.97114005281,0.338525174389,-0.00275653855611,0.985566813589,0.169281199586,-0.00138975464608,0.985570026406,0.169262587195,-0.00137826927806,1.97136142471,0.332487955339,-0.0137639551448,1.9713807991157364,0.3319858787078525,-0.014664319578477598
4.3,-61.751207267688876,-10.395875398362765,2.975135412196385,1.9447934010648313,0.3471263861266398,-0.016901373379160495,1.971141420089092,0.33851727478134297,-0.002748942300332094,DEPTH_PROPOSAL_CERTIFIED,2.6093941744881133,0,19,0,0,0,FULL_MOTION_CERTIFICATE,0,0,0,5,0,0,0,0,0,,4.366666666,1.97114077431,0.3385210044,-0.00275271433792,0.985566813589,0.169281199586,-0.00138975464608,0.985570387155,0.1692605022,-0.00137635716896,1.97134416732,0.33294814046,-0.0129318001893,1.9713620539578804,0.3324842244244994,-0.013763955144840235
4.316666666666666,-61.718760519932204,-10.39010786462803,2.9748587347274267,1.9468048654001846,0.34605202408407904,-0.016600648137503417,1.9711419974933233,0.33851394269105733,-0.002745236198756564,DEPTH_PROPOSAL_CERTIFIED,2.5919293272288857,0,19,0,0,0,FULL_MOTION_CERTIFICATE,0,0,0,5,0,0,0,0,0,,4.383333333,1.97114142009,0.338517274781,-0.00274894230033,0.985566813589,0.169281199586,-0.00138975464608,0.985570710045,0.169258637391,-0.00137447115017,1.97132821731,0.333373463098,-0.0121626872272,1.971344730291494,0.33294480716483726,-0.012931800189287072
4.333333333333333,-61.686282807712224,-10.384356342933135,2.9745876607444663,1.9486627331986437,0.34509130169369534,-0.016264438977628373,1.9711425131856197,0.3385109692477778,-0.0027416074132263777,DEPTH_PROPOSAL_CERTIFIED,2.574132695132507,0,19,0,0,0,FULL_MOTION_CERTIFICATE,0,0,0,5,0,0,0,0,0,,4.4,1.97114199749,0.338513942691,-0.00274523619876,0.985566813589,0.169281199586,-0.00138975464608,0.985570998747,0.169256971346,-0.00137261809938,1.97131347563,0.333766564323,-0.0114518403997,1.9713287203398449,0.33337048853101436,-0.012162687227152812
4.35,-61.65377649550323,-10.378619123496438,2.974322663274862,1.9503787325394688,0.3442331662017669,-0.015899848176268567,1.9711429732131391,0.33850831917586516,-0.002738065228746331,DEPTH_PROPOSAL_CERTIFIED,2.556007173559553,0,20,0,0,0,FULL_MOTION_CERTIFICATE,0,0,0,6,0,0,0,0,0,,4.416666666,1.97114251319,0.338510969248,-0.00274160741323,0.985566813589,0.169281199586,-0.00138975464608,0.985571256593,0.169255484624,-0.00137080370661,1.97129985075,0.334129885131,-0.0107948456451,1.971313924497535,0.3337639132002403,-0.011451840399678895
4.366666666666666,-61.621243767235946,-10.372894663707156,2.974064111515524,1.9519636960371138,0.34346758735703026,-0.015513105560269896,1.9711433830614906,0.3385059604826627,-0.002734617086850533,DEPTH_PROPOSAL_CERTIFIED,2.5375553431638393,0,20,0,0,0,FULL_MOTION_CERTIFICATE,0,0,0,6,0,0,0,0,0,,4.433333333,1.97114297321,0.338508319176,-0.00273806522875,0.985566813589,0.169281199586,-0.00138975464608,0.985571486607,0.169254159588,-0.00136903261437,1.97128725806,0.334465681656,-0.010187623182,1.9713002507083839,0.33412752545124275,-0.010794845645086093
4.383333333333334,-61.58868664008248,-10.367181572608462,2.973812283850098,1.9534276292078958,0.3427854659215994,-0.015109659925549614,1.9711437477050944,0.33850386416375944,-0.0027312688111049864,DEPTH_PROPOSAL_CERTIFIED,2.5178276222181704,0,20,0,0,0,FULL_MOTION_CERTIFICATE,0,0,0,6,0,0,0,0,0,,4.45,1.97114338306,0.338505960483,-0.00273461708685,0.985566813589,0.169281199586,-0.00138975464608,0.985571691531,0.169252980241,-0.00136730854343,1.97127561935,0.334776039049,-0.00962640242151,1.9712876138914335,0.3344635844093436,-0.010187623181962445
4.4,-61.55610697718885,-10.361478596772365,2.9735673794896016,1.9547797736177144,0.3421785501658672,-0.014694261629789086,1.9711440716531283,0.3385020039340531,-0.0027280248090616327,DEPTH_PROPOSAL_CERTIFIED,2.496052447849364,0,20,0,0,0,FULL_MOTION_CERTIFICATE,0,0,0,6,0,0,0,0,0,,4.466666666,1.97114374771,0.338503864164,-0.0027312688111,0.985566813589,0.169281199586,-0.00138975464608,0.985571873853,0.169251932082,-0.00136563440555,1.97126486237,0.335062884502,-0.00910769841731,1.9712759354175013,0.3347741779459337,-0.009626402421510622
4.416666666666667,-61.52350649943537,-10.355784607444399,2.973329528870535,1.9560286652086298,0.3416393596779587,-0.014271037143995068,1.971144358991446,0.33850035598239936,-0.0027248882529307314,DEPTH_PROPOSAL_CERTIFIED,2.474050131385776,0,21,0,0,0,FULL_MOTION_CERTIFICATE,0,0,0,6,0,0,0,0,0,,4.483333333,1.97114407165,0.338502003934,-0.00272802480906,0.985566813589,0.169281199586,-0.00138975464608,0.985572035827,0.169251001967,-0.00136401240453,1.97125492031,0.335327999255,-0.00862829014066,1.971265142617798,0.33506123572547586,-0.009107698417308024
4.433333333333334,-61.490886796299165,-10.350098588846782,2.973098802932028,1.957182188172414,0.3411611158569699,-0.013843556310409325,1.9711446134208166,0.3384988987478174,-0.0027218612410374325,DEPTH_PROPOSAL_CERTIFIED,2.451822492147739,0,21,0,0,0,FULL_MOTION_CERTIFICATE,0,0,0,6,0,0,0,0,0,,4.5,1.97114435899,0.338500355982,-0.00272488825293,0.985566813589,0.169281199586,-0.00138975464608,0.985572179496,0.169250177991,-0.00136244412647,1.97124573144,0.335573029557,-0.00818520067358,1.971255168330581,0.33532654124090633,-0.008628290140663237
4.45,-61.45824933588731,-10.344419627538397,2.9728752213819516,1.958247624711455,0.3407376785031638,-0.01341489300458904,1.9711448382917944,0.3384976127153907,-0.0027189449419367613,DEPTH_PROPOSAL_CERTIFIED,2.4293711781653924,0,21,0,0,0,FULL_MOTION_CERTIFICATE,0,0,0,6,0,0,0,0,0,,4.516666666,1.97114461342,0.338498898748,-0.00272186124104,0.987976017454,0.153816018222,-0.0156211866992,0.98557230671,0.169249449374,-0.00136093062052,1.97142458826,0.334603708507,-0.00886806282301,1.9712459504877562,0.33557174278672935,-0.00818520067358155
4.466666666666667,-61.42559523765235,-10.338748412572544,2.972657380779074,1.9592458940973756,0.34027289795111193,-0.013070436172651136,1.971145036636521,0.33849648023016876,-0.002716139722882289,DEPTH_PROPOSAL_CERTIFIED,2.4066972750758624,0,21,0,0,0,FULL_MOTION_CERTIFICATE,0,0,0,6,0,0,0,0,0,,4.533333333,1.97114483829,0.338497612715,-0.00271894494194,0.987976017454,0.153816018222,-0.0156211866992,0.985572419146,0.169248806358,-0.00135947247097,1.97176757665,0.332560399977,-0.0105630863853,1.9714247806056067,0.3346025752160796,-0.008868062823008697
4.483333333333333,-61.39292532900513,-10.33308693683666,2.9724427060218876,1.960194518833248,0.33968854415304656,-0.012880485431188197,1.9711452071622289,0.33849550900094344,-0.002713423587577993,DEPTH_PROPOSAL_CERTIFIED,2.3838015437491853,0,22,0,0,0,FULL_MOTION_CERTIFICATE,0,0,0,6,0,0,0,0,0,,4.55,1.97114503664,0.33849648023,-0.00271613972288,0.987976017454,0.153816018222,-0.0156211866992,0.985572518318,0.169248240115,-0.00135806986144,1.97208458107,0.33067188755,-0.0121296990692,1.971767740610891,0.33255942781664893,-0.010563086385340334
4.5,-61.360240407487396,-10.327436846756287,2.9722289792272796,1.961095291064272,0.3390054048223505,-0.012823607676489813,1.9711453450488745,0.33849472742351144,-0.0027107561002410866,DEPTH_PROPOSAL_CERTIFIED,2.3606849244139476,0,22,0,0,0,FULL_MOTION_CERTIFICATE,0,0,0,6,0,0,0,0,0,,4.566666666,1.97114520716,0.338495509001,-0.00271342358758,0.987976017454,0.153816018222,-0.0156211866992,0.985572603581,0.1692477545,-0.00135671179379,1.97237756998,0.328926444355,-0.0135776288847,1.9720847122827665,0.33067110498785834,-0.012129699069169537
4.516666666666667,-61.327541240548044,-10.321799483355393,2.9720143003856916,1.9619500163612782,0.33824180405364557,-0.012880730495291441,1.971145446358898,0.33849415870877647,-0.002708102401777279,DEPTH_PROPOSAL_CERTIFIED,2.337348498646569,0,22,0,0,0,FULL_MOTION_CERTIFICATE,0,0,0,6,0,0,0,0,0,,4.583333333,1.97114534505,0.338494727424,-0.00271075610024,0.987976017454,0.153816018222,-0.0156211866992,0.985572672524,0.169247363712,-0.00135537805012,1.97264836278,0.327313231602,-0.0149158671322,1.9723776649847518,0.3289258746754457,-0.013577628884671324
4.533333333333333,-61.2948285655247,-10.316175919083951,2.9717970519271377,1.9627605014005367,0.3374138562865498,-0.013034907513236448,1.9711455079313809,0.338493821504021,-0.0027054325980466576,DEPTH_PROPOSAL_CERTIFIED,2.3137934565640763,0,22,0,0,0,FULL_MOTION_CERTIFICATE,0,0,0,6,0,0,0,0,0,,4.6,1.97114544636,0.338494158709,-0.00270810240178,0.987976017454,0.153816018222,-0.0156211866992,0.985572723179,0.169247079354,-0.00135405120089,1.97289864098,0.325822231939,-0.0161527236922,1.9726484188794908,0.3273128935279817,-0.014915867132165538
4.55,-61.26210308980094,-10.31056699081769,2.9715758668319943,1.9635285434257965,0.33653569597566235,-0.013271105708613678,1.9711455272871594,0.3384937304499069,-0.002702721208722535,DEPTH_PROPOSAL_CERTIFIED,2.29002106861641,0,23,0,0,0,FULL_MOTION_CERTIFICATE,0,0,0,6,0,0,0,0,0,,4.616666666,1.97114550793,0.338493821504,-0.00270543259805,0.987976017454,0.153816018222,-0.0156211866992,0.985572753966,0.169246910752,-0.00135271629902,1.97312995869,0.324444186881,-0.0172958789273,1.972898656133967,0.3258221401828358,-0.016152723692215893
4.566666666666666,-61.22936549111252,-10.304973329399072,2.9713495999524837,1.9642559213054047,0.3356196851171111,-0.013576012770631855,1.9711455025438374,0.3384938966793583,-0.002699946671089247,DEPTH_PROPOSAL_CERTIFIED,2.2660326614381674,0,23,0,0,0,FULL_MOTION_CERTIFICATE,0,0,0,6,0,0,0,0,0,,4.633333333,1.97114552729,0.33849373045,-0.00270272120872,0.987976017454,0.153816018222,-0.0156211866992,0.985572763644,0.169246865225,-0.00135136060436,1.97334375235,0.323170539095,-0.0183524315598,1.9731299314366255,0.32444435264278604,-0.017295878927253636
4.583333333333333,-61.19661641797915,-10.299395386054455,2.9711173022411685,1.9649443880018362,0.3346766006770364,-0.01393786267890426,1.9711454323397495,0.33849432826393644,-0.002697090893617538,DEPTH_PROPOSAL_CERTIFIED,2.241243058093066,0,23,0,0,0,FULL_MOTION_CERTIFICATE,0,0,0,6,0,0,0,0,0,,4.65,1.97114550254,0.338493896679,-0.00269994667109,0.987976017454,0.153816018222,-0.0156211866992,0.985572751272,0.16924694834,-0.00134997333554,1.97354134952,0.32199337978,-0.0193289423247,1.9733436816983008,0.3231709705081252,-0.0183524315598276
4.6,-61.16385649024112,-10.293833455990606,2.9708781976111087,1.9655956642817127,0.333715803830915,-0.0143462778035855,1.9711453157660073,0.3384950306127977,-0.002694138854624489,DEPTH_PROPOSAL_CERTIFIED,2.211275389090966,0,23,0,0,0,FULL_MOTION_CERTIFICATE,0,0,0,7,0,0,0,0,0,,4.666666666,1.97114543234,0.338494328264,-0.00269709089362,0.987976017454,0.153816018222,-0.0156211866992,0.98557271617,0.169247164132,-0.00134854544681,1.97372397719,0.320905399268,-0.0202314749457,1.9735412348962047,0.32199408230823323,-0.01932894232469664
4.616666666666666,-61.131086299682266,-10.288287699446668,2.9706316621765767,1.966211433531211,0.3327453926363433,-0.014792126071926483,1.9711451523058428,0.33849600682884323,-0.002691078241761902,DEPTH_PROPOSAL_CERTIFIED,2.1813246564995716,0,24,0,0,0,FULL_MOTION_CERTIFICATE,0,0,0,7,0,0,0,0,0,,4.683333333,1.97114531577,0.338495030613,-0.00269413885462,0.987976017454,0.153816018222,-0.0156211866992,0.985572657883,0.169247515306,-0.00134706942731,1.97389276945,0.319899841458,-0.0210656339361,1.9737238183750896,0.32090637606256844,-0.02023147494568651
4.633333333333334,-61.09830641072319,-10.282758160451923,2.9703772056462565,1.9667933375443283,0.3317723396847218,-0.015267391819208784,1.9711449417805333,0.33849725802625513,-0.002687899128450372,DEPTH_PROPOSAL_CERTIFIED,2.1513914357149315,0,24,0,0,0,FULL_MOTION_CERTIFICATE,0,0,0,7,0,0,0,0,0,,4.7,1.97114515231,0.338496006829,-0.00269107824176,0.987976017454,0.153816018222,-0.0156211866992,0.985572576153,0.169248003414,-0.00134553912088,1.97404877441,0.318970462272,-0.0218365990622,1.9738925665043585,0.3199010936749403,-0.021065633936052545
4.65,-61.065517361170535,-10.277244783515677,2.9701144546623466,1.96734297315907,0.33080261617479545,-0.015765059034590554,1.9711446843012617,0.3384987836132254,-0.002684593683731392,DEPTH_PROPOSAL_CERTIFIED,2.1214762759940076,0,24,0,0,0,FULL_MOTION_CERTIFICATE,0,0,0,7,0,0,0,0,0,,4.716666666,1.97114494178,0.338497258026,-0.00268789912845,0.987976017454,0.153816018222,-0.0156211866992,0.98557247089,0.169248629013,-0.00134394956423,1.9741929608,0.318111490653,-0.0225491576956,1.9740485276589177,0.3189719893536938,-0.021836599062248184
4.666666666666667,-61.032719663009786,-10.27174742845518,2.969843137897299,1.9678618896448752,0.32984130362984027,-0.016279005902846415,1.9711443802263218,0.3385005815433168,-0.0026811559123414946,DEPTH_PROPOSAL_CERTIFIED,2.09157970108702,0,24,0,0,0,FULL_MOTION_CERTIFICATE,0,0,0,7,0,0,0,0,0,,4.733333333,1.9711446843,0.338498783613,-0.00268459368373,0.987976017454,0.153816018222,-0.0156211866992,0.985572342151,0.169249391807,-0.00134229684187,1.974326224,0.317317592591,-0.0232077346559,1.9741926707716981,0.31811329058138677,-0.022549157695567958
4.683333333333334,-60.99991380323069,-10.266265883548115,2.9695630727373614,1.968351586745862,0.32889269442384717,-0.01680390959626079,1.971144030123139,0.3385026485385855,-0.00267758142209464,DEPTH_PROPOSAL_CERTIFIED,2.0617022099232947,0,25,0,0,0,FULL_MOTION_CERTIFICATE,0,0,0,7,0,0,0,0,0,,4.75,1.97114438023,0.338500581543,-0.00268115591234,0.987976017454,0.153816018222,-0.0156211866992,0.985572190113,0.169250290772,-0.00134057795617,1.97444939149,0.316583838323,-0.0238164194213,1.9743258913779034,0.31731966211073137,-0.02320773465591618
4.7,-60.96710024467586,-10.260799877178027,2.9692741533983518,1.9688135132897753,0.3279603822052894,-0.017335160340582,1.9711436347346194,0.33850498028729986,-0.002673867215928073,DEPTH_PROPOSAL_CERTIFIED,2.0318442773389407,0,25,0,0,0,FULL_MOTION_CERTIFICATE,0,0,0,7,0,0,0,0,0,,4.766666666,1.97114403012,0.338502648539,-0.00267758142209,0.987976017454,0.153816018222,-0.0156211866992,0.985572015062,0.169251324269,-0.00133879071105,1.97456322811,0.315905671541,-0.0243789916698,1.9744490171255153,0.31658617313888476,-0.023816419421300784
4.716666666666667,-60.93427942690429,-10.255349088125755,2.968976340332916,1.9692490662941686,0.3270473431362869,-0.017868783926127504,1.97114319494939,0.3385075716188144,-0.0026700115062179824,DEPTH_PROPOSAL_CERTIFIED,2.0020063548359137,0,25,0,0,0,FULL_MOTION_CERTIFICATE,0,0,0,7,0,0,0,0,0,,4.783333333,1.97114363473,0.338504980287,-0.00267386721593,0.987976017454,0.153816018222,-0.0156211866992,0.985571817367,0.169252490144,-0.00133693360796,1.97466844075,0.315278880991,-0.0248989448414,1.9745628129477688,0.3159082664944567,-0.0243789916697827
4.733333333333333,-60.901451767062596,-10.249913154645355,2.9686696508016786,1.9696595905017669,0.326156008823966,-0.018401371874256712,1.9711427117755407,0.33851041665792564,-0.0026660135491845174,DEPTH_PROPOSAL_CERTIFIED,1.9721888713634042,0,25,0,0,0,FULL_MOTION_CERTIFICATE,0,0,0,7,0,0,0,0,0,,4.8,1.97114319495,0.338507571619,-0.00267001150622,0.987976017454,0.153816018222,-0.0156211866992,0.985571597475,0.169253785809,-0.00133500575311,1.97476568273,0.314699574574,-0.0253795076205,1.974667985834466,0.3152817302136505,-0.024898944841433093
4.75,-60.86861766075792,-10.244491682449297,2.9683541504929836,1.9700463782805715,0.32528833176348576,-0.018930018521699683,1.9711421863174967,0.33851350896081284,-0.002661873497408818,DEPTH_PROPOSAL_CERTIFIED,1.9423922341138504,0,26,0,0,0,FULL_MOTION_CERTIFICATE,0,0,0,7,0,0,0,0,0,,4.816666666,1.97114271178,0.338510416658,-0.00266601354918,0.987976017454,0.153816018222,-0.0156211866992,0.985571355888,0.169255208329,-0.00133300677459,1.97485555789,0.31416415504,-0.0258236641011,1.9747651891819882,0.3147026716256268,-0.02537950762050398
4.766666666666667,-60.83577748292724,-10.23908425171629,2.9680299460863346,1.9704106698408708,0.3244458439804043,-0.019452264398923617,1.9711416197557097,0.3385168416344618,-0.0026575922686747733,DEPTH_PROPOSAL_CERTIFIED,1.9126168293268204,0,26,0,0,0,FULL_MOTION_CERTIFICATE,0,0,0,7,0,0,0,0,0,,4.833333333,1.97114218632,0.338513508961,-0.00266187349741,0.987976017454,0.153816018222,-0.0156211866992,0.985571093159,0.16925675448,-0.0013309367487,1.97493862434,0.313669297561,-0.0262341723894,1.974855026876522,0.31416749302681063,-0.025823664101055622
4.783333333333333,-60.802931588698556,-10.233690423224116,2.9676971786645465,1.9707536537211554,0.32362970953047526,-0.019966045307290015,1.9711410133288656,0.33852040744129175,-0.002653171429508737,DEPTH_PROPOSAL_CERTIFIED,1.8828630230949082,0,26,0,0,0,FULL_MOTION_CERTIFICATE,0,0,0,7,0,0,0,0,0,,4.85,1.97114161976,0.338516841634,-0.00265759226867,0.987976017454,0.153816018222,-0.0156211866992,0.985570809878,0.169258420817,-0.00132879613434,1.97501539787,0.313211929286,-0.0266135815643,1.9749380570606292,0.3136728692413403,-0.02623417238936008
4.8,-60.77008031424027,-10.228309743699578,2.9673560178888985,1.9710764674973755,0.32284077147229323,-0.02046964653888109,1.971140368318351,0.3385241988905436,-0.002648613091943716,DEPTH_PROPOSAL_CERTIFIED,1.8536997194505953,0,26,0,0,0,FULL_MOTION_CERTIFICATE,0,0,0,7,0,0,0,0,0,,4.866666666,1.97114101333,0.338520407441,-0.00265317142951,0.982687130259,0.184613061699,-0.0156211866992,0.985570506664,0.169260203721,-0.00132658571475,1.94395372074,0.309484703537,-0.0265613386186,1.9750147955672601,0.3132157271624726,-0.026613581564292214
4.816666666666666,-60.73726328646898,-10.222945922905904,2.9670071655828467,1.9690216662771793,0.3218292476204716,-0.020931138363098845,1.9711396860347308,0.33852820831782554,-0.0026439198221778846,DEPTH_PROPOSAL_CERTIFIED,1.8246582191845317,0,27,0,0,0,FULL_MOTION_CERTIFICATE,0,0,0,7,0,0,0,0,0,,4.883333333,1.97114036832,0.338524198891,-0.00264861309194,0.982687130259,0.184613061699,-0.0156211866992,0.985570184159,0.169262099445,-0.00132430654597,1.91413167839,0.306189175159,-0.0262669976244,1.9439530913907863,0.30948865662824787,-0.026561338618555454
4.833333333333333,-60.70451556505759,-10.217601844554586,2.966651576080758,1.9648632846834173,0.3206447010790222,-0.02133537012531532,1.9711389745944923,0.3385323883713159,-0.002639101776354389,DEPTH_PROPOSAL_CERTIFIED,1.7957145661866147,0,27,0,0,0,FULL_MOTION_CERTIFICATE,0,0,0,7,0,0,0,0,0,,4.9,1.97113968603,0.338528208318,-0.00264391982218,0.982687130259,0.184613061699,-0.0156211866992,0.985569843017,0.169264104159,-0.00132195991109,1.88525630638,0.302675652718,-0.0259568681973,1.9141310292395213,0.30619323327333986,-0.026266997624356317
4.85,-60.67186835834168,-10.212280449201055,2.966290151353831,1.9588324029544992,0.3192837212119042,-0.021685483615620775,1.9711382422285038,0.3385366910037905,-0.0026341732153962166,DEPTH_PROPOSAL_CERTIFIED,1.766896426541956,0,27,0,0,0,FULL_MOTION_CERTIFICATE,0,0,0,8,0,0,0,0,0,,4.916666666,1.97113897459,0.338532388371,-0.00263910177635,0.982687130259,0.184613061699,-0.0156211866992,0.985569487297,0.169266194186,-0.00131955088818,1.88512105821,0.303511305359,-0.0260217972555,1.8852556458616991,0.30267976683306447,-0.025956868197347327
4.866666666666666,-60.63931422235842,-10.206978963216557,2.9659232514834195,1.953248158995768,0.31808915906993546,-0.022013992224698894,1.97113749528398,0.33854107914419734,-0.0026291476717734893,DEPTH_PROPOSAL_CERTIFIED,1.7381971761203214,0,27,0,0,0,FULL_MOTION_CERTIFICATE,0,0,0,8,0,0,0,0,0,,4.933333333,1.97113824223,0.338536691004,-0.0026341732154,0.982687130259,0.184613061699,-0.0156211866992,0.985569121114,0.169268345502,-0.0013170866077,1.85693379893,0.299807036082,-0.0256976759469,1.885120382699245,0.30351550093791674,-0.026021797255451954
4.883333333333334,-60.606881696270165,-10.201700555428005,2.9655517004971967,1.9459515652952954,0.3167044673131221,-0.02229305917335417,1.971136737687136,0.3385455298800295,-0.002624030938199762,DEPTH_PROPOSAL_CERTIFIED,1.7096418655962071,0,28,0,0,0,FULL_MOTION_CERTIFICATE,0,0,0,8,0,0,0,0,0,,4.95,1.97113749528,0.338541079144,-0.00262914767177,0.982687130259,0.184613061699,-0.0156211866992,0.985568747642,0.169270539572,-0.00131457383589,1.82929968101,0.296006272522,-0.0253667350685,1.8569331221495364,0.29981122787999953,-0.02569767594694833
4.9,-60.57459645876511,-10.196448276467702,2.9651762686070664,1.9371142503036456,0.315136737618197,-0.022525913407833113,1.9711359739874295,0.3385500166205798,-0.002618835396268369,DEPTH_PROPOSAL_CERTIFIED,1.6812528354507603,0,28,0,0,0,FULL_MOTION_CERTIFICATE,0,0,0,8,0,0,0,0,0,,4.95,1.97113749528,0.338541079144,-0.00262914767177,0.982687130259,0.184613061699,-0.0156211866992,0.985568747642,0.169270539572,-0.00131457383589,1.82929968101,0.296006272522,-0.0253667350685,1.829299007405518,0.2960104353401113,-0.02536673506847625
4.916666666666667,-60.542481618151605,-10.19122500585349,2.964797671559129,1.9268904368101236,0.31339623685281603,-0.022715822876233825,1.9711352077562214,0.33855451847793594,-0.0026135726527916786,DEPTH_PROPOSAL_CERTIFIED,1.6530500093725498,0,28,0,0,0,FULL_MOTION_CERTIFICATE,0,0,0,8,0,0,0,0,0,,4.983333333,1.97113597399,0.338550016621,-0.00261883539627,0.982687130259,0.184613061699,-0.0156211866992,0.985567986994,0.16927500831,-0.00130941769813,1.77548449364,0.288293149458,-0.0246979922063,1.8021599121891545,0.29216212751516835,-0.025032718390722516
4.933333333333334,-60.51055794748911,-10.18603342593993,2.964416571772139,1.9154202397496936,0.31149479481353864,-0.022865987219420347,1.971134441856645,0.3385590186954933,-0.002608253522231365,DEPTH_PROPOSAL_CERTIFIED,1.6250511295345516,0,28,0,0,0,FULL_MOTION_CERTIFICATE,0,0,0,8,0,0,0,0,0,,5,1.97113520776,0.338554518478,-0.00261357265279,0.982687130259,0.184613061699,-0.0156211866992,0.985567603878,0.169277259239,-0.0013067863264,1.74925105008,0.284431507937,-0.0243640752402,1.775483835612447,0.2882972019343541,-0.02469799220629593
4.95,-60.478844087226456,-10.180876011819102,2.9640335804598696,1.9028316157593819,0.3094448472497082,-0.02297947873614731,1.9711336786179798,0.33856350363234516,-0.002602888038455772,DEPTH_PROPOSAL_CERTIFIED,1.5972719571039322,0,29,0,0,0,FULL_MOTION_CERTIFICATE,0,0,0,8,0,0,0,0,0,,5.016666666,1.97113444186,0.338559018695,-0.00260825352223,0.982687130259,0.184613061699,-0.0156211866992,0.985567220928,0.169279509348,-0.00130412676112,1.72344561326,0.280586222018,-0.0240319722045,1.7492504030775784,0.2844354869709771,-0.024364075240216283
4.966666666666667,-60.44735672524283,-10.175755030435727,2.963649260241706,1.8892417190178832,0.3072588830024522,-0.023059213089810706,1.9711329199534093,0.3385679620772081,-0.0025974854827195072,DEPTH_PROPOSAL_CERTIFIED,1.569726448758971,0,29,0,0,1,FULL_MOTION_CERTIFICATE,0,0,0,8,0,0,0,0,0,,5.033333333,1.97113367862,0.338563503632,-0.00260288803846,0.982687130259,0.184613061699,-0.0156211866992,0.985566839309,0.169281751816,-0.00130144401923,1.69805665511,0.276766256636,-0.0237023669534,1.7234449787715995,0.2805901191859286,-0.024031972204504152
4.983333333333333,-60.416110759325775,-10.170672545033941,2.9632641279605836,1.8747579550231073,0.3049491241071914,-0.023107936867353292,1.9711321674433646,0.3385723847627103,-0.0025920544198694663,DEPTH_PROPOSAL_CERTIFIED,1.54242691482751,0,29,0,0,2,FULL_MOTION_CERTIFICATE,0,0,0,8,0,0,0,0,0,,5.05,1.97113291995,0.338567962077,-0.00259748548272,0.982687130259,0.184613061699,-0.0156211866992,0.985566459977,0.169283981039,-0.00129874274136,1.69963120583,0.277310862553,-0.0237467790023,1.6980560342868396,0.2767700655850093,-0.02370236695337285
5.0,-60.38508591381924,-10.165624951660602,2.962878189060604,1.8614907303922157,0.302855602400306,-0.023156333998787148,1.9711314223969412,0.3385767640073456,-0.002586602738256867,DEPTH_PROPOSAL_CERTIFIED,1.5158409100502648,0,29,0,0,2,FULL_MOTION_CERTIFICATE,0,0,0,8,0,0,0,0,0,,5.05,1.97113291995,0.338567962077,-0.00259748548272,0.982687130259,0.184613061699,-0.0156211866992,0.985566459977,0.169283981039,-0.00129874274136,1.69963120583,0.277310862553,-0.0237467790023,1.6996305898953388,0.2773146375763046,-0.02374677900228018
5.016666666666667,-60.35429505438352,-10.160613724253079,2.962491862739166,1.8474515661429594,0.30067364445144845,-0.023179579286287107,1.9711306851440478,0.33858109788722335,-0.0025811309614763157,DEPTH_PROPOSAL_CERTIFIED,1.490018908933221,0,30,0,0,4,FULL_MOTION_CERTIFICATE,0,0,0,8,0,0,0,0,0,,5.083333333,1.9711314224,0.338576764007,-0.00258660273826,0.982687130259,0.184613061699,-0.0156211866992,0.985565711198,0.169288382004,-0.00129330136913,1.65154203265,0.270280745091,-0.0231384655557,1.6761737623020327,0.274053757475386,-0.023463171793786597
5.033333333333333,-60.3237515562102,-10.155640867194935,2.962105588329004,1.832609890399443,0.2983714234885955,-0.023176464609725025,1.9711299576330654,0.3385853750116936,-0.0025756454843533757,DEPTH_PROPOSAL_CERTIFIED,1.464449153903482,0,30,0,0,4,FULL_MOTION_CERTIFICATE,0,0,0,8,0,0,0,0,0,,5.1,1.97113068514,0.338581097887,-0.00258113096148,0.982687130259,0.184613061699,-0.0156211866992,0.985565342572,0.169290548944,-0.00129056548074,1.62730091396,0.266550779249,-0.0228173191223,1.6515414463285427,0.27028432774178945,-0.02313846555566762
5.05,-60.29346728726209,-10.150708183324681,2.9617197673853664,1.8170561368864546,0.2959610322151392,-0.023149256618255384,1.9711292406425724,0.33858959079880446,-0.0025701530176428,DEPTH_PROPOSAL_CERTIFIED,1.439140506384467,0,30,0,0,4,FULL_MOTION_CERTIFICATE,0,0,0,8,0,0,0,0,0,,5.116666666,1.97112995763,0.338585375012,-0.00257564548435,0.982687130259,0.184613061699,-0.0156211866992,0.985564978817,0.169292687506,-0.00128782274218,1.62889520136,0.267034975976,-0.022857050021,1.627300344027996,0.2665542586789717,-0.022817319122325756
5.066666666666666,-60.26342059596257,-10.145812017923049,2.9613343153894527,1.8028014779712187,0.2937699240979921,-0.023127119754830186,1.9711285348011396,0.33859374154474536,-0.0025646597129515194,DEPTH_PROPOSAL_CERTIFIED,1.4140738426172026,0,30,0,0,4,FULL_MOTION_CERTIFICATE,0,0,0,8,0,0,0,0,0,,5.116666666,1.97112995763,0.338585375012,-0.00257564548435,0.982687130259,0.184613061699,-0.0156211866992,0.985564978817,0.169292687506,-0.00128782274218,1.62889520136,0.267034975976,-0.022857050021,1.6288946392053412,0.26703840506879706,-0.022857050021042772
5.083333333333333,-60.23362165662937,-10.140953669159508,2.9609495565639006,1.7879363599921099,0.29150092581251713,-0.023085529533127362,1.9711278399519854,0.33859782817113965,-0.002559164708959227,DEPTH_PROPOSAL_CERTIFIED,1.3892567202460828,0,31,0,0,4,FULL_MOTION_CERTIFICATE,0,0,0,8,0,0,0,0,0,,5.15,1.9711285348,0.338593741545,-0.00256465971295,0.982687130259,0.184613061699,-0.0156211866992,0.985564267401,0.169296870772,-0.00128232985648,1.58305329167,0.260156028585,-0.0222633472916,1.6065819206469827,0.2638191467297227,-0.022578128828352924
5.1,-60.20408140870797,-10.13613489321572,2.9605658358472393,1.7724148752837994,0.28912655662723985,-0.02302324299967843,1.9711271572914668,0.3386018436783982,-0.002553672972474232,DEPTH_PROPOSAL_CERTIFIED,1.3646971843434437,0,31,0,0,4,FULL_MOTION_CERTIFICATE,0,0,0,9,0,0,0,0,0,,5.166666666,1.97112783995,0.338597828171,-0.00255916470896,0.982687130259,0.184613061699,-0.0156211866992,0.985563919976,0.169298914086,-0.00127958235448,1.58465560486,0.260613143068,-0.0223009785313,1.583052761842412,0.2601592525668572,-0.022263347291601437
5.116666666666666,-60.174778231230405,-10.131352115056114,2.9601830270806646,1.7581906486538865,0.2869666895764488,-0.022968525994494678,1.9711264871520873,0.3386057860939086,-0.002548189788777894,DEPTH_PROPOSAL_CERTIFIED,1.3403762429145265,0,31,0,0,4,FULL_MOTION_CERTIFICATE,0,0,0,9,0,0,0,0,0,,5.183333333,1.97112715729,0.338601843678,-0.00255367297247,0.982687130259,0.184613061699,-0.0156211866992,0.985563578646,0.169300921839,-0.00127683648624,1.58786023154,0.261527372116,-0.0223762410173,1.5846550837689497,0.2606163115567977,-0.022300978531252905
5.133333333333334,-60.14569011805917,-10.12660145331036,2.9598009661486566,1.7452867902740907,0.28503970474519025,-0.02292365592046701,1.9711258291809335,0.3386096574865114,-0.0025427136377657515,DEPTH_PROPOSAL_CERTIFIED,1.3162747940865873,0,32,0,0,4,FULL_MOTION_CERTIFICATE,0,0,0,9,0,0,0,0,0,,5.2,1.97112648715,0.338605786094,-0.00254818978878,0.982687130259,0.184613061699,-0.0156211866992,0.985563243576,0.169302893047,-0.00127409489439,1.5926671716,0.262898715702,-0.0224891347476,1.5878597180405898,0.26153048980383753,-0.02237624101732947
5.15,-60.116794707066184,-10.121878743484578,2.9594194538544936,1.7337246595791607,0.2833625895470008,-0.02289073764979324,1.9711251836611532,0.33861345622669764,-0.002537242400033832,DEPTH_PROPOSAL_CERTIFIED,1.292373649297242,0,32,0,0,4,FULL_MOTION_CERTIFICATE,0,0,0,9,0,0,0,0,0,,5.216666666,1.97112582918,0.338609657487,-0.00254271363777,0.982679929124,0.184651388901,-0.0156211866992,0.98556291459,0.169304828743,-0.00127135681888,1.59907631415,0.264727560629,-0.0226396588699,1.5926666651010137,0.2629017841290891,-0.022489134747573254
5.166666666666667,-60.08806930724115,-10.117179558925432,2.9590382585789916,1.723523989502242,0.2819510735487106,-0.02287171653010665,1.9711245514644486,0.33861717726293866,-0.002531773401136312,DEPTH_PROPOSAL_CERTIFIED,1.2686535547915385,0,32,0,0,4,FULL_MOTION_CERTIFICATE,0,0,0,9,0,0,0,0,0,,5.233333333,1.97112518366,0.338613456227,-0.00253724240003,0.982679929124,0.184651388901,-0.0156211866992,0.985562591831,0.169306728113,-0.00126862120002,1.60708765817,0.267013913745,-0.0228278133904,1.5990758145638346,0.2647305783695697,-0.02263965886993021
5.183333333333334,-60.05949092360752,-10.112499230675631,2.958657118736747,1.7147030180177911,0.28081969498802495,-0.022868390534670942,1.9711239340085205,0.33862081236929287,-0.0025263034525253372,DEPTH_PROPOSAL_CERTIFIED,1.2450952110850915,0,32,0,0,4,FULL_MOTION_CERTIFICATE,0,0,0,9,0,0,0,0,0,,5.25,1.97112455146,0.338617177263,-0.00253177340114,0.982679929124,0.184651388901,-0.0156211866992,0.985562275732,0.169308588631,-0.00126588670057,1.61670120112,0.269757782474,-0.0230535982834,1.6070871659074903,0.26701687654766004,-0.022827813390355313
5.2,-60.03103628025284,-10.107832865824342,2.958275745046335,1.7072786012806418,0.279981891077314,-0.02288242142472823,1.9711233332163693,0.33862435038210026,-0.0025208288893870698,DEPTH_PROPOSAL_CERTIFIED,1.221679290880743,0,32,0,0,4,FULL_MOTION_CERTIFICATE,0,0,0,9,0,0,0,0,0,,5.25,1.97112455146,0.338617177263,-0.00253177340114,0.982679929124,0.184651388901,-0.0156211866992,0.985562275732,0.169308588631,-0.00126588670057,1.61670120112,0.269757782474,-0.0230535982834,1.6167007170874181,0.26976068336664066,-0.023053598283427113
5.216666666666667,-60.00290665652088,-10.103213060264853,2.95789704270262,1.6877774239176322,0.2771883335693466,-0.022722140622870972,1.971122751478683,0.33862777741879213,-0.002515345605620336,DEPTH_PROPOSAL_CERTIFIED,1.1985706791946087,0,32,0,0,4,FULL_MOTION_CERTIFICATE,0,0,0,9,0,0,0,0,0,,5.283333333,1.97112333322,0.338624350382,-0.00252082888939,0.982677734305,0.184663068929,-0.0156211866992,0.985561666608,0.169312175191,-0.00126041444469,1.44984299601,0.243225758559,-0.0207761191088,1.4498630600889149,0.24310693197214395,-0.020766714840212454
5.233333333333333,-59.97507745555806,-10.098636133694447,2.9575207974567768,1.6697520577690528,0.2746155942243499,-0.022574714750595526,1.9711221940190147,0.33863106276465343,-0.0025098957244865214,DEPTH_PROPOSAL_CERTIFIED,1.177205352180569,0,32,0,0,4,FULL_MOTION_CERTIFICATE,0,0,0,9,0,0,0,0,0,,5.283333333,1.97112333322,0.338624350382,-0.00252082888939,0.982677734305,0.184663068929,-0.0156211866992,0.985561666608,0.169312175191,-0.00126041444469,1.44984299601,0.243225758559,-0.0207761191088,1.4498425907563823,0.24322817421539053,-0.020776119108835093
5.25,-59.947578057439785,-10.094107498541064,2.957147574442493,1.6499638870964084,0.27171810920293343,-0.022393380857022933,1.9711216594158345,0.3386342147210306,-0.002504476399999117,DEPTH_PROPOSAL_CERTIFIED,1.1563119773694093,0,32,0,0,4,FULL_MOTION_CERTIFICATE,0,0,0,9,0,0,0,0,0,,5.316666666,1.97112219402,0.338631062765,-0.00250989572449,0.982677734305,0.184663068929,-0.0156211866992,0.98556109701,0.169315531382,-0.00125494786224,1.40772437792,0.236394922192,-0.0201908256142,1.4061030644163393,0.23601076198449705,-0.020158700693912963
5.266666666666667,-59.920384517745404,-10.089623460645381,2.956777132432304,1.631612381662995,0.26904227374097417,-0.022226520611355438,1.9711211467104506,0.3386372388111417,-0.002499096085558894,DEPTH_PROPOSAL_CERTIFIED,1.1357013648202652,0,32,0,0,4,FULL_MOTION_CERTIFICATE,0,0,0,9,0,0,0,0,0,,5.316666666,1.97112219402,0.338631062765,-0.00250989572449,0.982677734305,0.184663068929,-0.0156211866992,0.98556109701,0.169315531382,-0.00125494786224,1.40772437792,0.236394922192,-0.0201908256142,1.4077240153753499,0.23639708110507102,-0.020190825614212003
5.283333333333333,-59.893497408382196,-10.085184344766404,2.95640957922351,1.6132265617925194,0.2663469527386292,-0.022053192527655845,1.9711206548129936,0.33864014140837406,-0.002493751493285709,DEPTH_PROPOSAL_CERTIFIED,1.115372292981533,0,32,0,0,4,FULL_MOTION_CERTIFICATE,0,0,0,9,0,0,0,0,0,,5.333333333,1.97112165942,0.338634214721,-0.0025044764,0.982677734305,0.184663068929,-0.0156211866992,0.985560829708,0.169317107361,-0.0012522382,1.38891990303,0.233461992036,-0.0199385899065,1.3889195593727173,0.23346403651002035,-0.01993858990652081
5.3,-59.86691890038142,-10.08079087858782,2.95604504979567,1.5947104800464957,0.26360797071501796,-0.021871765670413098,1.9711201831381595,0.33864292591151657,-0.0024884443888719297,DEPTH_PROPOSAL_CERTIFIED,1.0953247024333272,0,32,0,0,4,FULL_MOTION_CERTIFICATE,0,0,0,9,0,0,0,0,0,,5.35,1.97112114671,0.338637238811,-0.00249909608556,0.982677734305,0.184663068929,-0.0156211866992,0.985560573355,0.169318619406,-0.00124954804278,1.36881460779,0.230190457149,-0.0196583580121,1.368814282745005,0.23019239002696099,-0.019658358012051548
5.316666666666666,-59.84062356584579,-10.076439125922045,2.9556832752856037,1.5777200721380096,0.26110515994651945,-0.021706470603959766,1.9711197307589106,0.3386455977053413,-0.0024831769391702755,DEPTH_PROPOSAL_CERTIFIED,1.0755378262696498,0,32,0,0,4,FULL_MOTION_CERTIFICATE,0,0,0,9,0,0,0,0,0,,5.366666666,1.97112065481,0.338640141408,-0.00249375149329,0.982675855456,0.184673066875,-0.0156211866992,0.985560327406,0.169320070704,-0.00124687574664,1.37043740806,0.230569011755,-0.0196898707932,1.3704370956544767,0.23057086857083758,-0.019689870793229123
5.333333333333333,-59.814612954992675,-10.072129534557039,2.955324357105397,1.5606366511869962,0.2585754819003822,-0.021535090812418264,1.9711192965477549,0.3386481633842068,-0.0024779454368787776,DEPTH_PROPOSAL_CERTIFIED,1.0560113420453423,0,32,0,0,4,FULL_MOTION_CERTIFICATE,0,0,0,9,0,0,0,0,0,,5.4,1.97111973076,0.338645597705,-0.00248317693917,0.982675855456,0.184673066875,-0.0156211866992,0.985559865379,0.169322798853,-0.00124158846959,1.33268903505,0.224522853517,-0.0191711949045,1.3522189155846336,0.22771340973750784,-0.01944425735561194
5.35,-59.788890157140166,-10.067862936833889,2.9549684236422453,1.5433678711503738,0.25599586338903296,-0.021356007789091705,1.9711188800359316,0.33865062566869303,-0.0024727515235312596,DEPTH_PROPOSAL_CERTIFIED,1.0367460298949094,0,32,0,0,4,FULL_MOTION_CERTIFICATE,0,0,0,9,0,0,0,0,0,,5.416666666,1.97111929655,0.338648163384,-0.00247794543688,0.982675855456,0.184673066875,-0.0156211866992,0.985559648274,0.169324081692,-0.00123897271844,1.33267286522,0.224618180575,-0.019178578676,1.3326887547035795,0.2245245175505719,-0.01917119490450765
5.366666666666666,-59.763433388675466,-10.063635955380436,2.9546152394582768,1.5274061078821295,0.25361888720719833,-0.021191051038102662,1.9711184804343593,0.33865298914080455,-0.002467597240247104,DEPTH_PROPOSAL_CERTIFIED,1.0177241289284937,0,32,0,0,4,FULL_MOTION_CERTIFICATE,0,0,0,9,0,0,0,0,0,,5.416666666,1.97111929655,0.338648163384,-0.00247794543688,0.982675855456,0.184673066875,-0.0156211866992,0.985559648274,0.169324081692,-0.00123897271844,1.33267286522,0.224618180575,-0.019178578676,1.3326725960095491,0.224619777788816,-0.019178578676036326
5.383333333333334,-59.738246768535994,-10.059449558607625,2.9542649361423927,1.511197208368202,0.25118380636866067,-0.021018198953041484,1.9711180967902808,0.33865525937361385,-0.002462479330051123,DEPTH_PROPOSAL_CERTIFIED,0.998947302896906,0,32,0,0,4,FULL_MOTION_CERTIFICATE,0,0,0,10,0,0,0,0,0,,5.45,1.97111848043,0.338652989141,-0.00246759724025,0.982675855456,0.184673066875,-0.0156211866992,0.985559240217,0.16932649457,-0.00123379862012,1.2945259581,0.218376635467,-0.0186442080244,1.313448634298296,0.22147582013850312,-0.01890940351529522
5.4,-59.713333723512406,-10.05530458322277,2.9539176302898023,1.4947827014152646,0.24869852309134713,-0.020838351155417954,1.9711177284210235,0.3386574403291086,-0.0024573998617647085,DEPTH_PROPOSAL_CERTIFIED,0.9804166904029687,0,32,0,0,4,FULL_MOTION_CERTIFICATE,0,0,0,10,0,0,0,0,0,,5.466666666,1.97111809679,0.338655259374,-0.00246247933005,0.982674380406,0.184680915688,-0.0156211866992,0.985559048395,0.169327629687,-0.00123123966503,1.29615167539,0.218742543189,-0.0186747392694,1.294525716589428,0.21837806710812177,-0.0186442080244109
5.416666666666667,-59.68867147553232,-10.05119742930595,2.9535730562704012,1.4797348788054236,0.24642923500922403,-0.020674441164049335,1.9711173746774624,0.338659535775562,-0.002452360680955045,DEPTH_PROPOSAL_CERTIFIED,0.9621140238020942,0,32,0,0,4,FULL_MOTION_CERTIFICATE,0,0,0,10,0,0,0,0,0,,5.483333333,1.97111772842,0.338657440329,-0.00245739986176,0.982674380406,0.184680915688,-0.0156211866992,0.985558864211,0.169328720165,-0.00122869993088,1.29940311027,0.2194743587,-0.0187358017647,1.296151442965362,0.21874392040732205,-0.01867473926935218
5.433333333333334,-59.66423691946227,-10.047124307647767,2.95323093002802,1.4660733642028891,0.24438729949093552,-0.020527574542888807,1.97111703474182,0.3386615505030531,-0.002447358061824065,DEPTH_PROPOSAL_CERTIFIED,0.9440210055200859,0,32,0,0,4,FULL_MOTION_CERTIFICATE,0,0,0,10,0,0,0,0,0,,5.5,1.97111737468,0.338659535776,-0.00245236068096,0.982674380406,0.184680915688,-0.0156211866992,0.985558687339,0.169329767888,-0.00122618034048,1.30428026263,0.220572081977,-0.0188273955087,1.2994028860519682,0.2194756861678156,-0.018735801764730362
5.45,-59.640006647884874,-10.043081254091426,2.952890950476338,1.4538162946436701,0.24258321338043498,-0.020398773100905834,1.9711167081495595,0.33866348724741124,-0.0024423879846542126,DEPTH_PROPOSAL_CERTIFIED,0.9261193242166907,0,32,0,0,4,FULL_MOTION_CERTIFICATE,0,0,0,10,0,0,0,0,0,,5.516666666,1.97111703474,0.338661550503,-0.00244735806182,0.982674380406,0.184680915688,-0.0156211866992,0.985558517371,0.169330775252,-0.00122367903091,1.29030214556,0.218566404896,-0.0186534342345,1.3042800460211983,0.22057336283232834,-0.018827395508713575
5.466666666666667,-59.615982833826635,-10.03906852325207,2.952553174635346,1.441428843494304,0.24076385036137765,-0.02026655045950787,1.9711163947629158,0.33866534684416155,-0.0024374461573191033,DEPTH_PROPOSAL_CERTIFIED,0.9084096844157523,0,32,0,0,4,FULL_MOTION_CERTIFICATE,0,0,0,10,0,0,0,0,0,,5.516666666,1.97111703474,0.338661550503,-0.00244735806182,0.982674380406,0.184680915688,-0.0156211866992,0.985558517371,0.169330775252,-0.00122367903091,1.29030214556,0.218566404896,-0.0186534342345,1.2903019394720352,0.218567621528878,-0.018653434234452718
5.483333333333333,-59.59217327098937,-10.035087678499588,2.9522177658663598,1.4285737702360763,0.2388506851488986,-0.020124526139195503,1.971116094906578,0.33866712739956367,-0.0024325334876562636,DEPTH_PROPOSAL_CERTIFIED,0.8917409837532027,0,32,0,0,4,FULL_MOTION_CERTIFICATE,0,0,0,10,0,0,0,0,0,,5.533333333,1.97111670815,0.338663487247,-0.00244238798465,0.982674380406,0.184680915688,-0.0156211866992,0.985558354075,0.169331743624,-0.00122119399233,1.27174207105,0.215508921416,-0.0183918294314,1.2717418764856996,0.21551006955665394,-0.01839182943138459
5.5,-59.568584795803595,-10.031140107464289,2.9518848702275293,1.4153085111465529,0.23685426211794283,-0.019973738329828038,1.9711158079904534,0.3386688323327577,-0.0024276524687231096,DEPTH_PROPOSAL_CERTIFIED,0.8769817142924115,0,32,0,0,4,FULL_MOTION_CERTIFICATE,0,0,0,10,0,0,0,0,0,,5.55,1.97111639476,0.338665346844,-0.00243744615732,0.982674380406,0.184680915688,-0.0156211866992,0.985558197381,0.169332673422,-0.00121872307866,1.25347253395,0.212496817577,-0.0181341270555,1.2534723502543652,0.2124979011402824,-0.018134127055544947
5.516666666666667,-59.54529764957598,-10.027239634045916,2.9515556928986637,1.3972287736571658,0.23402840510231274,-0.019750639731925267,1.971115533454226,0.33867046489138947,-0.0024228053392121537,DEPTH_PROPOSAL_CERTIFIED,0.8624607515352298,0,32,0,0,4,FULL_MOTION_CERTIFICATE,0,0,0,10,0,0,0,0,0,,5.583333333,1.97111580799,0.338668832333,-0.00242765246872,0.982673223137,0.184687073332,-0.0156211866992,0.985557903995,0.169334416166,-0.00121382623436,1.15987450633,0.196779269556,-0.0167916611606,1.1766559762866426,0.19955294951162555,-0.01702883683751146
5.533333333333333,-59.52231019327644,-10.023386191205512,2.951230251653853,1.3792473779722325,0.23120657042425755,-0.01952647468864272,1.971115271187211,0.3386720255958032,-0.002418009802001888,DEPTH_PROPOSAL_CERTIFIED,0.8481751335392953,0,32,0,0,4,FULL_MOTION_CERTIFICATE,0,0,0,10,0,0,0,0,0,,5.583333333,1.97111580799,0.338668832333,-0.00242765246872,0.982673223137,0.184687073332,-0.0156211866992,0.985557903995,0.169334416166,-0.00121382623436,1.15987450633,0.196779269556,-0.0167916611606,1.159874350616045,0.19678018735198397,-0.016791661160595626
5.55,-59.4996205805308,-10.019579664297071,2.950908558397745,1.3613767647384143,0.2283916145064571,-0.019301595366494444,1.9711150206269712,0.33867351771995374,-0.002413266236210119,DEPTH_PROPOSAL_CERTIFIED,0.8341218103535482,0,32,0,0,4,FULL_MOTION_CERTIFICATE,0,0,0,10,0,0,0,0,0,,5.6,1.97111553345,0.338670464891,-0.00242280533921,0.982673223137,0.184687073332,-0.0156211866992,0.985557766727,0.169335232446,-0.00121140266961,1.14335543008,0.194048287358,-0.0165580676363,1.1433552832858311,0.19404915230929132,-0.01655806763628543
5.566666666666666,-59.477226778535524,-10.015819895382755,2.9505906196719947,1.343628119716699,0.22558613485890106,-0.019076323545022617,1.9711147812424674,0.3386749443555923,-0.0024085749306397516,DEPTH_PROPOSAL_CERTIFIED,0.8202976585892121,0,32,0,0,4,FULL_MOTION_CERTIFICATE,0,0,0,10,0,0,0,0,0,,5.616666666,1.97111527119,0.338672025596,-0.002418009802,0.982673223137,0.184687073332,-0.0156211866992,0.985557635594,0.169336012798,-0.001209004901,1.12709478886,0.191358467948,-0.0163280073231,1.1270946504517714,0.19135928315871722,-0.016328007323066315
5.583333333333333,-59.455126587303646,-10.012106687219129,2.950276437123078,1.3260114739127438,0.2227924898175476,-0.018850952935006694,1.9711145525321692,0.3386763084232143,-0.0024039360913303684,DEPTH_PROPOSAL_CERTIFIED,0.8066994946157415,0,32,0,0,4,FULL_MOTION_CERTIFICATE,0,0,0,10,0,0,0,0,0,,5.65,1.97111478124,0.338674944356,-0.00240857493064,0.982673223137,0.184687073332,-0.0156211866992,0.985557390621,0.169337472178,-0.00120428746532,1.11271888022,0.189054051606,-0.0161303280403,1.1110883951044885,0.18871002031303527,-0.01610143149281245
5.6,-59.43329570506002,-10.008436077164678,2.949965689706604,1.3098529346177725,0.22023660326702485,-0.018644844988436576,1.9711143340222752,0.33867761268236674,-0.0023993498485429384,DEPTH_PROPOSAL_CERTIFIED,0.7933106637216465,0,32,0,0,4,FULL_MOTION_CERTIFICATE,0,0,0,10,0,0,0,0,0,,5.65,1.97111478124,0.338674944356,-0.00240857493064,0.982673223137,0.184687073332,-0.0156211866992,0.985557390621,0.169337472178,-0.00120428746532,1.11271888022,0.189054051606,-0.0161303280403,1.1127187552191233,0.18905478735064712,-0.016130328040281135
5.616666666666666,-59.41173162919092,-10.004807710776111,2.9496583635821234,1.2938445521458677,0.2177019833140403,-0.01843956746884736,1.9711141251583466,0.33867886039523004,-0.002394811607203026,DEPTH_PROPOSAL_CERTIFIED,0.7801280510740194,0,32,0,0,4,FULL_MOTION_CERTIFICATE,0,0,0,10,0,0,0,0,0,,5.666666666,1.97111455253,0.338676308423,-0.00240393609133,0.982672324425,0.184691855087,-0.0156211866992,0.985557276266,0.169338154212,-0.00120196804567,1.09854240413,0.186778925025,-0.0159351817299,1.0985422859886274,0.18677961988762862,-0.01593518172985891
5.633333333333334,-59.39043379301323,-10.001221645746051,2.949354478148322,1.2778701706613513,0.21516390180358064,-0.018233126028095216,1.9711139257460895,0.3386800526959988,-0.0023903212495830464,DEPTH_PROPOSAL_CERTIFIED,0.7671497164662233,0,32,0,0,4,FULL_MOTION_CERTIFICATE,0,0,0,10,0,0,0,0,0,,5.683333333,1.97111433402,0.338677612682,-0.00239934984854,0.982672324425,0.184691855087,-0.0156211866992,0.985557167011,0.169338806341,-0.00119967492427,1.08298282788,0.184198652794,-0.0157145404509,1.0829827165502612,0.18419930737597445,-0.015714540450919207
5.65,-59.36940136548253,-9.997677886022721,2.9490540470999798,1.2619456518421148,0.21262558339980459,-0.018025862900538408,1.971113735378387,0.3386811919539414,-0.002385879150180103,DEPTH_PROPOSAL_CERTIFIED,0.7548177326415422,0,32,0,0,4,FULL_MOTION_CERTIFICATE,0,0,0,10,0,0,0,0,0,,5.7,1.97111412516,0.338678860395,-0.0023948116072,0.982672324425,0.184691855087,-0.0156211866992,0.985557062579,0.169339430198,-0.0011974058036,1.06766662716,0.181657482274,-0.0154972527443,1.0676665222474298,0.1816580988737367,-0.015497252744345328
5.666666666666667,-59.348633276039756,-9.994176386575162,2.9487570789202224,1.246085366566614,0.21008996685353568,-0.017818090785431163,1.9711135536700009,0.3386822804115567,-0.0023814855970464327,DEPTH_PROPOSAL_CERTIFIED,0.7429129353035693,0,32,0,0,4,FULL_MOTION_CERTIFICATE,0,0,0,10,0,0,0,0,0,,5.716666666,1.97111392575,0.338680052696,-0.00239032124958,0.982672324425,0.184691855087,-0.0156211866992,0.985556962873,0.169340026348,-0.00119516062479,1.05258998506,0.179154864218,-0.0152832709811,1.0525898862055034,0.17915544498905503,-0.015283270981122773
5.683333333333334,-59.32812823749816,-9.990717057792,2.948463577334958,1.2303023124954031,0.20755972698974742,-0.01761009511586897,1.9711133802562606,0.33868332019212183,-0.0023771407990496496,DEPTH_PROPOSAL_CERTIFIED,0.7311996612522913,0,32,0,0,4,FULL_MOTION_CERTIFICATE,0,0,0,10,0,0,0,0,0,,5.733333333,1.97111373538,0.338681191954,-0.00238587915018,0.982672324425,0.184691855087,-0.0156211866992,0.985556867689,0.169340595977,-0.00119293957509,1.03774914595,0.17669025369,-0.0150725479472,1.0377490528266275,0.17669080065153073,-0.015072547947210208
5.7,-59.30788513578553,-9.987298963906959,2.9481733961289303,1.2145861027576912,0.2050856331025323,-0.01741087236166838,1.9711132147918407,0.33868431330678905,-0.002372844892583304,DEPTH_PROPOSAL_CERTIFIED,0.719676343226415,0,32,0,0,4,FULL_MOTION_CERTIFICATE,0,0,0,10,0,0,0,0,0,,5.75,1.97111355367,0.338682280412,-0.00238148559705,0.92114870354,0.385800883589,-0.0514076277356,0.985556776835,0.169341140206,-0.00119074279852,1.022848432,0.174901172781,-0.0149803547604,1.0228483439576053,0.1749016876785078,-0.01498035476042118
5.716666666666667,-59.287902638171644,-9.983921216825903,2.947886400474703,1.198949856833311,0.20266482486333706,-0.017219739253635784,1.971113059270674,0.33868524816916995,-0.0023685956159624384,DEPTH_PROPOSAL_CERTIFIED,0.7083412727531453,0,32,0,0,4,FULL_MOTION_CERTIFICATE,0,0,0,10,0,0,0,0,0,,5.783333333,1.97111321479,0.338684313307,-0.00237284489258,0.92114870354,0.385800883589,-0.0514076277356,0.985556607396,0.169342156653,-0.00118642244629,0.993762946424,0.171378260275,-0.0147952971416,1.0081876565558718,0.17313096434515493,-0.014887915335638102
5.733333333333333,-59.2681792150346,-9.980582972432014,2.9476024659847586,1.1834053882226991,0.20029466363336215,-0.017036069396662887,1.9711129154602005,0.3386861145097353,-0.0023643908912305126,DEPTH_PROPOSAL_CERTIFIED,0.6971926166196951,0,32,0,0,4,FULL_MOTION_CERTIFICATE,0,0,0,11,0,0,0,0,0,,5.8,1.97111305927,0.338685248169,-0.00236859561596,0.92114870354,0.385800883589,-0.0514076277356,0.985556529635,0.169342624085,-0.00118429780798,0.993639701057,0.172081165429,-0.014913738148,0.993762871173233,0.1713786966276681,-0.014795297141593524
5.75,-59.24869539512477,-9.977280350640415,2.947321211205987,1.1690291945899496,0.19815730749599103,-0.016875286726306858,1.971112784920998,0.3386869032616385,-0.002360228808773868,DEPTH_PROPOSAL_CERTIFIED,0.6862184909261748,0,32,0,0,4,FULL_MOTION_CERTIFICATE,0,0,0,11,0,0,0,0,0,,5.8,1.97111305927,0.338685248169,-0.00236859561596,0.92114870354,0.385800883589,-0.0514076277356,0.985556529635,0.169342624085,-0.00118429780798,0.993639701057,0.172081165429,-0.014913738148,0.9936396322704046,0.17208156262006324,-0.014913738147963282
5.766666666666667,-59.22945094384423,-9.974012856773873,2.947042552737174,1.1546670768324898,0.19604963199248734,-0.016719508128774083,1.971112669093751,0.33868760608194365,-0.00235610368858999,DEPTH_PROPOSAL_CERTIFIED,0.6754178708597691,0,32,0,0,4,FULL_MOTION_CERTIFICATE,0,0,0,11,0,0,0,0,0,,5.833333333,1.97111278492,0.338686903262,-0.00236022880877,0.92114870354,0.385800883589,-0.0514076277356,0.98555639246,0.169343451631,-0.00118011440439,0.965486766641,0.168608860221,-0.0147242588837,0.9794492401914797,0.1703359908497422,-0.014819009238874198
5.783333333333333,-59.21044535665748,-9.970780009969815,2.9467664135224583,1.1403352312050012,0.19397080824347462,-0.01656835288293749,1.971112569200956,0.3386882158667486,-0.0023520142440601926,DEPTH_PROPOSAL_CERTIFIED,0.6647895621123239,0,32,0,0,4,FULL_MOTION_CERTIFICATE,0,0,0,11,0,0,0,0,0,,5.833333333,1.97111278492,0.338686903262,-0.00236022880877,0.92114870354,0.385800883589,-0.0514076277356,0.98555639246,0.169343451631,-0.00118011440439,0.965486766641,0.168608860221,-0.0147242588837,0.9654867145496405,0.16860915850551933,-0.01472425888373104
5.8,-59.19167788441561,-9.967581342116151,2.946492722300773,1.1260483345121521,0.19192007121983073,-0.016421473301124194,1.9711124863048248,0.33868872644416,-0.002347959293766676,DEPTH_PROPOSAL_CERTIFIED,0.6557423142517378,0,32,0,0,4,FULL_MOTION_CERTIFICATE,0,0,0,11,0,0,0,0,0,,5.85,1.97111266909,0.338687606082,-0.00235610368859,0.92114870354,0.385800883589,-0.0514076277356,0.985556334547,0.169343803041,-0.00117805184429,0.951748238023,0.16690083339,-0.014629542403,0.9517481948593921,0.16690107953137526,-0.014629542403001976
5.816666666666666,-59.1731475566615,-9.964416396885456,2.9462214131013087,1.1118196652469654,0.1898967138417341,-0.016278551967853976,1.9711124213216056,0.33868913249097704,-0.0023439377522822065,DEPTH_PROPOSAL_CERTIFIED,0.6485311966926393,0,32,0,0,4,FULL_MOTION_CERTIFICATE,0,0,0,11,0,0,0,0,0,,5.866666666,1.9711125692,0.338688215867,-0.00235201424406,0.92114870354,0.385800883589,-0.0514076277356,0.9855562846,0.169344107933,-0.00117600712203,0.938229934178,0.165211560935,-0.014534911702,0.938229900211687,0.16521175382895487,-0.014534911701957328
5.833333333333333,-59.154853203071816,-9.961284728858475,2.9459524247812143,1.097661215380739,0.1879000816188254,-0.016139299205654146,1.9711123750347384,0.3386894294561922,-0.002339948621727569,DEPTH_PROPOSAL_CERTIFIED,0.6413632290732134,0,32,0,0,4,FULL_MOTION_CERTIFICATE,0,0,0,11,0,0,0,0,0,,5.883333333,1.9711124863,0.338688726444,-0.00234795929377,0.92114870354,0.385800883589,-0.0514076277356,0.985556243152,0.169344363222,-0.00117397964688,0.924928151586,0.163541029522,-0.0144404155068,0.9249281270127778,0.16354116849933947,-0.01444041550681621
5.85,-59.13679347318157,-9.958185902729944,2.9456857006022306,1.0835837934148569,0.1859295677117892,-0.01600345073903146,1.9711123481069268,0.33868961349075843,-0.0023359909840339416,DEPTH_PROPOSAL_CERTIFIED,0.6342399239145788,0,32,0,0,4,FULL_MOTION_CERTIFICATE,0,0,0,11,0,0,0,0,0,,5.916666666,1.97111237503,0.338689429456,-0.00233994862173,0.92114870354,0.385800883589,-0.0514076277356,0.985556187517,0.169344714728,-0.00116997431086,0.898959702938,0.160256074929,-0.01425200627,0.9118392454310938,0.16188929804594734,-0.014346099446234694
5.866666666666666,-59.11896685452356,-9.955119492589008,2.945421187843031,1.0695971194804785,0.18398460845622275,-0.01587076555198174,1.9711123410912217,0.3386896813831394,-0.002332063993855095,DEPTH_PROPOSAL_CERTIFIED,0.6271626578029523,0,32,0,0,4,FULL_MOTION_CERTIFICATE,0,0,0,11,0,0,0,0,0,,5.933333333,1.97111234811,0.338689613491,-0.00233599098403,0.92114870354,0.385800883589,-0.0514076277356,0.985556174053,0.169344806745,-0.00116799549202,0.900354022704,0.161159687049,-0.0143829090086,0.8989596974810633,0.1602561055383121,-0.01425200626997517
5.883333333333334,-59.10135392663898,-9.952081901823071,2.945158553690578,1.0567756730749027,0.18225544595615736,-0.01575804914717875,1.971112354441185,0.33868963050017376,-0.002328166872075887,DEPTH_PROPOSAL_CERTIFIED,0.620125641788869,0,32,0,0,4,FULL_MOTION_CERTIFICATE,0,0,0,11,0,0,0,0,0,,5.933333333,1.97111234811,0.338689613491,-0.00233599098403,0.92114870354,0.385800883589,-0.0514076277356,0.985556174053,0.169344806745,-0.00116799549202,0.900354022704,0.161159687049,-0.0143829090086,0.9003540269268849,0.16115966345536087,-0.01438290900858238
5.9,-59.0839527974927,-9.949071880465425,2.944897614182475,1.0440677487768795,0.1806012814587395,-0.015656370486177046,1.9711123888653603,0.33868945675304946,-0.0023242946921590226,DEPTH_PROPOSAL_CERTIFIED,0.6131303987328283,0,32,0,0,4,FULL_MOTION_CERTIFICATE,0,0,0,11,0,0,0,0,0,,5.95,1.97111234109,0.338689681383,-0.00233206399386,0.92114870354,0.385800883589,-0.0514076277356,0.985556170546,0.169344840692,-0.00116603199693,0.889031058138,0.160420553299,-0.014415890822,0.8890310723409965,0.16042047459024153,-0.01441589082195623
5.916666666666667,-59.06678078930434,-9.94609257274437,2.944638651081858,1.0303204913017532,0.17875846326337502,-0.015537786037015429,1.9711124468480172,0.33868914570411807,-0.002320444577398046,DEPTH_PROPOSAL_CERTIFIED,0.6061854348669398,0,32,0,0,4,FULL_MOTION_CERTIFICATE,0,0,0,11,0,0,0,0,0,,5.983333333,1.97111238887,0.338689456753,-0.00232429469216,0.92114870354,0.385800883589,-0.0514076277356,0.985556194433,0.169344728377,-0.00116214734608,0.864011166687,0.157160077373,-0.0142185000658,0.8626039501052123,0.15627608127992831,-0.014091055757243686
5.933333333333334,-59.049818767592,-9.943140535959714,2.944381353746356,1.0177213027403542,0.1771222070793979,-0.015437840130108793,1.9711125279455357,0.33868869990670114,-0.0023166207431776073,DEPTH_PROPOSAL_CERTIFIED,0.5992847216612807,0,32,0,0,4,FULL_MOTION_CERTIFICATE,0,0,0,11,0,0,0,0,0,,6,1.97111244685,0.338689145704,-0.0023204445774,0.92114870354,0.385800883589,-0.0514076277356,0.985556223424,0.169344572852,-0.0011602222887,0.866825649293,0.158927796653,-0.0144733886831,0.8640112022912876,0.15715988163487696,-0.014218500065847831
5.95,-59.033047270635194,-9.940211472239628,2.9441252741525803,1.0062898174085542,0.1757438232051071,-0.015364775626544197,1.9711126325865982,0.3386881168975779,-0.002312818605746302,DEPTH_PROPOSAL_CERTIFIED,0.5924224135266642,0,32,0,0,4,FULL_MOTION_CERTIFICATE,0,0,0,11,0,0,0,0,0,,6.016666666,1.97111252795,0.338688699907,-0.00231662074318,0.92114870354,0.385800883589,-0.0514076277356,0.985556263973,0.169344349953,-0.00115831037159,0.871047372865,0.161579375361,-0.0148557215783,0.866825696360592,0.15892753993875913,-0.01447338868305612
5.966666666666667,-59.016446534264524,-9.937300293333967,2.943869837303815,0.9960441822401618,0.1746707343396259,-0.015326210925918267,1.9711127633386452,0.33868738178083857,-0.0023090313838762975,DEPTH_PROPOSAL_CERTIFIED,0.5855927876155289,0,32,0,0,5,FULL_MOTION_CERTIFICATE,0,0,0,11,0,0,0,0,0,,6.033333333,1.97111263259,0.338688116898,-0.00231281860575,0.92114870354,0.385800883589,-0.0514076277356,0.985556316293,0.169344058449,-0.00115640930287,0.876676337993,0.165114813868,-0.0153654988051,0.8710474331857748,0.16157905018075522,-0.014855721578281926
5.983333333333333,-58.99999651477221,-9.934401180497932,2.943614350849142,0.9870011695390809,0.1739467701620799,-0.015329187280398084,1.9711129247472325,0.33868646816138614,-0.0023052502635234496,DEPTH_PROPOSAL_CERTIFIED,0.5787901893538507,0,32,0,0,6,FULL_MOTION_CERTIFICATE,0,0,0,11,0,0,0,0,0,,6.05,1.97111276334,0.338687381781,-0.00230903138388,0.92114870354,0.385800883589,-0.0514076277356,0.985556381669,0.16934369089,-0.00115451569194,0.883712544424,0.169534112015,-0.0160027203404,0.8766764145858934,0.16511440719601886,-0.015365498805051852
6.0,-58.98367691008789,-9.931507639839566,2.9433580139739384,0.9791762810591985,0.17361243950194763,-0.015380212512218374,1.9711131231874943,0.33868533900800246,-0.0023014645500644333,DEPTH_PROPOSAL_CERTIFIED,0.5720089828750687,0,32,0,0,8,FULL_MOTION_CERTIFICATE,0,0,0,11,0,0,0,0,0,,6.066666666,1.97111292475,0.338686468161,-0.00230525026352,0.92114870354,0.385800883589,-0.0514076277356,0.985556462374,0.169343234081,-0.00115262513176,0.892155991566,0.17483726943,-0.0167673861309,0.883712641604633,0.16953360544833374,-0.01600272034042592
6.016666666666667,-58.967467179350535,-9.92861255347444,2.943099925616893,0.9725838442412779,0.17370518190749662,-0.015485301422722855,1.971113366726798,0.3386839474512459,-0.002297661809038487,DEPTH_PROPOSAL_CERTIFIED,0.5652435055991971,0,32,0,0,8,FULL_MOTION_CERTIFICATE,0,0,0,11,0,0,0,0,0,,6.083333333,1.97111312319,0.338685339008,-0.00230146455006,0.92114870354,0.385800883589,-0.0514076277356,0.985556561594,0.169342669504,-0.00115073227503,0.902006680519,0.181024286804,-0.0176594962758,0.8921561150626461,0.17483663925519413,-0.01676738613087753
6.033333333333333,-58.95134656099527,-9.925708226803673,2.942839092064326,0.9672371013157789,0.1742596002460924,-0.01565001315401758,1.9711136649977523,0.33868223752103216,-0.0022938279962473394,DEPTH_PROPOSAL_CERTIFIED,0.5584880262664149,0,32,0,0,8,FULL_MOTION_CERTIFICATE,0,0,0,11,0,0,0,0,0,,6.1,1.97111336673,0.338683947451,-0.00229766180904,0.921210102112,0.385833320555,-0.0500459440565,0.985556683363,0.169341973726,-0.00114883090452,0.913264987008,0.188095374233,-0.0186733069011,0.9020068376246914,0.18102350397696096,-0.017659496275813234
6.05,-58.93529408899675,-9.922786431945982,2.9425744412216743,0.9631483199113147,0.1753076914614501,-0.015879050559101385,1.9711140290807958,0.33868014482836445,-0.0022899475779997337,DEPTH_PROPOSAL_CERTIFIED,0.5517367020314723,0,32,0,0,8,FULL_MOTION_CERTIFICATE,0,0,0,11,0,0,0,0,0,,6.116666666,1.971113665,0.338682237521,-0.00229382799625,0.921210123283,0.385833313571,-0.0500456081932,0.985556832499,0.169341118761,-0.00114691399812,0.925930914225,0.196050533356,-0.0198087554943,0.9132651867768512,0.18809440428881383,-0.01867330690112383
6.066666666666666,-58.91928860835204,-9.919838448142858,2.942304828630367,0.9603288386826554,0.17687902818744425,-0.016176755478436125,1.971114471395998,0.3386775971925081,-0.0022860037585284,DEPTH_PROPOSAL_CERTIFIED,0.5449835417070286,0,32,0,0,8,FULL_MOTION_CERTIFICATE,0,0,0,11,0,0,0,0,0,,6.133333333,1.97111402908,0.338680144828,-0.002289947578,0.921210145905,0.385833303647,-0.0500452682825,0.98555701454,0.169340072414,-0.001144973789,0.940004467932,0.204889767388,-0.021065778009,0.9259311676930121,0.1960493362445732,-0.019808755494319947
6.083333333333333,-58.90330878938702,-9.91685509910101,2.9420290430308143,0.9587891379014356,0.17900094251092838,-0.01654713597317748,1.9711150056026614,0.33867451522339664,-0.0022819785751995707,DEPTH_PROPOSAL_CERTIFIED,0.5382223707291101,0,32,0,0,8,FULL_MOTION_CERTIFICATE,0,0,0,11,0,0,0,0,0,,6.15,1.9711144714,0.338677597193,-0.00228600375853,0.921210170284,0.385833290244,-0.0500449228596,0.985557235698,0.169338798596,-0.00114300187926,0.955485651671,0.214613078111,-0.0224443081347,0.9400047883705541,0.20488829725743476,-0.02106577800902202
6.1,-58.88733314098138,-9.913826787508004,2.941745811506815,0.9585389043381188,0.1816986955803193,-0.01699389143995697,1.9711156465064958,0.3386708128597006,-0.002277852986497932,DEPTH_PROPOSAL_CERTIFIED,0.5314467973710113,0,32,0,0,8,FULL_MOTION_CERTIFICATE,0,0,0,11,0,0,0,0,0,,6.166666666,1.9711150056,0.338674515223,-0.0022819785752,0.922016744465,0.38616579017,-0.0275881392806,0.985557502801,0.169337257612,-0.0011409892876,0.972378653327,0.225222076384,-0.0238127680349,0.9554860548656537,0.21461128302688878,-0.022444308134666767
6.116666666666666,-58.871340017508146,-9.91074352490184,2.9414539702901457,0.9595874083943415,0.18499575636991927,-0.017510473000181475,1.971116409973791,0.33866639786588565,-0.0022736069533350455,DEPTH_PROPOSAL_CERTIFIED,0.5246500923328794,0,32,0,0,8,FULL_MOTION_CERTIFICATE,0,0,0,11,0,0,0,0,0,,6.183333333,1.97111564651,0.33867081286,-0.0022778529865,0.922016744465,0.38616579017,-0.0275881392806,0.985557823253,0.16933540643,-0.00113892649325,0.990683469489,0.23671674168,-0.0251687494569,0.9723791578802586,0.22521989800303882,-0.02381276803492045
6.133333333333334,-58.85530763053901,-9.907594961337969,2.9411524595324954,0.9619432181479938,0.1889138138322104,-0.018090645459026198,1.9711173128520831,0.33866117227324694,-0.0022692221780184116,DEPTH_PROPOSAL_CERTIFIED,0.5178251589141138,0,32,0,0,8,FULL_MOTION_CERTIFICATE,0,0,0,11,0,0,0,0,0,,6.2,1.97111640997,0.338666397866,-0.00227360695334,0.922016744465,0.38616579017,-0.0275881392806,0.985558204987,0.169333198933,-0.00113680347667,1.01040009026,0.249097048639,-0.0265097446816,0.9906840971425499,0.23671411487215965,-0.025168749456931417
6.15,-58.83921405967078,-9.904370412815448,2.940840318599059,0.9656142520938593,0.1934729113512922,-0.018728456006193005,1.9711183728966721,0.33865503280553666,-0.0022646820209084304,DEPTH_PROPOSAL_CERTIFIED,0.5109645029846768,0,32,0,0,8,FULL_MOTION_CERTIFICATE,0,0,0,11,0,0,0,0,0,,6.216666666,1.97111731285,0.338661172273,-0.00226922217802,0.922016744465,0.38616579017,-0.0275881392806,0.985558656426,0.169330586137,-0.00113461108901,1.03152850159,0.26236296842,-0.0278331317834,1.0104008662334194,0.2490939010840901,-0.026509744681628082
6.166666666666667,-58.823037262536346,-9.901058886630285,2.9405166818628734,0.970607828066046,0.19869157110973396,-0.019418204171129844,1.9711196087026643,0.3386478712719335,-0.0022599714253437138,DEPTH_PROPOSAL_CERTIFIED,0.5040602024248362,0,32,0,0,8,FULL_MOTION_CERTIFICATE,0,0,0,11,0,0,0,0,0,,6.233333333,1.9711183729,0.338655032806,-0.00226468202091,0.922016744465,0.38616579017,-0.0275881392806,0.985559186448,0.169327516403,-0.00113234101045,1.05406868898,0.276514470909,-0.0291361574842,1.0315294549267233,0.26235922016272395,-0.027833131783359295
6.183333333333334,-58.80675508405738,-9.897649104810304,2.9401807749836157,0.9769307087381438,0.20458690919887196,-0.02015441275545379,1.971121039642114,0.3386395749297337,-0.0022550768505143533,DEPTH_PROPOSAL_CERTIFIED,0.497103875731988,0,32,0,0,8,FULL_MOTION_CERTIFICATE,0,0,0,11,0,0,0,0,0,,6.25,1.9711196087,0.338647871272,-0.00225997142534,0.922016744465,0.38616579017,-0.0275881392806,0.985559804351,0.169323935636,-0.00112998571267,1.07802062895,0.291551519179,-0.0304159163385,1.054069852937738,0.27651003388635603,-0.029136157484205946
6.2,-58.79034526500693,-9.894129525783862,2.9398319116604403,0.9845891430270571,0.21117474158645155,-0.02093179939053664,1.9711226858058926,0.3386300268189613,-0.0022499862120363696,DEPTH_PROPOSAL_CERTIFIED,0.4897680645893814,0,32,0,0,8,FULL_MOTION_CERTIFICATE,0,0,0,12,0,0,0,0,0,,6.266666666,1.97112103964,0.33863957493,-0.00225507685051,0.922016744465,0.38616579017,-0.0275881392806,0.985560519821,0.169319787465,-0.00112753842526,1.10338429161,0.307474070959,-0.0316693269274,1.0780220413517996,0.29154629671492277,-0.03041591633854743
6.216666666666667,-58.77378544993091,-9.890488364414429,2.939469490853001,0.9935889045607205,0.21846968216600682,-0.021745248446359042,1.9711245679499076,0.33861910607103274,-0.002244688830074037,DEPTH_PROPOSAL_CERTIFIED,0.48220904818852584,0,32,0,0,8,FULL_MOTION_CERTIFICATE,0,0,0,12,0,0,0,0,0,,6.283333333,1.97112268581,0.338630026819,-0.00224998621204,0.922016744465,0.38616579017,-0.0275881392806,0.985561342903,0.169315013409,-0.00112499310602,1.13015964465,0.324282080871,-0.032893103347,1.1033859952714136,0.3074679572365812,-0.03166932692739242
6.233333333333333,-58.7570531944721,-9.886713610521996,2.939092994471192,1.0039353275287202,0.226485233545974,-0.022589782908528897,1.9711267074453442,0.33860668819335443,-0.0022391753849299355,DEPTH_PROPOSAL_CERTIFIED,0.47466420798645736,0,32,0,0,8,FULL_MOTION_CERTIFICATE,0,0,0,12,0,0,0,0,0,,6.3,1.97112456795,0.338619106071,-0.00224468883007,0.922016744465,0.38616579017,-0.0275881392806,0.985562283975,0.169309553036,-0.00112234441504,1.15834664238,0.341975493339,-0.0340837200637,1.1301616877383176,0.3242749603815738,-0.032893103347001185
6.25,-58.74012597215554,-9.882793046014964,2.9387019855424703,1.015633338993587,0.23523387042196156,-0.0234605357233125,1.9711291262326267,0.33859264533158057,-0.0022334378801252214,DEPTH_PROPOSAL_CERTIFIED,0.46712973675027547,0,32,0,0,8,FULL_MOTION_CERTIFICATE,0,0,0,12,0,0,0,0,0,,6.316666666,1.97112670745,0.338606688193,-0.00223917538493,0.922016744465,0.38616579017,-0.0275881392806,0.985563353723,0.169303344097,-0.00111958769246,1.18794522817,0.360554243752,-0.035237369739,1.1583490788649626,0.3419672403090104,-0.0340837200636725
6.266666666666667,-58.722981180673294,-9.878714260736299,2.9382961068738296,1.028687488934551,0.24472711671988212,-0.024352720118442212,1.9711318467788035,0.33857684651125647,-0.002227469613125861,DEPTH_PROPOSAL_CERTIFIED,0.45960222916514815,0,32,0,0,8,FULL_MOTION_CERTIFICATE,0,0,0,12,0,0,0,0,0,,6.316666666,1.97112670745,0.338606688193,-0.00223917538493,0.922016744465,0.38616579017,-0.0275881392806,0.985563353723,0.169303344097,-0.00111958769246,1.18794522817,0.360554243752,-0.035237369739,1.1879481182143132,0.36054472155451345,-0.035237369739024735
6.283333333333333,-58.705596147702224,-9.874464667119309,2.9378750802369953,1.043101978264379,0.2549756170193533,-0.025261598210044832,1.9711348920380913,0.3385591578603328,-0.0022212651540033197,DEPTH_PROPOSAL_CERTIFIED,0.4520786966525785,0,32,0,0,8,FULL_MOTION_CERTIFICATE,0,0,0,12,0,0,0,0,0,,6.333333333,1.97112912623,0.338592645332,-0.00223343788013,0.922016744465,0.38616579017,-0.0275881392806,0.985564563116,0.169296322666,-0.00111671894006,1.21895533769,0.38001826013,-0.0363499109276,1.2189587480882798,0.3800073206729023,-0.03634991092759685
6.3,-58.68794813630824,-9.870031513755212,2.9374387061209357,1.0588806836388458,0.26598920184580066,-0.026182446963564723,1.9711382854153439,0.33853944281391024,-0.0022148203325031753,DEPTH_PROPOSAL_CERTIFIED,0.44455658337016735,0,32,0,0,8,FULL_MOTION_CERTIFICATE,0,0,0,12,0,0,0,0,0,,6.366666666,1.97113489204,0.33855915786,-0.002221265154,0.922016744465,0.38616579017,-0.0275881392806,0.985567446019,0.16927957893,-0.001110632577,1.28520976099,0.421601718134,-0.0384330160855,1.251380889207342,0.4003549367284595,-0.037416801756507446
6.316666666666666,-58.67002571357721,-9.865409710125066,2.936987479182701,1.0753453638621446,0.2773082178087209,-0.027073616294090563,1.971142050732193,0.33851756230263663,-0.0022081322342453243,DEPTH_PROPOSAL_CERTIFIED,0.43703575808168615,0,32,0,0,8,FULL_MOTION_CERTIFICATE,0,0,0,12,0,0,0,0,0,,6.383333333,1.97113828542,0.338539442814,-0.0022148203325,0.922016744465,0.38616579017,-0.0275881392806,0.985569142708,0.169269721407,-0.00110741016625,1.31907880985,0.442858665983,-0.0394477875538,1.2852144411374222,0.42158745090555805,-0.03843301608545883
6.333333333333333,-58.651827782122155,-9.860600795789688,2.9365222651759413,1.0918758873035026,0.28853486012267204,-0.027912840405584137,1.9711461964763366,0.3384934664013274,-0.0022012088689566177,DEPTH_PROPOSAL_CERTIFIED,0.42951842363561843,0,32,0,0,8,FULL_MOTION_CERTIFICATE,0,0,0,12,0,0,0,0,0,,6.4,1.97114205073,0.338517562303,-0.00220813223425,0.922016744465,0.38616579017,-0.0275881392806,0.985571025366,0.169258781151,-0.00110406611712,1.35294785872,0.464115613831,-0.0404625590221,1.319084223690666,0.44284254024033365,-0.03944778755380256
6.35,-58.63335346125613,-9.855606022651823,2.9360437654568576,1.1084592519617869,0.29968638827191485,-0.028709983145006862,1.9711507181165873,0.3384671809076675,-0.0021940640095351707,DEPTH_PROPOSAL_CERTIFIED,0.42200718609588184,0,32,0,0,8,FULL_MOTION_CERTIFICATE,0,0,0,12,0,0,0,0,0,,6.416666666,1.97114619648,0.338493466401,-0.00220120886896,0.922016744465,0.38616579017,-0.0275881392806,0.985573098238,0.169246733201,-0.00110060443448,1.38681690555,0.485372560405,-0.0414773304296,1.3529540479451236,0.4640975711611209,-0.04046255902214629
6.366666666666666,-58.61460203319939,-9.850426422080423,2.9355525560650206,1.1250856834043237,0.31077603428399414,-0.02947256351021098,1.9711556119925808,0.33843872652938056,-0.002186708788336358,DEPTH_PROPOSAL_CERTIFIED,0.41450497331363223,0,32,0,0,8,FULL_MOTION_CERTIFICATE,0,0,0,12,0,0,0,0,0,,6.433333333,1.97115071812,0.338467180908,-0.00219406400954,0.922016744465,0.38616579017,-0.0275881392806,0.985575359058,0.169233590454,-0.00109703200477,1.42068595441,0.506629508253,-0.0424921018979,1.3868239122865882,0.4853525401424299,-0.04147733042960373
6.383333333333334,-58.59557290505387,-9.845062853633866,2.935049115863186,1.1417476887311375,0.32181410679334677,-0.030206412110090203,1.9711608751098038,0.3384081200732326,-0.0021791523244853875,DEPTH_PROPOSAL_CERTIFIED,0.4070149762835382,0,32,0,0,8,FULL_MOTION_CERTIFICATE,0,0,0,12,0,0,0,0,0,,6.45,1.97115561199,0.338438726529,-0.00218670878834,0.922016744465,0.38616579017,-0.0275881392806,0.985577805996,0.169219363265,-0.00109335439417,1.45314379288,0.527000749924,-0.0434645912209,1.4206938211112343,0.5066074479921991,-0.04249210189794746
6.4,-58.57626559974713,-9.839516014050309,2.934533832163976,1.1584383184042129,0.33281037501342864,-0.030917021952598885,1.971166504991288,0.3383753753053292,-0.002171402175544841,DEPTH_PROPOSAL_CERTIFIED,0.3995406402532472,0,32,0,0,8,FULL_MOTION_CERTIFICATE,0,0,0,12,0,0,0,0,0,,6.466666666,1.97116087511,0.338408120073,-0.00217915232449,0.918397425397,0.394468209783,0.030675731355,0.985580437555,0.169204060037,-0.00108957616224,1.48500953023,0.547279925604,-0.0428818570366,1.453152547545273,0.526976609324985,-0.04346459122093122
6.416666666666667,-58.55667979113263,-9.833786300442794,2.9340083450321433,1.1751485168700069,0.3437828164509359,-0.03152922790997664,1.9711724996494762,0.3383405031138123,-0.002163464427118549,DEPTH_PROPOSAL_CERTIFIED,0.3920849645593518,0,32,0,0,8,FULL_MOTION_CERTIFICATE,0,0,0,12,0,0,0,0,0,,6.483333333,1.97116650499,0.338375375305,-0.00217140217554,0.918397629846,0.39446773349,0.030675735171,0.985583252496,0.169187687653,-0.00108570108777,1.51593012495,0.567201737583,-0.0409736907594,1.4850192123904145,0.5472536529438274,-0.042881857036597186
6.433333333333334,-58.53681527929205,-9.827873895931827,2.9334751341265437,1.1918707104346693,0.3547442706580037,-0.0319926543359756,1.971178857946431,0.3383035092714381,-0.002155365313142762,DEPTH_PROPOSAL_CERTIFIED,0.3846506652456181,0,32,0,0,8,FULL_MOTION_CERTIFICATE,0,0,0,12,0,0,0,0,0,,6.5,1.97117249965,0.338340503114,-0.00216346442712,0.985586249825,0.169170251557,-0.00108173221356,0.985586249825,0.169170251557,-0.00108173221356,1.54700950909,0.585465100314,-0.0390195896038,1.5159407700142635,0.5671732862789067,-0.040973690759427084
6.45,-58.516671268036305,-9.821779940860932,2.9329363931012833,1.2086406753445722,0.36563730425366314,-0.03232446151561277,1.9711855793605457,0.3382643958372699,-0.002147144586659752,DEPTH_PROPOSAL_CERTIFIED,0.3772397693915315,0,32,0,0,8,FULL_MOTION_CERTIFICATE,0,0,0,12,0,0,0,0,0,,6.516666666,1.97117885795,0.338303509271,-0.00215536531314,0.985589428973,0.169151754636,-0.00107768265657,0.985589428973,0.169151754636,-0.00107768265657,1.57813638274,0.602062900251,-0.0370277243642,1.547021126393682,0.5854344022914615,-0.03901958960384494
6.466666666666667,-58.49624648380325,-9.815506361531465,2.9323940782750326,1.2254870539834624,0.3764147597679521,-0.03253888957503752,1.9711926605328045,0.33822318139957225,-0.0021388374307498743,DEPTH_PROPOSAL_CERTIFIED,0.36985373699551227,0,32,0,0,8,FULL_MOTION_CERTIFICATE,0,0,0,12,0,0,0,0,0,,6.516666666,1.97117885795,0.338303509271,-0.00215536531314,0.985589428973,0.169151754636,-0.00107768265657,0.985589428973,0.169151754636,-0.00107768265657,1.57813638274,0.602062900251,-0.0370277243642,1.5781489710319845,0.6020299025856567,-0.03702772436420436
6.483333333333333,-58.47553927448361,-9.809055740162355,2.931849947469773,1.24243255917832,0.3870372821465544,-0.032647848315564054,1.971200095779439,0.3381798980932991,-0.0021304752371402824,DEPTH_PROPOSAL_CERTIFIED,0.36249355623763135,0,32,0,0,8,FULL_MOTION_CERTIFICATE,0,0,0,12,0,0,0,0,0,,6.55,1.97119266053,0.3382231814,-0.00213883743075,0.985596330266,0.1691115907,-0.00106941871537,0.985596330266,0.1691115907,-0.00106941871537,1.64009969288,0.630269874501,-0.03296321555,1.6092153339139639,0.6169600957725263,-0.03500624298851546
6.5,-58.45454769117389,-9.802431215101445,2.931305591151857,1.2594949985830373,0.39747150365459716,-0.032661379074964,1.971207877485222,0.3381345893135588,-0.002122086227487039,DEPTH_PROPOSAL_CERTIFIED,0.3551598179825227,0,32,0,0,8,FULL_MOTION_CERTIFICATE,0,0,0,12,0,0,0,0,0,,6.566666666,1.97120009578,0.338179898093,-0.00213047523714,0.98560004789,0.169089949047,-0.00106523761857,0.98560004789,0.169089949047,-0.00106523761857,1.67072749072,0.641899739106,-0.0309065872163,1.6401141798873349,0.6302321748421504,-0.032963215549988045
6.516666666666667,-58.43326955571629,-9.795636403568322,2.9307624575499474,1.27668812745622,0.4076886919873121,-0.03258801611457277,1.9712159964080977,0.33808730794611985,-0.002113695951489908,DEPTH_PROPOSAL_CERTIFIED,0.3478527739860038,0,32,0,0,8,FULL_MOTION_CERTIFICATE,0,0,0,12,0,0,0,0,0,,6.583333333,1.97120787749,0.338134589314,-0.00212208622749,0.985603938743,0.169067294657,-0.00106104311374,0.985603938743,0.169067294657,-0.00106104311374,1.70098633164,0.651904300263,-0.0288441403632,1.6707428872987833,0.6418596636825233,-0.030906587216346138
6.533333333333333,-58.41170251654722,-9.7886753414451,2.9302218730470413,1.29402235014397,0.41766372739330765,-0.03243507017435853,1.9712244419170826,0.3380381149870682,-0.002105327688650024,DEPTH_PROPOSAL_CERTIFIED,0.340572382195365,0,32,0,0,8,FULL_MOTION_CERTIFICATE,0,0,0,12,0,0,0,0,0,,6.6,1.97121599641,0.338087307946,-0.00211369595149,0.985607998204,0.169043653973,-0.00105684797574,0.985607998204,0.169043653973,-0.00105684797574,1.73078135406,0.660308034363,-0.0267834665859,1.701002600255059,0.6518618496585742,-0.028844140363248092
6.55,-58.38984409499726,-9.78155243617547,2.929685058845923,1.3115052929977247,0.42737431617773747,-0.03220885206709132,1.9712332021792345,0.33798707845946685,-0.002097002774433251,DEPTH_PROPOSAL_CERTIFIED,0.33666818982289004,0,32,0,0,8,FULL_MOTION_CERTIFICATE,0,0,0,12,0,0,0,0,0,,6.616666666,1.97122444192,0.338038114987,-0.00210532768865,0.985612220959,0.169019057494,-0.00105266384433,0.985612220959,0.169019057494,-0.00105266384433,1.76002182047,0.667140092684,-0.0247319456515,1.7307984498225075,0.6602632216732167,-0.026783466585914968
6.566666666666666,-58.36769172382764,-9.774272429913221,2.9291531446787884,1.329142270177097,0.43680037573490904,-0.031914850028064226,1.9712422643072005,0.3379342725599353,-0.0020887408668306276,DEPTH_PROPOSAL_CERTIFIED,0.3367148841566441,0,32,0,0,8,FULL_MOTION_CERTIFICATE,0,0,0,12,0,0,0,0,0,,6.616666666,1.97122444192,0.338038114987,-0.00210532768865,0.985612220959,0.169019057494,-0.00105266384433,0.985612220959,0.169019057494,-0.00105266384433,1.76002182047,0.667140092684,-0.0247319456515,1.7600396918069308,0.6670929433334487,-0.02473194565152198
6.583333333333333,-58.34524277947945,-9.766840370822676,2.928627180156095,1.3469366608914934,0.4459235454327216,-0.03155787136160251,1.9712516144757835,0.33787977698585997,-0.0020805601656463343,DEPTH_PROPOSAL_CERTIFIED,0.3368392204797708,0,32,0,0,8,FULL_MOTION_CERTIFICATE,0,0,0,12,0,0,0,0,0,,6.65,1.97124226431,0.33793427256,-0.00208874086683,0.985621132154,0.16896713628,-0.00104437043342,0.985621132154,0.16896713628,-0.00104437043342,1.81649699091,0.676226289612,-0.0206847460072,1.7886397599493884,0.6723843663415618,-0.022696731589835997
6.6,-58.32249460925495,-9.759261590974175,2.928108144215132,1.3648902134698768,0.4547267909100408,-0.031142156457756365,1.9712612380138077,0.33782367640663274,-0.002072477594030797,DEPTH_PROPOSAL_CERTIFIED,0.3370391133666828,0,32,0,0,8,FULL_MOTION_CERTIFICATE,0,0,0,13,0,0,0,0,0,,6.666666666,1.97125161448,0.337879776986,-0.00208056016565,0.985625807238,0.168939888493,-0.00104028008282,0.985625807238,0.168939888493,-0.00104028008282,1.84357094765,0.678557976831,-0.0187026753816,1.8165162355840636,0.6761745917983915,-0.020684746007210132
6.616666666666666,-58.29944455443858,-9.751541689673893,2.927596953027086,1.383003288982221,0.46319407801691037,-0.030671471282767176,1.9712711194759927,0.3377660600514259,-0.0020645089496224922,DEPTH_PROPOSAL_CERTIFIED,0.33731232481736484,0,32,0,0,8,FULL_MOTION_CERTIFICATE,0,0,0,13,0,0,0,0,0,,6.683333333,1.97126123801,0.337823676407,-0.00207247759403,0.985630619007,0.168911838203,-0.00103623879702,0.985630619007,0.168911838203,-0.00103623879702,1.86976867926,0.679472384391,-0.0167569725055,1.8435907803036244,0.6785040911725061,-0.01870267538155755
6.633333333333334,-58.27608997019568,-9.743686521356649,2.927094466642791,1.4012750545742438,0.47131009903463694,-0.030149183057715318,1.9712812426983957,0.337707021392753,-0.0020566690310339156,DEPTH_PROPOSAL_CERTIFIED,0.33765646729086196,0,32,0,0,8,FULL_MOTION_CERTIFICATE,0,0,0,13,0,0,0,0,0,,6.7,1.97127111948,0.337766060051,-0.00206450894962,0.985635559738,0.168883030026,-0.00103225447481,0.985635559738,0.168883030026,-0.00103225447481,1.88273195424,0.674612928493,-0.0147575467482,1.8697890287226344,0.6794163842283916,-0.016756972505452872
6.65,-58.2524284254965,-9.735701776424479,2.926601793018483,1.4196926819507785,0.47908469593018405,-0.029560417458460938,1.9712915908401232,0.33764665791002413,-0.0020489717441595726,DEPTH_PROPOSAL_CERTIFIED,0.338069110966144,0,32,0,0,8,FULL_MOTION_CERTIFICATE,0,0,0,13,0,0,0,0,0,,6.716666666,1.9712812427,0.337707021393,-0.00205666903103,0.985640621349,0.168853510696,-0.00102833451552,0.985640621349,0.168853510696,-0.00102833451552,1.88617275364,0.664973003343,-0.0127768631955,1.8827526113851214,0.6745552750786832,-0.01475754674822739
6.666666666666667,-58.228457385230065,-9.72759374475666,2.926120254284205,1.4382624159858735,0.48648190006907055,-0.028892324056706144,1.9713021475948953,0.3375850639925988,-0.0020414350019950286,DEPTH_PROPOSAL_CERTIFIED,0.3385472605878118,0,32,0,0,8,FULL_MOTION_CERTIFICATE,0,0,0,13,0,0,0,0,0,,6.716666666,1.9712812427,0.337707021393,-0.00205666903103,0.985640621349,0.168853510696,-0.00102833451552,0.985640621349,0.168853510696,-0.00102833451552,1.88617275364,0.664973003343,-0.0127768631955,1.8861935304963076,0.6649140675912625,-0.012776863195526381
6.683333333333334,-58.20417394929469,-9.719370103450887,2.925651144095618,1.4570061561224987,0.4934184783464247,-0.02814661131523,1.9713128949975038,0.3375223437557111,-0.002034080188112239,DEPTH_PROPOSAL_CERTIFIED,0.33908694726159494,0,32,0,0,8,FULL_MOTION_CERTIFICATE,0,0,0,13,0,0,0,0,0,,6.75,1.97130214759,0.337585063993,-0.002041435002,0.985651073797,0.168792531996,-0.001020717501,0.985651073797,0.168792531996,-0.001020717501,1.89400994222,0.640802102742,-0.00921879527162,1.889957809222995,0.6536427991143605,-0.010921790558707843
6.7,-58.17957491034308,-9.711040071325758,2.925195702879494,1.4759423370969271,0.499801927507667,-0.02732647296743454,1.9713238111946134,0.33745862409934047,-0.002026928248476303,DEPTH_PROPOSAL_CERTIFIED,0.3396831352896664,0,32,0,0,8,FULL_MOTION_CERTIFICATE,0,0,0,13,0,0,0,0,0,,6.766666666,1.971312895,0.337522343756,-0.00203408018811,0.985656447499,0.168761171878,-0.00101704009406,0.985656447499,0.168761171878,-0.00101704009406,1.89837152755,0.626270543846,-0.0077033476788,1.8940306545085743,0.6407408804417672,-0.009218795271619699
6.716666666666667,-58.154656843443675,-9.702614578874591,2.92475508076576,1.4950840139640218,0.5055295470700509,-0.02643732682403297,1.97133487005701,0.3373940570018647,-0.0020199992907877677,DEPTH_PROPOSAL_CERTIFIED,0.34032962836349134,0,32,0,0,8,FULL_MOTION_CERTIFICATE,0,0,0,13,0,0,0,0,0,,6.783333333,1.97132381119,0.337458624099,-0.00202692824848,0.985661905597,0.16872931205,-0.00101346412424,0.985661905597,0.16872931205,-0.00101346412424,1.90299138141,0.610110123997,-0.00642850410194,1.898392039190311,0.626208364865972,-0.0077033476788043375
6.733333333333333,-58.12941623740061,-9.69410644670614,2.9243302791781125,1.5144363625836008,0.5104879301070867,-0.025488095258862968,1.9713460407650718,0.33732882197453723,-0.0020133119840703654,DEPTH_PROPOSAL_CERTIFIED,0.34101898608862846,0,32,0,0,8,FULL_MOTION_CERTIFICATE,0,0,0,13,0,0,0,0,0,,6.8,1.97133487006,0.337394057002,-0.00201999929079,0.985667435029,0.168697028501,-0.00100999964539,0.985667435029,0.168697028501,-0.00100999964539,1.90781194617,0.592330188653,-0.00549227933736,1.9030115703089165,0.6100471493249857,-0.006428504101942932
6.75,-58.10384967835483,-9.685530555707821,2.9239220453935935,1.5339935427471176,0.5145534598991226,-0.024494027071155073,1.9713572873906602,0.337263128541971,-0.002006882612331926,DEPTH_PROPOSAL_CERTIFIED,0.3417424787213972,0,32,0,0,8,FULL_MOTION_CERTIFICATE,0,0,0,13,0,0,0,0,0,,6.816666666,1.97134604077,0.337328821975,-0.00201331198407,0.985673020383,0.168664410987,-0.00100665599204,0.985673020383,0.168664410987,-0.00100665599204,1.91262518916,0.573023208535,-0.00522377817004,1.9078316842819556,0.5922666112380071,-0.005492279337355031
6.766666666666667,-58.077954097869856,-9.676903914095705,2.9235305561266096,1.5537348290981614,0.5175984967269974,-0.02348935601903135,1.9713685685255526,0.3371972184575693,-0.0020007233668704978,DEPTH_PROPOSAL_CERTIFIED,0.3424902457520492,0,32,0,0,8,FULL_MOTION_CERTIFICATE,0,0,0,13,0,0,0,0,0,,6.816666666,1.97134604077,0.337328821975,-0.00201331198407,0.985673020383,0.168664410987,-0.00100665599204,0.985673020383,0.168664410987,-0.00100665599204,1.91262518916,0.573023208535,-0.00522377817004,1.9126443467179124,0.5729592609443265,-0.005223778170038371
6.783333333333333,-58.051727370011164,-9.668243096723597,2.9231559353336665,1.573603671521538,0.5196490423265292,-0.02247724757658764,1.9713798372189335,0.3371313661335634,-0.0019948372286220156,DEPTH_PROPOSAL_CERTIFIED,0.34325271439596905,0,32,0,0,8,FULL_MOTION_CERTIFICATE,0,0,0,13,0,0,0,0,0,,6.85,1.97136856853,0.337197218458,-0.00200072336687,0.985684284263,0.168598609229,-0.00100036168344,0.985684284263,0.168598609229,-0.00100036168344,1.92118777086,0.538650067121,-0.00475436557375,1.9170931346443043,0.5550985562983761,-0.004980073956247129
6.8,-58.02516823289481,-9.659564169880863,2.9227982628033717,1.5935482269811296,0.5207356105640477,-0.021460351817680134,1.9713910481118513,0.3370658368970454,-0.0019892263196128026,DEPTH_PROPOSAL_CERTIFIED,0.34402062237055187,0,32,0,0,8,FULL_MOTION_CERTIFICATE,0,0,0,13,0,0,0,0,0,,6.866666666,1.97137983722,0.337131366134,-0.00199483722862,0.985689918609,0.168565683067,-0.000997418614311,0.985689918609,0.168565683067,-0.000997418614311,1.92499019997,0.523383499475,-0.00454531040445,1.9212056748863175,0.5385862052489705,-0.004754365573749885
6.816666666666666,-57.998276205737014,-9.650882647415832,2.9224575783324425,1.6135216294679866,0.5208913479018239,-0.02044106825574509,1.971402157601198,0.33700088601916955,-0.001983892042485925,DEPTH_PROPOSAL_CERTIFIED,0.34511624215018055,0,32,0,0,8,FULL_MOTION_CERTIFICATE,0,0,0,13,0,0,0,0,0,,6.883333333,1.97139104811,0.337065836897,-0.00198922631961,0.985695524056,0.168532918449,-0.000994613159806,0.985695524056,0.168532918449,-0.000994613159806,1.92850541581,0.509268524755,-0.00435166766688,1.9250074428904846,0.5233200763755724,-0.004545310404450895
6.833333333333333,-57.97105150744834,-9.642213466039506,2.9221338858396604,1.6334818973206393,0.5201508825795547,-0.019421549566917565,1.971413123917469,0.336936758246143,-0.0019788351487902115,DEPTH_PROPOSAL_CERTIFIED,0.35106017734664174,0,32,0,0,8,FULL_MOTION_CERTIFICATE,0,0,0,13,0,0,0,0,0,,6.9,1.9714021576,0.337000886019,-0.00198389204249,0.985701078801,0.16850044301,-0.000991946021243,0.985701078801,0.16850044301,-0.000991946021243,1.93175516904,0.496217945802,-0.00417229072205,1.928521980968892,0.509205791449832,-0.004351667666878184
6.85,-57.94349497963634,-9.633570977431162,2.921827157270501,1.6533916687195758,0.5185493165005942,-0.018403714149566285,1.971423907151651,0.3368736876257823,-0.0019740558062085237,DEPTH_PROPOSAL_CERTIFIED,0.35697283989025996,0,32,0,0,8,FULL_MOTION_CERTIFICATE,0,0,0,13,0,0,0,0,0,,6.916666666,1.97141312392,0.336936758246,-0.00197883514879,0.985706561959,0.168468379123,-0.000989417574395,0.985706561959,0.168468379123,-0.000989417574395,1.93475955944,0.484151189651,-0.00400611985193,1.931771043511514,0.4961561430775779,-0.004172290722048805
6.866666666666666,-57.91560801610857,-9.624968954683341,2.9215373361843278,1.673217811666311,0.5161213648692232,-0.01738926517039604,1.9714344692389676,0.3368118975850502,-0.001969553662313599,DEPTH_PROPOSAL_CERTIFIED,0.36284541143922566,0,32,0,0,8,FULL_MOTION_CERTIFICATE,0,0,0,13,0,0,0,0,0,,6.933333333,1.97142390715,0.336873687626,-0.00197405580621,0.985711953576,0.168436843813,-0.000987027903104,0.985711953576,0.168436843813,-0.000987027903104,1.9375371616,0.472993802911,-0.00385217560297,1.9347747333143512,0.48409054796661954,-0.004006119851933633
6.883333333333334,-57.88739250032335,-9.616420610758007,2.9212643409489263,1.6929309471131129,0.5129006355199948,-0.01637971412408602,1.9714447739070888,0.3367516012146965,-0.0019653279030813152,DEPTH_PROPOSAL_CERTIFIED,0.3686694655374041,0,32,0,0,8,FULL_MOTION_CERTIFICATE,0,0,0,13,0,0,0,0,0,,6.933333333,1.97142390715,0.336873687626,-0.00197405580621,0.985711953576,0.168436843813,-0.000987027903104,0.985711953576,0.168436843813,-0.000987027903104,1.9375371616,0.472993802911,-0.00385217560297,1.9375516273496418,0.4729345425363522,-0.0038521756029664756
6.9,-57.85886487854783,-9.607935753338325,2.921007343392058,1.7116573065316043,0.5090914451809387,-0.015419853412096335,1.9714547865957337,0.33669300172091293,-0.001961377304929252,DEPTH_PROPOSAL_CERTIFIED,0.3744392787324602,0,32,0,0,8,FULL_MOTION_CERTIFICATE,0,0,0,13,0,0,0,0,0,,6.966666666,1.97144477391,0.336751601215,-0.00196532790308,0.985722386954,0.168375800607,-0.000982663951541,0.985722386954,0.168375800607,-0.000982663951541,1.94247935413,0.453137189768,-0.00357741448696,1.9401188914372003,0.4626193230444551,-0.003709552725822134
6.916666666666667,-57.830045798312135,-9.599521615884763,2.9207652984095898,1.7291448141415637,0.5048482472136895,-0.014522698948070907,1.9714644885534567,0.33663620991951243,-0.0019576883519258253,DEPTH_PROPOSAL_CERTIFIED,0.3802277205401152,0,32,0,0,8,FULL_MOTION_CERTIFICATE,0,0,0,14,0,0,0,0,0,,6.983333333,1.9714547866,0.336693001721,-0.00196137730493,0.985727393298,0.16834650086,-0.000980688652465,0.985727393298,0.16834650086,-0.000980688652465,1.9446744627,0.444315660194,-0.00345498742527,1.9424924069830705,0.45308123201324824,-0.0035774144869606373
6.933333333333334,-57.800954569053076,-9.591183976873292,2.9205372278103576,1.7454737555436621,0.500258340688265,-0.013684235953919122,1.9714738698477974,0.33658128503813917,-0.0019542439522104884,DEPTH_PROPOSAL_CERTIFIED,0.38721673581800364,0,32,0,0,8,FULL_MOTION_CERTIFICATE,0,0,0,14,0,0,0,0,0,,7,1.97146448855,0.33663620992,-0.00195768835193,0.985732244277,0.16831810496,-0.000978844175963,0.985732244277,0.16831810496,-0.000978844175963,1.94670401015,0.436158125919,-0.00334155567502,1.9446868406492621,0.44426148107808655,-0.0034549874252672967
6.95,-57.77160924638065,-9.582927338577868,2.9203222161508715,1.7607193603456628,0.49539829772547733,-0.012900699569153908,1.9714829238188065,0.3365282671339211,-0.0019510281110141322,DEPTH_PROPOSAL_CERTIFIED,0.39413010137455684,0,32,0,0,8,FULL_MOTION_CERTIFICATE,0,0,0,14,0,0,0,0,0,,7.016666666,1.97147386985,0.336581285038,-0.00195424395221,0.985736934924,0.168290642519,-0.000977121976105,0.985736934924,0.168290642519,-0.000977121976105,1.9485805146,0.428614426154,-0.00323645630628,1.9467157389300704,0.4361057735794672,-0.0033415556750182496
6.966666666666667,-57.74202671125814,-9.574755087108326,2.920119406818738,1.7749521073505647,0.49033508817255783,-0.012168559928027269,1.9714916466395929,0.3364771796504916,-0.001948025861813579,DEPTH_PROPOSAL_CERTIFIED,0.400965673581414,0,32,0,0,8,FULL_MOTION_CERTIFICATE,0,0,0,14,0,0,0,0,0,,7.033333333,1.97148292382,0.336528267134,-0.00195102811101,0.985741461909,0.168264133567,-0.000975514055507,0.985741461909,0.168264133567,-0.000975514055507,1.95031554564,0.421638201846,-0.00313907538045,1.9485916208103684,0.42856393162693973,-0.003236456306282243
6.983333333333333,-57.71222274438196,-9.566669635521176,2.919927998350932,1.7882380125710118,0.48512709522900166,-0.011484508068362377,1.9715000369248805,0.3364280316975523,-0.0019452232016820641,DEPTH_PROPOSAL_CERTIFIED,0.40772206476814243,0,32,0,0,8,FULL_MOTION_CERTIFICATE,0,0,0,14,0,0,0,0,0,,7.033333333,1.97148292382,0.336528267134,-0.00195102811101,0.985741461909,0.168264133567,-0.000975514055507,0.985741461909,0.168264133567,-0.000975514055507,1.95031554564,0.421638201846,-0.00313907538045,1.950326056260467,0.4215895813176159,-0.0031390753804506695
7.0,-57.68221209603459,-9.55867255164776,2.919747240973674,1.8006389008421337,0.4798250324049568,-0.01084544263549454,1.9715080953828024,0.33638082008045517,-0.001942607030589555,DEPTH_PROPOSAL_CERTIFIED,0.41439854079502325,0,32,0,0,12,FULL_MOTION_CERTIFICATE,0,0,0,14,0,0,0,0,0,,7.066666666,1.97150003692,0.336428031698,-0.00194522320168,0.985750018462,0.168214015849,-0.000972611600841,0.985750018462,0.168214015849,-0.000972611600841,1.95340314729,0.409220050469,-0.00296523669476,1.9519297377498226,0.41513986595160884,-0.0030488443545068724
7.016666666666667,-57.65200855166892,-9.550764672137253,2.9195764333513914,1.8122126619401155,0.4744727706303749,-0.010248457336953924,1.9715158245055975,0.3363355311046096,-0.0019401650944195587,DEPTH_PROPOSAL_CERTIFIED,0.4209949298673076,0,32,0,0,12,FULL_MOTION_CERTIFICATE,0,0,0,14,0,0,0,0,0,,7.083333333,1.97150809538,0.33638082008,-0.00194260703059,0.985754047691,0.16819041004,-0.000971303515295,0.985754047691,0.16819041004,-0.000971303515295,1.95477473429,0.403701926844,-0.00288776474895,1.953412547335494,0.4091751769804755,-0.0029652366947583953
7.033333333333333,-57.6216249934692,-9.542946204072027,2.9194149195328816,1.8230134919834242,0.4691080839135278,-0.009690829110590276,1.9715232282953046,0.336292142177269,-0.00193788593148337,DEPTH_PROPOSAL_CERTIFIED,0.42751154146337844,0,32,0,0,12,FULL_MOTION_CERTIFICATE,0,0,0,14,0,0,0,0,0,,7.1,1.97151582451,0.336335531105,-0.00194016509442,0.985757912253,0.168167765552,-0.00097008254721,0.985757912253,0.168167765552,-0.00097008254721,1.95604299873,0.398598411914,-0.0028159768949,1.9547836185117917,0.4036589059679928,-0.0028877647489537386
7.05,-57.591073458122274,-9.535216815382187,2.919262086083331,1.833092120815265,0.46376332139042986,-0.009170006973038117,1.9715303120208851,0.33625062322709914,-0.0019357588223250042,DEPTH_PROPOSAL_CERTIFIED,0.43553057584343324,0,32,0,0,12,FULL_MOTION_CERTIFICATE,0,0,0,14,0,0,0,0,0,,7.116666666,1.9715232283,0.336292142177,-0.00193788593148,0.985761614148,0.168146071089,-0.000968942965742,0.985761614148,0.168146071089,-0.000968942965742,1.95721574335,0.393878240153,-0.00274945485488,1.956051392563724,0.3985572186086343,-0.0028159768949017495
7.066666666666666,-57.560365191019514,-9.52757571517555,2.9191173593915054,1.842496026165775,0.45846601239821994,-0.008683601509541247,1.9715370820035862,0.33621093795993207,-0.0019337737426207786,DEPTH_PROPOSAL_CERTIFIED,0.44729787995222536,0,32,0,0,12,FULL_MOTION_CERTIFICATE,0,0,0,14,0,0,0,0,0,,7.116666666,1.9715232283,0.336292142177,-0.00193788593148,0.985761614148,0.168146071089,-0.000968942965742,0.985761614148,0.168146071089,-0.000968942965742,1.95721574335,0.393878240153,-0.00274945485488,1.9572236714419968,0.3938388426932584,-0.002749454854879413
7.083333333333333,-57.52951069709813,-9.520021724993882,2.918980203141971,1.8512696352830804,0.4532394109000465,-0.008229374972062112,1.97154354542763,0.336173044967422,-0.001931921318989717,DEPTH_PROPOSAL_CERTIFIED,0.4589642291269548,0,32,0,0,12,FULL_MOTION_CERTIFICATE,0,0,0,14,0,0,0,0,0,,7.15,1.971537082,0.33621093796,-0.00193377374262,0.985768541002,0.16810546898,-0.00096688687131,0.985768541002,0.16810546898,-0.00096688687131,1.95930297599,0.385474513433,-0.00263068716275,1.9583076665142063,0.38947487262233005,-0.002687811214816661
7.1,-57.498519788520554,-9.512553341907667,2.918850115942701,1.8594545146545556,0.4481029851728314,-0.007805231956205155,1.9715497101736112,0.33613689870371577,-0.0019301927875412085,DEPTH_PROPOSAL_CERTIFIED,0.4705300716019636,0,32,0,0,12,FULL_MOTION_CERTIFICATE,0,0,0,14,0,0,0,0,0,,7.166666666,1.97154354543,0.336173044967,-0.00193192131899,0.985771772714,0.168086522484,-0.000965960659495,0.985771772714,0.168086522484,-0.000965960659495,1.96023029182,0.381739553851,-0.00257775035852,1.9593100429865538,0.38543859130080715,-0.0026306871627502504
7.116666666666666,-57.467401629378664,-9.505168794278736,2.9187266290989835,1.8670895485132684,0.44307285773583666,-0.007409210623047359,1.9715555846722377,0.3361024503437444,-0.0019285799549955901,DEPTH_PROPOSAL_CERTIFIED,0.481996171360246,0,32,0,0,12,FULL_MOTION_CERTIFICATE,0,0,0,14,0,0,0,0,0,,7.183333333,1.97154971017,0.336136898704,-0.00193019278754,0.985774855087,0.168068449352,-0.000965096393771,0.985774855087,0.168068449352,-0.000965096393771,1.96108782353,0.378284807179,-0.0025286929658,1.9602369615895643,0.38170530300449995,-0.0025777503585222264
7.133333333333334,-57.43616477759978,-9.497866090940784,2.9186093045250354,1.8742111067331741,0.4381622002770821,-0.007039474436892245,1.9715611777762696,0.33606964853549126,-0.0019270751622234728,DEPTH_PROPOSAL_CERTIFIED,0.49336355563647705,0,32,0,0,12,FULL_MOTION_CERTIFICATE,0,0,0,14,0,0,0,0,0,,7.2,1.97155558467,0.336102450344,-0.001928579955,0.985777792336,0.168051225172,-0.000964289977498,0.985777792336,0.168051225172,-0.000964289977498,1.96188083575,0.375089174022,-0.00248322985801,1.9610941170160203,0.3782521792802798,-0.002528692965800098
7.15,-57.404817224222136,-9.490643064473705,2.9184977327851516,1.8808532026584643,0.4333815880247164,-0.0066943043930376605,1.9715664986487356,0.3360384400573877,-0.0019256712500584632,DEPTH_PROPOSAL_CERTIFIED,0.5046334687000701,0,32,0,0,12,FULL_MOTION_CERTIFICATE,0,0,0,14,0,0,0,0,0,,7.216666666,1.97156117778,0.336069648535,-0.00192707516222,0.985780588888,0.168034824268,-0.000963537581112,0.985780588888,0.168034824268,-0.000963537581112,1.96261419497,0.372133149482,-0.0024410969282,1.9618867729470042,0.3750581185458544,-0.002483229858011712
7.166666666666667,-57.37336643019769,-9.483497409185544,2.918391531256713,1.8870476414665196,0.4287393172896379,-0.006372091706307378,1.97157155666568,0.33600877039086324,-0.0019243615272455865,DEPTH_PROPOSAL_CERTIFIED,0.5158073312615089,0,32,0,0,12,FULL_MOTION_CERTIFICATE,0,0,0,14,0,0,0,0,0,,7.216666666,1.97156117778,0.336069648535,-0.00192707516222,0.985780588888,0.168034824268,-0.000963537581112,0.985780588888,0.168034824268,-0.000963537581112,1.96261419497,0.372133149482,-0.0024410969282,1.9626197949247937,0.3721036143216801,-0.002441096928197914
7.183333333333334,-57.34181935385306,-9.476426751661277,2.918290342407793,1.8928245806776745,0.4242394514559799,-0.0060713309351899955,1.971576361331877,0.3359805842171442,-0.0019231397403965012,DEPTH_PROPOSAL_CERTIFIED,0.5268866764943643,0,32,0,0,12,FULL_MOTION_CERTIFICATE,0,0,0,14,0,0,0,0,0,,7.25,1.97157155667,0.336008770391,-0.00192436152725,0.985783249324,0.168019220029,-0.000962835625029,0.985785778333,0.168004385195,-0.000962180763623,1.96391922549,0.366871409141,-0.00236596026339,1.963303239053765,0.3693410882853523,-0.0024020495275579165
7.2,-57.31018249166493,-9.469428634955623,2.918193832057196,1.8982117312875908,0.4198870023392581,-0.0057906210358111485,1.9715809221045086,0.3359538264544096,-0.001922000045840004,DEPTH_PROPOSAL_CERTIFIED,0.5378731536159198,0,32,0,0,12,FULL_MOTION_CERTIFICATE,0,0,0,15,0,0,0,0,0,,7.266666666,1.97157636133,0.335980584217,-0.0019231397404,0.985788180666,0.167990292109,-0.000961569870198,0.985788180666,0.167990292109,-0.000961569870198,1.96449931151,0.364531195225,-0.00233241325541,1.9639349687285708,0.3667871231152516,-0.0023659602633892027
7.216666666666667,-57.27846190736162,-9.462500550335559,2.9181016881305646,1.9032350581991153,0.4156850772038024,-0.0055286355979022326,1.971585248455091,0.3359284418970661,-0.0019209369811834032,DEPTH_PROPOSAL_CERTIFIED,0.548768495628067,0,32,0,0,12,FULL_MOTION_CERTIFICATE,0,0,0,15,0,0,0,0,0,,7.283333333,1.9715809221,0.335953826454,-0.00192200004584,0.985790461052,0.167976913227,-0.00096100002292,0.985790461052,0.167976913227,-0.00096100002292,1.96503579717,0.362366243002,-0.00230132134498,1.9645196465197154,0.3644215905512426,-0.002332413255413451
7.233333333333333,-57.246663260716154,-9.455639956189644,2.9180136190956665,1.9079187987276376,0.41163564875488734,-0.005284142093892628,1.971589349798085,0.33590437563725284,-0.0019199454449649687,DEPTH_PROPOSAL_CERTIFIED,0.5595744981159565,0,32,0,0,12,FULL_MOTION_CERTIFICATE,0,0,0,15,0,0,0,0,0,,7.3,1.97158524846,0.335928441897,-0.00192093698118,0.985792624228,0.167964220949,-0.000960468490592,0.985792624228,0.167964220949,-0.000960468490592,1.96553196773,0.360363379242,-0.00227250434714,1.965060433175609,0.3622326216781234,-0.0023013213449754417
7.25,-57.21479183397608,-9.44884429721709,2.917929352633681,1.9122856044043341,0.40773953835332455,-0.005055987719138803,1.9715932354537815,0.3358815732852177,-0.001919020671110065,DEPTH_PROPOSAL_CERTIFIED,0.570292998617608,0,32,0,0,12,FULL_MOTION_CERTIFICATE,0,0,0,15,0,0,0,0,0,,7.316666666,1.9715893498,0.335904375637,-0.00191994544496,0.985794674899,0.167952187819,-0.000959972722482,0.985794674899,0.167952187819,-0.000959972722482,1.9659908603,0.358510424498,-0.00224579534047,1.9655606336600326,0.36020699145425833,-0.002272504347142123
7.266666666666667,-57.182852556606164,-9.44211102090783,2.9178486343943955,1.9163566421950426,0.4039965785555364,-0.004843094357118423,1.9715969146092636,0.3358599812009832,-0.0019181582072334343,DEPTH_PROPOSAL_CERTIFIED,0.5847297010761834,0,32,0,0,12,FULL_MOTION_CERTIFICATE,0,0,0,15,0,0,0,0,0,,7.316666666,1.9715893498,0.335904375637,-0.00191994544496,0.985794674899,0.167952187819,-0.000959972722482,0.985794674899,0.167952187819,-0.000959972722482,1.9659908603,0.358510424498,-0.00224579534047,1.9660233032416872,0.35833246902252097,-0.002245795340469789
7.283333333333333,-57.150850028447984,-9.435437591613926,2.9177712268302036,1.9201516894909203,0.4004057576342941,-0.004644453851518923,1.9716003962857909,0.3358395466882295,-0.0019173538943159938,DEPTH_PROPOSAL_CERTIFIED,0.6024187512615307,0,32,0,0,12,FULL_MOTION_CERTIFICATE,0,0,0,15,0,0,0,0,0,,7.35,1.97159691461,0.335859981201,-0.00191815820723,0.985798457305,0.1679299906,-0.000959079103617,0.985798457305,0.1679299906,-0.000959079103617,1.96680783055,0.355210046586,-0.00219809411638,1.966451266500628,0.35659774239513764,-0.0022210396832050053
7.3,-57.11878858662405,-9.428821251957293,2.917696908104061,1.923686509435931,0.3969803793979798,-0.0044591235685542034,1.9716036893118671,0.335820218154783,-0.001916603847671651,DEPTH_PROPOSAL_CERTIFIED,0.6200919411146051,0,32,0,0,12,FULL_MOTION_CERTIFICATE,0,0,0,15,0,0,0,0,0,,7.366666666,1.97160039629,0.335839546688,-0.00191735389432,0.985800198143,0.167919773344,-0.000958676947158,0.985800198143,0.167919773344,-0.000958676947158,1.9671709037,0.353742584531,-0.00217682591859,1.9668113127650628,0.3551907649149452,-0.0021980941163846153
7.316666666666666,-57.086672236121544,-9.422259528501272,2.9176254710668705,1.9269810301501593,0.3937034073613477,-0.00428622223143599,1.9716068029970584,0.3358019411586235,-0.0019159044390848036,DEPTH_PROPOSAL_CERTIFIED,0.6377498811219444,0,32,0,0,12,FULL_MOTION_CERTIFICATE,0,0,0,15,0,0,0,0,0,,7.383333333,1.97160368931,0.335820218155,-0.00191660384767,0.985801844656,0.167910109077,-0.000958301923836,0.985801844656,0.167910109077,-0.000958301923836,1.96750672079,0.352384829476,-0.00215711212495,1.9671741828637435,0.3537243485144352,-0.002176825918593785
7.333333333333333,-57.05450471291947,-9.415749996732918,2.9175567223000165,1.9300513921247489,0.3905719061011813,-0.004124926011247494,1.9716097457383432,0.3357846665919807,-0.0019152522802036668,DEPTH_PROPOSAL_CERTIFIED,0.6553932255162662,0,32,0,0,12,FULL_MOTION_CERTIFICATE,0,0,0,15,0,0,0,0,0,,7.4,1.971606803,0.335801941159,-0.00191590443908,0.985803401499,0.167900970579,-0.000957952219542,0.985803401499,0.167900970579,-0.000957952219542,1.96781733309,0.351128550032,-0.00213883881505,1.9675098082147406,0.3523675907271513,-0.002157112124947841
7.35,-57.02228950177882,-9.409290287748114,2.917490481219016,1.9329126684385336,0.38758253908832824,-0.0039744648600202066,1.9716125256820143,0.3357683467978339,-0.001914644206876003,DEPTH_PROPOSAL_CERTIFIED,0.6730226626250464,0,32,0,0,12,FULL_MOTION_CERTIFICATE,0,0,0,15,0,0,0,0,0,,7.416666666,1.97160974574,0.335784666592,-0.0019152522802,0.985804872869,0.167892333296,-0.000957626140102,0.985804872869,0.167892333296,-0.000957626140102,1.96810463707,0.349966134667,-0.00212190044187,1.9678202394667073,0.3511122615315208,-0.002138838815047291
7.366666666666666,-56.990029852880475,-9.402878093647477,2.9174265792345033,1.9355789339008382,0.3847316460381723,-0.0038341190707666334,1.971615150713907,0.33575293562916697,-0.0019140772645246927,DEPTH_PROPOSAL_CERTIFIED,0.6906389064196021,0,32,0,0,12,FULL_MOTION_CERTIFICATE,0,0,0,15,0,0,0,0,0,,7.416666666,1.97160974574,0.335784666592,-0.0019152522802,0.985804872869,0.167892333296,-0.000957626140102,0.985804872869,0.167892333296,-0.000957626140102,1.96810463707,0.349966134667,-0.00212190044187,1.968107372540955,0.34995075082626914,-0.0021219004418730316
7.383333333333334,-56.957728797383034,-9.396511171800206,2.9173648589669843,1.9380633298464134,0.3820153108362497,-0.003703216051135441,1.9716176284525366,0.33573838849108173,-0.0019135486944597507,DEPTH_PROPOSAL_CERTIFIED,0.7082426891376996,0,32,0,0,12,FULL_MOTION_CERTIFICATE,0,0,0,15,0,0,0,0,0,,7.45,1.97161515071,0.335752935629,-0.00191407726452,0.985807575357,0.167876467815,-0.000957038632262,0.985807575357,0.167876467815,-0.000957038632262,1.96861620171,0.347895271224,-0.00209164451838,1.9683729603824298,0.3488760213727956,-0.0021061992116349817
7.4,-56.92538916196915,-9.390187348115711,2.917305173512007,1.9403781248329743,0.3794294210696689,-0.0035811272986540437,1.9716199662447427,0.335724662368022,-0.0019130559210682806,DEPTH_PROPOSAL_CERTIFIED,0.7258347548658277,0,32,0,0,12,FULL_MOTION_CERTIFICATE,0,0,0,15,0,0,0,0,0,,7.466666666,1.97161762845,0.335738388491,-0.00191354869446,0.985808814226,0.167869194246,-0.00095677434723,0.985808814226,0.167869194246,-0.00095677434723,1.96884358251,0.346974295296,-0.00207815241105,1.968618623669019,0.3478815659173835,-0.0020916445183809924
7.416666666666667,-56.89301358244411,-9.383904519449079,2.9172473857525945,1.94253477150227,0.3769697199979978,-0.003467265564744485,1.9716221711635094,0.3357117158381056,-0.001912596539827329,DEPTH_PROPOSAL_CERTIFIED,0.7434158539777531,0,32,0,0,12,FULL_MOTION_CERTIFICATE,0,0,0,15,0,0,0,0,0,,7.483333333,1.97161996624,0.335724662368,-0.00191305592107,0.985809983122,0.167862331184,-0.000956527960534,0.985809983122,0.167862331184,-0.000956527960534,1.96905391462,0.346122050361,-0.00206564510095,1.968845860867678,0.3469613669236096,-0.002078152411047861
7.433333333333334,-56.86060451644684,-9.377660655252859,2.91719136771599,1.9445439598362153,0.37463185177319935,-0.0033610821962752647,1.9716242500076582,0.33569950907635854,-0.0019121683060880188,DEPTH_PROPOSAL_CERTIFIED,0.7609867383367461,0,32,0,0,12,FULL_MOTION_CERTIFICATE,0,0,0,16,0,0,0,0,0,,7.5,1.97162217116,0.335711715838,-0.00191259653983,0.985811085582,0.167855857919,-0.000956298269914,0.985811085582,0.167855857919,-0.000956298269914,1.96924847951,0.345333388639,-0.00205405051275,1.9690560575103466,0.34610985943065814,-0.0020656451009507734
7.45,-56.82816425532986,-9.371453798575027,2.9171369999719152,1.9464156670189063,0.3724114006699341,-0.0032620646444934264,1.9716262093031376,0.3356880038484459,-0.0019117691245825697,DEPTH_PROPOSAL_CERTIFIED,0.778548157178079,0,32,0,0,12,FULL_MOTION_CERTIFICATE,0,0,0,16,0,0,0,0,0,,7.516666666,1.97162425001,0.335699509076,-0.00191216830609,0.985812125004,0.167849754538,-0.000956084153044,0.985812125004,0.167849754538,-0.000956084153044,1.96942846212,0.344603549307,-0.00204330186116,1.9692504946477367,0.34532189721009826,-0.002054050512754992
7.466666666666667,-56.795694935261146,-9.365282066492766,2.9170841710697384,1.9481592041226432,0.3703039249357492,-0.0031697341306048876,1.9716280553056729,0.3356771634963069,-0.0019113970396085096,DEPTH_PROPOSAL_CERTIFIED,0.7965474427410626,0,32,0,0,12,FULL_MOTION_CERTIFICATE,0,0,0,16,0,0,0,0,0,,7.533333333,1.9716262093,0.335688003848,-0.00191176912458,0.985813104652,0.167844001924,-0.000955884562291,0.985813104652,0.167844001924,-0.000955884562291,1.96959495812,0.343928129183,-0.00203333725971,1.9694303567882327,0.34459272097869353,-0.002043301861164711
7.483333333333333,-56.76319854759761,-9.35914365006184,2.9170327770120954,1.9497832598119276,0.3683049858555306,-0.0030836434585673356,1.9716297940045646,0.3356669529169528,-0.0019110502258473951,DEPTH_PROPOSAL_CERTIFIED,0.8174735009374829,0,32,0,0,12,FULL_MOTION_CERTIFICATE,0,0,0,16,0,0,0,0,0,,7.55,1.97162805531,0.335677163496,-0.00191139703961,0.985814027653,0.167838581748,-0.000955698519804,0.985814027653,0.167838581748,-0.000955698519804,1.96974898064,0.343303056012,-0.00202409936406,1.9695967392211964,0.3439179290768638,-0.002033337259709199
7.5,-56.73067694857691,-9.353036813852007,2.9169827207626526,1.9512959412421826,0.3664101725900089,-0.0030033749665593764,1.9716314311274419,0.335657338535544,-0.0019107269797779558,DEPTH_PROPOSAL_CERTIFIED,0.838412999378005,0,32,0,0,12,FULL_MOTION_CERTIFICATE,0,0,0,16,0,0,0,0,0,,7.566666666,1.971629794,0.335666952917,-0.00191105022585,0.985814897002,0.167833476458,-0.000955525112924,0.985814897002,0.167833476458,-0.000955525112924,1.96989146649,0.342724563377,-0.00201553503575,1.9697506546912955,0.34329345075064366,-0.0020240993640622683
7.516666666666667,-56.69813186837133,-9.346959895131487,2.9169339117858497,1.9527048123349637,0.364615123231182,-0.002928538608164893,1.9716329721458103,0.3356482882737199,-0.0019104257116458693,DEPTH_PROPOSAL_CERTIFIED,0.8593663051240008,0,32,0,0,12,FULL_MOTION_CERTIFICATE,0,0,0,16,0,0,0,0,0,,7.583333333,1.97163143113,0.335657338536,-0.00191072697978,0.985815715564,0.167828669268,-0.000955363489889,0.985815715564,0.167828669268,-0.000955363489889,1.970023282,0.342189167545,-0.00200759503135,1.9698930396668937,0.34271552105349357,-0.0020155350357521913
7.533333333333333,-56.6655649195448,-9.340911302756343,2.9168862656165935,1.9540169295916066,0.3629155425086212,-0.0028587701553761074,1.9716344222812476,0.33563977151405583,-0.0019101449379548836,DEPTH_PROPOSAL_CERTIFIED,0.8803337917626384,0,32,0,0,12,FULL_MOTION_CERTIFICATE,0,0,0,16,0,0,0,0,0,,7.6,1.97163297215,0.335648288274,-0.00191042571165,0.985817211141,0.167819885757,-0.000955072468977,0.985816486073,0.167824144137,-0.000955212855823,1.97014533808,0.341693001169,-0.00200021244837,1.9700247601226484,0.3421806576933791,-0.002007595031352922
7.55,-56.63297760481288,-9.3348895166284,2.916839703484846,1.9552388839154131,0.36130716767658366,-0.0027937279048455004,1.9716357865121088,0.33563175906140896,-0.0019098832744461596,DEPTH_PROPOSAL_CERTIFIED,0.9013158359927786,0,32,0,0,12,FULL_MOTION_CERTIFICATE,0,0,0,16,0,0,0,0,0,,7.616666666,1.97163442228,0.335639771514,-0.00191014493795,0.985817211141,0.167819885757,-0.000955072468977,0.985817211141,0.167819885757,-0.000955072468977,1.97025814749,0.341234423183,-0.0019933891524,1.9701467266658546,0.34168499472572594,-0.0020002124483720907
7.566666666666666,-56.60037132471754,-9.328893084383301,2.916794151881826,1.9563768057201154,0.3597859347058807,-0.0027330961811754856,1.9716370695783767,0.3356242231151361,-0.001909639429973562,DEPTH_PROPOSAL_CERTIFIED,0.9223128164394425,0,32,0,0,12,FULL_MOTION_CERTIFICATE,0,0,0,16,0,0,0,0,0,,7.633333333,1.97163578651,0.335631759061,-0.00190988327445,0.985817893256,0.167815879531,-0.000954941637223,0.985817893256,0.167815879531,-0.000954941637223,1.97036251408,0.340809978923,-0.0019870629494,1.9702594517374838,0.34122689246330495,-0.0019933891524013
7.583333333333333,-56.56774738270832,-9.322920630128456,2.9167495422399576,1.9574365205535977,0.35834725529075295,-0.002676578512101539,1.9716382759939524,0.335617137197504,-0.0019094121994238326,DEPTH_PROPOSAL_CERTIFIED,0.9433251040272794,0,32,0,0,12,FULL_MOTION_CERTIFICATE,0,0,0,16,0,0,0,0,0,,7.65,1.97163706958,0.335624223115,-0.00190963942997,0.985817893256,0.167815879531,-0.000954941637223,0.985818534789,0.167812111558,-0.000954819714987,1.97045897412,0.340417689532,-0.00198121600421,1.9703650415220832,0.3407953664261941,-0.0019870629493993885
7.6,-56.53510699356766,-9.316970841070512,2.9167058105810537,1.958423348439542,0.3569873434766214,-0.002623899534230986,1.9716394100251633,0.3356104762805163,-0.0019092004584943551,DEPTH_PROPOSAL_CERTIFIED,0.964353068355235,0,32,0,0,12,FULL_MOTION_CERTIFICATE,0,0,0,16,0,0,0,0,0,,7.666666666,1.97163827599,0.335617137198,-0.00190941219942,0.985819137997,0.167808568599,-0.000954706099712,0.985819137997,0.167808568599,-0.000954706099712,1.97054831516,0.340054011339,-0.00197577632225,1.9704626486480596,0.340396419344217,-0.0019812160042102372
7.616666666666666,-56.5024512891279,-9.311042467239332,2.9166628972595388,1.9593422663857998,0.35570242987081724,-0.002574799290898869,1.9716404757305974,0.33560421655242545,-0.001909003157949936,DEPTH_PROPOSAL_CERTIFIED,0.9853970749395502,0,32,0,0,12,FULL_MOTION_CERTIFICATE,0,0,0,16,0,0,0,0,0,,7.683333333,1.97163941003,0.335610476281,-0.00190920045849,0.985819705013,0.16780523814,-0.000954600229247,0.985819705013,0.16780523814,-0.000954600229247,1.97063097387,0.339717379889,-0.0019707326961,1.9705530653301462,0.34002648388000584,-0.0019757763222470375
7.633333333333334,-56.4697813239985,-9.305134318732371,2.9166207466483707,1.960197907764041,0.35448891041768127,-0.0025290366700810958,1.971641476964289,0.33559833539945316,-0.0019088193194330757,DEPTH_PROPOSAL_CERTIFIED,1.0064574844384844,0,32,0,0,12,FULL_MOTION_CERTIFICATE,0,0,0,16,0,0,0,0,0,,7.7,1.97164047573,0.335604216552,-0.00190900315795,0.985820237865,0.167802108276,-0.000954501578975,0.985820237865,0.167802108276,-0.000954501578975,1.97070745128,0.339405776599,-0.00196605621585,1.9706367325785834,0.339683973089423,-0.001970732696104295
7.65,-56.43709808077846,-9.299245263739794,2.9165793068711094,1.9609945932020503,0.3533432995546492,-0.0024863866356694643,1.9716424173856235,0.33559281134802454,-0.0019086480303364308,DEPTH_PROPOSAL_CERTIFIED,1.027534651483456,0,32,0,0,12,FULL_MOTION_CERTIFICATE,0,0,0,16,0,0,0,0,0,,7.716666666,1.97164147696,0.335598335399,-0.00190881931943,0.985820738482,0.1677991677,-0.000954409659717,0.985820738482,0.1677991677,-0.000954409659717,1.9707782108,0.339117334096,-0.0019617200875,1.9707141555457646,0.339366847025658,-0.001966056215847557
7.666666666666667,-56.404402483379386,-9.293374177371632,2.916538529551611,1.9617358439446935,0.3522651820896374,-0.0024466391698994105,1.9716433004668963,0.3355876240207321,-0.0019084884394286296,DEPTH_PROPOSAL_CERTIFIED,1.0486289595499845,0,32,0,0,12,FULL_MOTION_CERTIFICATE,0,0,0,16,0,0,0,0,0,,7.733333333,1.97164241739,0.335592811348,-0.00190864803034,0.985821208693,0.167796405674,-0.000954324015168,0.985821208693,0.167796405674,-0.000954324015168,1.970843681,0.338850324791,-0.00195769947703,1.9707791030049397,0.33911214901649317,-0.0019617200875047553
7.683333333333334,-56.371695385129115,-9.287520035102057,2.91649836958021,1.962425895016253,0.3512485361744676,-0.002409598284076183,1.9716441296378737,0.3355827532873207,-0.0019083397527659505,DEPTH_PROPOSAL_CERTIFIED,1.0716878331434438,0,32,0,0,12,FULL_MOTION_CERTIFICATE,0,0,0,17,0,0,0,0,0,,7.75,1.97164330047,0.335587624021,-0.00190848843943,0.985821650233,0.16779381201,-0.000954244219714,0.985821650233,0.16779381201,-0.000954244219714,1.97090425823,0.338603150486,-0.00195397136805,1.9708445180892802,0.33884545600939575,-0.0019576994770328067
7.7,-56.33897758088329,-9.281681864999777,2.9164587848953185,1.9630682547495195,0.3502902061367481,-0.0023750810934680512,1.9716449080271257,0.33557818078470825,-0.0019082012298770018,DEPTH_PROPOSAL_CERTIFIED,1.094981106016235,0,32,0,0,12,FULL_MOTION_CERTIFICATE,0,0,0,17,0,0,0,0,0,,7.766666666,1.97164412964,0.335582753287,-0.00190833975277,0.985822064819,0.167791376644,-0.000954169876383,0.985822064819,0.167791376644,-0.000954169876383,1.97096030909,0.338374332525,-0.00195051442764,1.9709050434953714,0.33859857967657014,-0.0019539713680488437
7.716666666666667,-56.30624981099241,-9.275858745609368,2.9164197362794497,1.963666193452446,0.3493871634245546,-0.0023429169521170926,1.97164563859672,0.3355738891259071,-0.0019080721801944635,DEPTH_PROPOSAL_CERTIFIED,1.1182001870510783,0,32,0,0,12,FULL_MOTION_CERTIFICATE,0,0,0,17,0,0,0,0,0,,7.783333333,1.97164490803,0.335578180785,-0.00190820122988,0.985822454014,0.167789090392,-0.000954100614939,0.985822454014,0.167789090392,-0.000954100614939,1.97101217265,0.338162502844,-0.00194730888229,1.9709610456281474,0.3383700423357939,-0.0019505144276353947
7.733333333333333,-56.27351276500315,-9.270049803853523,2.91638118716872,1.9642227593558592,0.3485365053506599,-0.002312946643796598,1.9716463241496203,0.3355698618568263,-0.0019079519597233142,DEPTH_PROPOSAL_CERTIFIED,1.141345596893897,0,32,0,0,12,FULL_MOTION_CERTIFICATE,0,0,0,17,0,0,0,0,0,,7.8,1.9716456386,0.335573889126,-0.00190807218019,0.985822819298,0.167786944563,-0.000954036090097,0.985822819298,0.167786944563,-0.000954036090097,1.9710601625,0.33796639574,-0.0019443364048,1.971012863377501,0.3381584768491445,-0.0019473088822865583
7.75,-56.24076708511134,-9.264254212965037,2.9163431034749583,1.964740793508463,0.34773545330912775,-0.0022850216256904833,1.9716469673369024,0.33556608341406075,-0.0019078399679288646,DEPTH_PROPOSAL_CERTIFIED,1.1644178287020746,0,32,0,0,12,FULL_MOTION_CERTIFICATE,0,0,0,17,0,0,0,0,0,,7.816666666,1.97164632415,0.335569861857,-0.00190795195972,0.985823162075,0.167784930928,-0.000953975979862,0.985823162075,0.167784930928,-0.000953975979862,1.97110456868,0.33778484015,-0.00194158000755,1.971060810170231,0.3379626184024357,-0.0019443364047958872
7.766666666666667,-56.20801336938318,-9.25847119045601,2.9163054534196036,1.965222943689492,0.3469813505416125,-0.002259003321286065,1.97164757066479,0.3355625390837621,-0.0019077356448302944,DEPTH_PROPOSAL_CERTIFIED,1.1874173489960234,0,32,0,0,12,FULL_MOTION_CERTIFICATE,0,0,0,17,0,0,0,0,0,,7.833333333,1.97164696734,0.335566083414,-0.00190783996793,0.985823483668,0.167783041707,-0.000953919983964,0.985823483668,0.167783041707,-0.000953919983964,1.97114565949,0.337616752515,-0.00193902394389,1.9711051758980427,0.33778129677792623,-0.0019415800075521586
7.783333333333333,-56.17525217475981,-9.252699996130465,2.9162682073786144,1.965671677402147,0.3462716595326701,-0.002234762459362364,1.9716481365014862,0.3355592149616682,-0.0019076384682864076,DEPTH_PROPOSAL_CERTIFIED,1.210344598554291,0,32,0,0,12,FULL_MOTION_CERTIFICATE,0,0,0,17,0,0,0,0,0,,7.85,1.97164757066,0.335562539084,-0.00190773564483,0.985823785332,0.167781269542,-0.000953867822415,0.985823785332,0.167781269542,-0.000953867822415,1.97118368306,0.337461130282,-0.00193665361816,1.971146228696538,0.3376134292235729,-0.0019390239438932125
7.8,-56.14248401985972,-9.246939930145297,2.916231337737677,1.9660892940055195,0.3456039591100989,-0.0022121784562409135,1.9716486670837958,0.3355560979143498,-0.001907547951460963,DEPTH_PROPOSAL_CERTIFIED,1.2331999933396098,0,32,0,0,12,FULL_MOTION_CERTIFICATE,0,0,0,17,0,0,0,0,0,,7.866666666,1.9716481365,0.335559214962,-0.00190763846829,0.985824068251,0.167779607481,-0.000953819234143,0.985824068251,0.167779607481,-0.000953819234143,1.97121886893,0.337317045794,-0.00193445550083,1.9711842165666635,0.33745801395472996,-0.0019366536181592137
7.816666666666666,-56.10970938759234,-9.241190331123596,2.9161948187570372,1.9664779360428561,0.344975941302134,-0.002191138838406945,1.9716491645235292,0.3355531755417157,-0.0019074636404559607,DEPTH_PROPOSAL_CERTIFIED,1.2559839254449314,0,32,0,0,12,FULL_MOTION_CERTIFICATE,0,0,0,17,0,0,0,0,0,,7.883333333,1.97164866708,0.335556097914,-0.00190754795146,0.985824333542,0.167778048957,-0.00095377397573,0.985824333542,0.167778048957,-0.00095377397573,1.97125142939,0.337183640649,-0.00193241705008,1.971219368898364,0.33731412404496225,-0.0019344555008325287
7.833333333333333,-56.07692872759537,-9.235450574323503,2.9161586264453216,1.9668395998181343,0.344385408005617,-0.0021715387029277665,1.9716496308136873,0.3355504361408066,-0.0019073851121018722,DEPTH_PROPOSAL_CERTIFIED,1.278696764050195,0,32,0,0,12,FULL_MOTION_CERTIFICATE,0,0,0,17,0,0,0,0,0,,7.9,1.97164916452,0.335553175542,-0.00190746364046,0.985824582262,0.167776587771,-0.000953731820228,0.985824582262,0.167776587771,-0.000953731820228,1.97128156084,0.337060120563,-0.00193052664022,1.9712518978765288,0.3371809017881099,-0.0019324170500817893
7.85,-56.044142458507565,-9.22972006986488,2.916122738441766,1.9671761452684615,0.3438302675173358,-0.002153280213328984,1.9716500678344169,0.3355478686708968,-0.0019073119718945517,DEPTH_PROPOSAL_CERTIFIED,1.3013388563818142,0,32,0,0,12,FULL_MOTION_CERTIFICATE,0,0,0,17,0,0,0,0,0,,7.916666666,1.97164963081,0.335550436141,-0.0019073851121,0.985824815407,0.16777521807,-0.000953692556051,0.985824815407,0.16777521807,-0.000953692556051,1.97130944493,0.336945750535,-0.00192877349422,1.9712819997624549,0.3370575535603054,-0.0019305266402238354
7.866666666666666,-56.0113509700879,-9.223998261015511,2.91608713390629,1.9674893051797997,0.34330853096215924,-0.0021362721285483124,1.971650477358746,0.33554546271990937,-0.0019072438520692451,DEPTH_PROPOSAL_CERTIFIED,1.3239105286682311,0,32,0,0,12,FULL_MOTION_CERTIFICATE,0,0,0,17,0,0,0,0,0,,7.933333333,1.97165006783,0.335547868671,-0.00190731197189,0.985825033917,0.167773934335,-0.000953655985947,0.985825033917,0.167773934335,-0.000953655985947,1.9713352497,0.336839850392,-0.00192714762129,1.9713098560981241,0.3369433449890053,-0.0019287734942241212
7.883333333333334,-55.97855462519142,-9.218284622537945,2.9160517934169095,1.9677806937887163,0.34281830865399404,-0.002120429362846762,1.9716508610580883,0.3355432084721464,-0.0019071804098026585,DEPTH_PROPOSAL_CERTIFIED,1.3485008356096964,0,32,0,0,12,FULL_MOTION_CERTIFICATE,0,0,0,17,0,0,0,0,0,,7.95,1.97165047736,0.33554546272,-0.00190724385207,0.985825238679,0.16777273136,-0.000953621926035,0.985825238679,0.16777273136,-0.000953621926035,1.97135913058,0.336741790718,-0.00192563975995,1.9713356348175,0.336837596494379,-0.0019271476212878518
7.9,-55.945753761611265,-9.212578659097534,2.916016698873997,1.9680518148092254,0.3423578064246001,-0.0021056725747487692,1.9716512205075287,0.3355410966773248,-0.0019071213255347416,DEPTH_PROPOSAL_CERTIFIED,1.3741077988464683,0,32,0,0,12,FULL_MOTION_CERTIFICATE,0,0,0,17,0,0,0,0,0,,7.966666666,1.97165086106,0.335543208472,-0.0019071804098,0.985825430529,0.167771604236,-0.000953590204901,0.985825430529,0.167771604236,-0.000953590204901,1.97138123137,0.336650989036,-0.00192424132439,1.9713594912594359,0.33673967922599457,-0.001925639759953258
7.916666666666667,-55.91294869379587,-9.206879903731851,2.915981833410946,1.9683040689236526,0.3419253219410547,-0.0020919277830550535,1.971651557190882,0.33553911862090396,-0.0019070663014022573,DEPTH_PROPOSAL_CERTIFIED,1.3996220574378408,0,32,0,0,12,FULL_MOTION_CERTIFICATE,0,0,0,17,0,0,0,0,0,,7.983333333,1.97165122051,0.335541096677,-0.00190712132553,0.985825610254,0.167770548339,-0.000953560662767,0.985825610254,0.167770548339,-0.000953560662767,1.9714016851,0.33656690628,-0.00192294435476,1.9713815691196648,0.33664901124180013,-0.0019242413243917194
7.933333333333334,-55.88013971444966,-9.201187916381267,2.9159471813108095,1.9685387607725668,0.34151924103501863,-0.002079126008183868,1.9716518725055379,0.335537266095686,-0.0019070150597768488,DEPTH_PROPOSAL_CERTIFIED,1.4250438938342294,0,32,0,0,12,FULL_MOTION_CERTIFICATE,0,0,0,18,0,0,0,0,0,,8,1.97165155719,0.335539118621,-0.0019070663014,0.985825778595,0.16776955931,-0.000953533150701,0.985825778595,0.16776955931,-0.000953533150701,1.9714206148,0.336489043577,-0.0019217414719,1.9714020013293212,0.33656505398137854,-0.0019229443547554045
7.95,-55.84732709602506,-9.195502282480158,2.915912727928522,1.9687571054758344,0.341138034066595,-0.0020672029372533905,1.9716521677670935,0.33553553137466513,-0.0019069673419006468,DEPTH_PROPOSAL_CERTIFIED,1.4481098103785945,0,32,0,0,12,FULL_MOTION_CERTIFICATE,0,0,0,18,0,0,0,0,0,,8.016666666,1.97165187251,0.335537266096,-0.00190701505978,0.985825936253,0.167768633048,-0.000953507529888,0.985825936253,0.167768633048,-0.000953507529888,1.97143813432,0.336416939225,-0.00192062583466,1.9714209108556975,0.3364873090518268,-0.001921741471901567
7.966666666666667,-55.814511092113115,-9.189822611607914,2.915878459618334,1.968960234716673,0.3407802523346476,-0.0020560986112996503,1.9716524442137697,0.33553390718509607,-0.0019069229066130443,DEPTH_PROPOSAL_CERTIFIED,1.4701862418329197,0,32,0,0,12,FULL_MOTION_CERTIFICATE,0,0,0,18,0,0,0,0,0,,8.033333333,1.97165216777,0.335535531375,-0.0019069673419,0.985826083884,0.167767765687,-0.00095348367095,0.985826083884,0.167767765687,-0.00095348367095,1.97145434898,0.336350165902,-0.00191959110034,1.9714384114549048,0.3364153152048891,-0.0019206258346640217
7.983333333333333,-55.78169193873949,-9.184148536198785,2.915844363666114,1.9691492024174162,0.34044452454768265,-0.0020457571331968794,1.9716527030106332,0.33553238668375596,-0.0019068815291625896,DEPTH_PROPOSAL_CERTIFIED,1.4918363258049683,0,32,0,0,14,FULL_MOTION_CERTIFICATE,0,0,0,18,0,0,0,0,0,,8.05,1.97165244421,0.335533907185,-0.00190692290661,0.985826222107,0.167766953593,-0.000953461453307,0.985826222107,0.167766953593,-0.000953461453307,1.97146935619,0.336288328119,-0.00191863138868,1.9714546083664828,0.3363486455467104,-0.0019195911003430733
8.0,-55.74886985557227,-9.178479710309295,2.9158104282261976,1.9693249900332581,0.34012955336944023,-0.002036126394975727,1.9716529452536145,0.3355309634333625,-0.0019068430000983704,DEPTH_PROPOSAL_CERTIFIED,1.5130605940801372,0,32,0,0,16,FULL_MOTION_CERTIFICATE,0,0,0,18,0,0,0,0,0,,8.066666666,1.97165270301,0.335532386684,-0.00190688152916,0.985826351505,0.167766193342,-0.000953440764581,0.985826351505,0.167766193342,-0.000953440764581,1.9714832461,0.336231059831,-0.00191774124784,1.9714695989465294,0.33628690499488256,-0.0019186313886776672
8.016666666666667,-55.71604504704744,-9.172815808441879,2.915776642262477,1.969488511490046,0.3398341120449741,-0.002027157823223089,1.9716531719733352,0.3355296313801153,-0.0019068071242356523,DEPTH_PROPOSAL_CERTIFIED,1.5338595397525796,0,32,0,0,16,FULL_MOTION_CERTIFICATE,0,0,0,18,0,0,0,0,0,,8.083333333,1.97165294525,0.335530963433,-0.0019068430001,0.985826472627,0.167765481717,-0.000953421500049,0.985826472627,0.167765481717,-0.000953421500049,1.9714961021,0.336178022224,-0.001916915623,1.971483473262858,0.33622972788648786,-0.0019177412478409124
8.033333333333333,-55.68321770341761,-9.167156524423294,2.915742995493454,1.9696406177896089,0.339557041115057,-0.0020188061413876604,1.9716533841387518,0.3355283848323267,-0.001906773719690842,DEPTH_PROPOSAL_CERTIFIED,1.5542336200133078,0,32,0,0,16,FULL_MOTION_CERTIFICATE,0,0,0,18,0,0,0,0,0,,8.1,1.97165317197,0.33552963138,-0.00190680712424,0.985826585987,0.16776481569,-0.000953403562118,0.985826585987,0.16776481569,-0.000953403562118,1.97150800133,0.336128901704,-0.00191614982762,1.971496314644275,0.33617677577006855,-0.0019169156229954278
8.05,-55.650388001729205,-9.161501570336176,2.9157094783409887,1.969782101304127,0.3392972452270413,-0.002011029147920377,1.9716535826606159,0.33552721844010064,-0.001906742616981163,DEPTH_PROPOSAL_CERTIFIED,1.5741832587657876,0,32,0,0,16,FULL_MOTION_CERTIFICATE,0,0,0,18,0,0,0,0,0,,8.116666666,1.97165338414,0.335528384832,-0.00190677371969,0.985826692069,0.167764192416,-0.000953386859845,0.985826692069,0.167764192416,-0.000953386859845,1.97151901518,0.336083408004,-0.00191543951644,1.9715082001812476,0.3361277353932494,-0.001916149827619525
8.066666666666666,-55.61755610673286,-9.155850675502112,2.9156760818825025,1.9699136997808284,0.3390536900439023,-0.0020037875091719567,1.971653768394766,0.3355261271760278,-0.0019067136581847625,DEPTH_PROPOSAL_CERTIFIED,1.5937088490769815,0,32,0,0,16,FULL_MOTION_CERTIFICATE,0,0,0,18,0,0,0,0,0,,8.133333333,1.97165358266,0.33552721844,-0.00190674261698,0.98582679133,0.16776360922,-0.000953371308491,0.98582679133,0.16776360922,-0.000953371308491,1.97152920969,0.33604127243,-0.00191478066041,1.9715192011965856,0.3360823168096064,-0.0019154395164412245
8.083333333333334,-55.58472217173159,-9.150203585514527,2.915642797806401,1.9700361000762094,0.3388253992550449,-0.0019970445660838043,1.9716539421452504,0.33552510631685406,-0.0019066866961572684,DEPTH_PROPOSAL_CERTIFIED,1.6077607031931538,0,32,0,0,16,FULL_MOTION_CERTIFICATE,0,0,0,18,0,0,0,0,0,,8.15,1.97165376839,0.335526127176,-0.00190671365818,0.985826884197,0.167763063588,-0.000953356829092,0.985826884197,0.167763063588,-0.000953356829092,1.97153864595,0.336002246274,-0.00191416952386,1.971529383679858,0.33604025163098494,-0.0019147806604083507
8.1,-55.551886339370974,-9.144560061319646,2.9156096183705045,1.9701499416373582,0.338611451692894,-0.0019907661537944287,1.9716541046672895,0.3355241514260878,-0.0019066615938009733,DEPTH_PROPOSAL_CERTIFIED,1.61580723029211,0,32,0,0,16,FULL_MOTION_CERTIFICATE,0,0,0,18,0,0,0,0,0,,8.166666666,1.97165394215,0.335525106317,-0.00190668669616,0.985826971073,0.167762553158,-0.000953343348079,0.985826971073,0.167762553158,-0.000953343348079,1.97154738051,0.335966099309,-0.001913602643,1.9715388086833725,0.3360012914346535,-0.0019141695238640436
8.116666666666667,-55.519048742375176,-9.13891987834374,2.9155765363632833,1.970255819747745,0.33841097855439034,-0.0019849204332796863,1.9716542566700854,0.33552325833750746,-0.0019066382233832088,DEPTH_PROPOSAL_CERTIFIED,1.6237327447865937,0,32,0,0,16,FULL_MOTION_CERTIFICATE,0,0,0,18,0,0,0,0,0,,8.183333333,1.97165410467,0.335524151426,-0.0019066615938,0.985827052334,0.167762075713,-0.0009533307969,0.985827052334,0.167762075713,-0.0009533307969,1.97155546568,0.335932618408,-0.00191307680593,1.9715475326944663,0.3359652062646458,-0.0019136026429998345
8.133333333333333,-55.486209504232626,-9.133282825664939,2.9155435450677127,1.9703542885531535,0.3382231607281602,-0.0019794777342379524,1.9716543988194861,0.3355224231395317,-0.0019066164659005936,DEPTH_PROPOSAL_CERTIFIED,1.6315374678411536,0,32,0,0,16,FULL_MOTION_CERTIFICATE,0,0,0,18,0,0,0,0,0,,8.199999999,1.97165425667,0.335523258338,-0.00190663822338,0.985827128335,0.167761629169,-0.000953319111692,0.985827128335,0.167761629169,-0.000953319111692,1.97156294984,0.335901606282,-0.00191258903454,1.9715556079791376,0.33593178324815265,-0.0019130768059287975
8.15,-55.45336873983459,-9.127648705227791,2.915510638227571,1.9704458638820674,0.3380472262287795,-0.0019744104085035125,1.9716545317405045,0.3355216421604161,-0.0019065962104861105,DEPTH_PROPOSAL_CERTIFIED,1.6392216143519334,0,32,0,0,16,FULL_MOTION_CERTIFICATE,0,0,0,18,0,0,0,0,0,,8.216666666,1.97165439882,0.33552242314,-0.0019066164659,0.98582719941,0.16776121157,-0.00095330823295,0.98582719941,0.16776121157,-0.00095330823295,1.9715698778,0.335872880286,-0.00191213656721,1.9715630828948174,0.3359008253363344,-0.0019125890345433466
8.166666666666666,-55.42052655607001,-9.122017331098878,2.915477810016017,1.9705310258748754,0.3378824477348094,-0.0019696926932542217,1.971654656019707,0.3355209119542395,-0.0019065773538561668,DEPTH_PROPOSAL_CERTIFIED,1.646785393500076,0,32,0,0,16,FULL_MOTION_CERTIFICATE,0,0,0,18,0,0,0,0,0,,8.233333333,1.97165453174,0.33552164216,-0.00190659621049,0.98582726587,0.16776082108,-0.000953298105243,0.98582726587,0.16776082108,-0.000953298105243,1.97157629097,0.335846271337,-0.00191171684321,1.971570002187132,0.3358721501083743,-0.0019121365672128687
8.183333333333334,-55.38768305237944,-9.116388528761682,2.915445055006294,1.9706102214341472,0.33772814023175496,-0.001965300583402388,1.971654772207471,0.3355202292876461,-0.0019065597997949474,DEPTH_PROPOSAL_CERTIFIED,1.6542290092616274,0,32,0,0,16,FULL_MOTION_CERTIFICATE,0,0,0,19,0,0,0,0,0,,8.25,1.97165465602,0.335520911954,-0.00190657735386,0.98582732801,0.167760455977,-0.000953288676928,0.98582732801,0.167760455977,-0.000953288676928,1.97158222772,0.335821622898,-0.00191132748795,1.9715764072572635,0.3358455886944911,-0.001911716843210022
8.2,-55.35483832127097,-9.110762134449073,2.9154123681444184,1.9706838665083968,0.33758365875652535,-0.001961211712534644,1.9716548808201209,0.33551959112730717,-0.0019065434586735652,DEPTH_PROPOSAL_CERTIFIED,1.6615526608769202,0,32,0,0,16,FULL_MOTION_CERTIFICATE,0,0,0,19,0,0,0,0,0,,8.266666666,1.97165477221,0.335520229288,-0.00190655979979,0.985827386104,0.167760114644,-0.000953279899898,0.985827386104,0.167760114644,-0.000953279899897,1.97158772351,0.33579879005,-0.00191096629947,1.9715823364142429,0.33582098475872374,-0.0019113274879481628
8.216666666666667,-55.32199244880063,-9.105137994511702,2.915379744723721,1.9707523482203158,0.3374483962422789,-0.0019574052418476376,1.9716549823419445,0.3355189946280695,-0.001906528247001713,DEPTH_PROPOSAL_CERTIFIED,1.668756543282445,0,32,0,0,16,FULL_MOTION_CERTIFICATE,0,0,0,19,0,0,0,0,0,,8.283333333,1.97165488082,0.335519591127,-0.00190654345867,0.98582744041,0.167759795564,-0.000953271729337,0.98582744041,0.167759795564,-0.000953271729337,1.97159281119,0.335777638616,-0.00191063123576,1.9715878251057266,0.3357981935684724,-0.00191096629946616
8.233333333333333,-55.2891455150198,-9.099515964820691,2.915347180361112,1.9708160268501056,0.337321781460658,-0.0019538617565382,1.9716550772271015,0.33551843712175905,-0.001906514087009603,DEPTH_PROPOSAL_CERTIFIED,1.6758408475078328,0,32,0,0,16,FULL_MOTION_CERTIFICATE,0,0,0,19,0,0,0,0,0,,8.3,1.97165498234,0.335518994628,-0.001906528247,0.985827491171,0.167759497314,-0.000953264123501,0.985827491171,0.167759497314,-0.000953264123501,1.97159752112,0.335758044374,-0.00191032040327,1.971592906133543,0.3357770811248827,-0.0019106312357630567
8.25,-55.25629759439174,-9.093895910203024,2.915314670974959,1.9708752376834133,0.3372032770599971,-0.00195056316916977,1.9716551659014245,0.33551791610660625,-0.0019065009062581878,DEPTH_PROPOSAL_CERTIFIED,1.6828057610405431,0,32,0,0,16,FULL_MOTION_CERTIFICATE,0,0,0,19,0,0,0,0,0,,8.316666666,1.97165507723,0.335518437122,-0.00190651408701,0.985827538614,0.167759218561,-0.000953257043505,0.985827538614,0.167759218561,-0.000953257043505,1.97160188144,0.33573989231,-0.00191003204599,1.9715976098497685,0.3357575233719341,-0.0019103204032749255
8.266666666666667,-55.223448756179515,-9.088277703908094,2.915282212764467,1.9709302927332395,0.33709237769575506,-0.0019474926295352136,1.9716552487641172,0.33551742923726413,-0.0019064886372757708,DEPTH_PROPOSAL_CERTIFIED,1.6896514681605987,0,32,0,0,16,FULL_MOTION_CERTIFICATE,0,0,0,19,0,0,0,0,0,,8.333333333,1.9716551659,0.335517916107,-0.00190650090626,0.985827582951,0.167758958053,-0.000953250453129,0.985827582951,0.167758958053,-0.000953250453129,1.97160591814,0.335723075931,-0.0019097645354,1.9716019643411191,0.3357394054520026,-0.0019100320459936278
8.283333333333333,-55.19059906480711,-9.08266122710392,2.915249802190457,1.970981482344295,0.3369886082505037,-0.0019446344405857471,1.971655326189359,0.33551697431538924,-0.0019064772172191942,DEPTH_PROPOSAL_CERTIFIED,1.6925871095906957,0,32,0,0,16,FULL_MOTION_CERTIFICATE,0,0,0,19,0,0,0,0,0,,8.35,1.97165524876,0.335517429237,-0.00190648863728,0.985827663095,0.167758487158,-0.00095323860861,0.985827624382,0.167758714619,-0.000953244318638,1.97160966117,0.335707462172,-0.00190951549614,1.971605995599173,0.3357226210184372,-0.0019097645354022538
8.3,-55.15774858018824,-9.07704636844508,2.9152174359585485,1.9710290771319299,0.33689151953040614,-0.0019419739144914464,1.9716553985278167,0.3355165492807567,-0.0019064665875580097,DEPTH_PROPOSAL_CERTIFIED,1.6863280633932392,0,32,0,0,16,FULL_MOTION_CERTIFICATE,0,0,0,19,0,0,0,0,0,,8.366666666,1.97165532619,0.335516974315,-0.00190647721722,0.985827663095,0.167758487158,-0.00095323860861,0.985827663095,0.167758487158,-0.00095323860861,1.97161312064,0.335693031274,-0.0019092853235,1.9716097335410756,0.33570703714521594,-0.0019095154961409795
8.316666666666666,-55.12489735805534,-9.07143302353034,2.9151851110001137,1.9710733279741193,0.33680069488445524,-0.0019394975060833518,1.9716554661079513,0.3355161522036032,-0.0019064566937981376,DEPTH_PROPOSAL_CERTIFIED,1.6805412856944284,0,32,0,0,16,FULL_MOTION_CERTIFICATE,0,0,0,19,0,0,0,0,0,,8.383333333,1.97165539853,0.335516549281,-0.00190646658756,0.985827699264,0.16775827464,-0.000953233293779,0.985827699264,0.16775827464,-0.000953233293779,1.97161632351,0.335679661426,-0.0019090717829,1.9716131882488301,0.33569263420385453,-0.0019092853235045957
8.333333333333334,-55.092045450242274,-9.065821094530222,2.915152824457996,1.9711144687839888,0.3367157400070949,-0.0019371925270541815,1.971655529237623,0.3355157812751815,-0.0019064474851685298,DEPTH_PROPOSAL_CERTIFIED,1.6752264668711052,0,32,0,0,16,FULL_MOTION_CERTIFICATE,0,0,0,19,0,0,0,0,0,,8.4,1.97165546611,0.335516152204,-0.0019064566938,0.985827733054,0.167758076102,-0.000953228346899,0.985827733054,0.167758076102,-0.000953228346899,1.97161928886,0.335667274363,-0.00190887367008,1.9716163866643974,0.33567929050329903,-0.001909071782898306
8.35,-55.059192904955644,-9.060210489787822,2.915120573672011,1.971152717197851,0.3366362845440021,-0.0019350471591018739,1.9716555882052154,0.33551543480116086,-0.001906438914386457,DEPTH_PROPOSAL_CERTIFIED,1.6703833126926706,0,32,0,0,16,FULL_MOTION_CERTIFICATE,0,0,0,19,0,0,0,0,0,,8.416666666,1.97165552924,0.335515781275,-0.00190644748517,0.985827764619,0.167757890638,-0.000953223742584,0.985827764619,0.167757890638,-0.000953223742584,1.97162203434,0.335655797615,-0.0019086898682,1.971619347846969,0.33566692789426933,-0.0019088736700837209
8.366666666666667,-55.026339767027295,-9.054601123442557,2.915088356165434,1.9711882757006614,0.33656198071584587,-0.0019330503946398802,1.97165564328083,0.33551511119461774,-0.00190643093741903,DEPTH_PROPOSAL_CERTIFIED,1.6660115431183007,0,32,0,0,16,FULL_MOTION_CERTIFICATE,0,0,0,19,0,0,0,0,0,,8.433333333,1.97165558821,0.335515434801,-0.00190643891439,0.985827794103,0.167757717401,-0.000953219457193,0.985827794103,0.167757717401,-0.000953219457193,1.9716245763,0.335645164068,-0.0019085193414,1.9716220894349474,0.3356554740123403,-0.001908689868203558
8.383333333333333,-54.993486078149395,-9.048992915075663,2.915056169632409,1.9712213326742913,0.33649250201361164,-0.0019311919815153307,1.9716556947174098,0.3355148089694344,-0.0019064235132609164,DEPTH_PROPOSAL_CERTIFIED,1.662110891181579,0,32,0,0,16,FULL_MOTION_CERTIFICATE,0,0,0,19,0,0,0,0,0,,8.449999999,1.97165564328,0.335515111195,-0.00190643093742,0.98582782164,0.167757555597,-0.00095321546871,0.98582782164,0.167757555597,-0.00095321546871,1.97162692986,0.335635311578,-0.00190836112898,1.9716246277525786,0.3356448618463541,-0.0019085193413958237
8.4,-54.960631877093164,-9.043385789376279,2.9150240119262176,1.9712520633737398,0.3364275419630059,-0.0019294623714747501,1.9716557427517958,0.33551452673408605,-0.0019064166037271887,DEPTH_PROPOSAL_CERTIFIED,1.658681101956669,0,32,0,0,16,FULL_MOTION_CERTIFICATE,0,0,0,19,0,0,0,0,0,,8.466666666,1.97165569472,0.335514808969,-0.00190642351326,0.988208250173,0.152316882899,-0.0156211866992,0.985827847359,0.167757404485,-0.00095321175663,1.97181435828,0.33442475864,-0.00304918658449,1.9716269779070124,0.335635029345616,-0.0019083611289796693
8.416666666666666,-54.927776966012175,-9.037781192776508,2.9149904404268283,1.9712946648594476,0.33627579598620183,-0.0020142899633699184,1.9716557876057235,0.33551426318579236,-0.0019064101732602424,DEPTH_PROPOSAL_CERTIFIED,1.6557217016153771,0,32,0,0,16,FULL_MOTION_CERTIFICATE,0,0,0,19,0,0,0,0,0,,8.483333333,1.97165574275,0.335514526734,-0.00190641660373,0.988208250173,0.152316882899,-0.0156211866992,0.985827871376,0.167757263367,-0.000953208301864,1.97216300542,0.332167865198,-0.0051850341131,1.9718144029850824,0.33442449506919225,-0.003049186584491034
8.433333333333334,-54.89492095849458,-9.032181783237148,2.9149528654626033,1.9713604510555427,0.33596457236159594,-0.002254497853501195,1.9716558252409577,0.3355140421912796,-0.0019063803049086962,DEPTH_PROPOSAL_CERTIFIED,1.6532319419942167,0,32,0,0,16,FULL_MOTION_CERTIFICATE,0,0,0,20,0,0,0,0,0,,8.5,1.97165578761,0.335514263186,-0.00190641017326,0.988208250173,0.152316882899,-0.0156211866992,0.985827893803,0.167757131593,-0.00095320508663,1.97248523989,0.330081948535,-0.00715907500752,1.972163042647903,0.33216764414140454,-0.005185034113102609
8.45,-54.862063530760636,-9.026589801423041,2.9149090978504564,1.9714456640366895,0.3355189088463911,-0.002626056728805828,1.9716558482220345,0.3355139076894334,-0.0019062840332628177,DEPTH_PROPOSAL_CERTIFIED,1.6512109828716763,0,32,0,0,16,FULL_MOTION_CERTIFICATE,0,0,0,20,0,0,0,0,0,,8.516666666,1.97165582524,0.335514042191,-0.00190638030491,0.988208250173,0.152316882899,-0.0156211866992,0.98582791262,0.167757021096,-0.000953190152454,1.97278306264,0.32815405598,-0.00898356723687,1.9724852624066807,0.33008181396089104,-0.007159075007522629
8.466666666666667,-54.82920441438979,-9.021007118679421,2.9148573030785774,1.971546982250569,0.3349609646171532,-0.0031076863127504533,1.971655850273016,0.33551389676763965,-0.0019060849887383513,DEPTH_PROPOSAL_CERTIFIED,1.6496578816173386,0,32,0,0,16,FULL_MOTION_CERTIFICATE,0,0,0,20,0,0,0,0,0,,8.533333333,1.97165584822,0.335513907689,-0.00190628403326,0.988208250173,0.152316882899,-0.0156211866992,0.985827924111,0.167756953845,-0.000953142016631,1.97305832307,0.326372215779,-0.0106698404646,1.9727830644598985,0.3281540450204513,-0.008983567236874563
8.483333333333333,-54.79634338979035,-9.015435280134174,2.914795960132264,1.971661475966454,0.33431031271485756,-0.0036805767788032208,1.9716558261447246,0.3355140404460223,-0.0019057526464657912,DEPTH_PROPOSAL_CERTIFIED,1.6469602894300865,0,32,0,0,16,FULL_MOTION_CERTIFICATE,0,0,0,20,0,0,0,0,0,,8.55,1.97165585027,0.335513896768,-0.00190608498874,0.988208250173,0.152316882899,-0.0156211866992,0.985827925137,0.167756948384,-0.000953042494369,1.97331273045,0.324725363475,-0.0122283657181,1.973058299300251,0.32637235950685073,-0.010669840464647414
8.5,-54.76348028034098,-9.009875543388306,2.914723824523149,1.971786566962221,0.333584204752006,-0.004328136546929095,1.9716557714954135,0.33551436438231336,-0.0019052616509961403,DEPTH_PROPOSAL_CERTIFIED,1.6317773400930466,0,32,0,0,16,FULL_MOTION_CERTIFICATE,0,0,0,20,0,0,0,0,0,,8.566666666,1.97165582614,0.335514040446,-0.00190575264647,0.988208250173,0.152316882899,-0.0156211866992,0.985827913072,0.167757020223,-0.000952876323233,1.97354786452,0.323203272803,-0.0136688207877,1.9733126771105807,0.3247256876052175,-0.012228365718064333
8.516666666666667,-54.73061494713971,-9.004328913216213,2.9146398951208,1.9719199920756534,0.33279781032551464,-0.005035764140929708,1.9716556827836011,0.33551488950485703,-0.0019045912096698446,DEPTH_PROPOSAL_CERTIFIED,1.6169116414493572,0,32,0,0,16,FULL_MOTION_CERTIFICATE,0,0,0,20,0,0,0,0,0,,8.583333333,1.9716557715,0.335514364382,-0.001905261651,0.988208250173,0.152316882899,-0.0156211866992,0.985827885748,0.167757182191,-0.000952630825498,1.97376518542,0.321796491941,-0.0150001505576,1.9735477784595277,0.32320379832232016,-0.013668820787736721
8.533333333333333,-54.697747284301975,-8.998796172658581,2.9145433844224704,1.9720597702643754,0.331964433457936,-0.005790641899767401,1.9716555571719145,0.33551563258058914,-0.0019037245481223386,DEPTH_PROPOSAL_CERTIFIED,1.6023613893253597,0,32,0,0,16,FULL_MOTION_CERTIFICATE,0,0,0,20,0,0,0,0,0,,8.6,1.97165568278,0.335514889505,-0.00190459120967,0.988208250173,0.152316882899,-0.0156211866992,0.985827841392,0.167757444752,-0.000952295604835,1.97396604262,0.320496285389,-0.0162306220095,1.973765064166785,0.3217972356734766,-0.01500015055758782
8.55,-54.6648772147546,-8.99327791085468,2.914433691931073,1.9722041728425805,0.3310957082340412,-0.0065815494838399055,1.9716553924408935,0.3355166067242097,-0.0019026484219963134,DEPTH_PROPOSAL_CERTIFIED,1.5881246816792292,0,32,0,0,16,FULL_MOTION_CERTIFICATE,0,0,0,20,0,0,0,0,0,,8.616666666,1.97165555717,0.335515632581,-0.00190372454812,0.988208250173,0.152316882899,-0.0156211866992,0.985827778586,0.16775781629,-0.000951862274061,1.97415168335,0.319294579408,-0.0173678758571,1.9739658842966823,0.320497260502525,-0.01623062200952394
8.566666666666666,-54.63200468647773,-8.987774547930028,2.9143103803407198,1.972351696612041,0.33020177547913554,-0.007398695421209783,1.9716551869118024,0.33551782185417983,-0.0019013526794878302,DEPTH_PROPOSAL_CERTIFIED,1.5741995346413482,0,32,0,0,16,FULL_MOTION_CERTIFICATE,0,0,0,20,0,0,0,0,0,,8.633333333,1.97165539244,0.335516606724,-0.001902648422,0.988208250173,0.152316882899,-0.0156211866992,0.98582769622,0.167758303362,-0.000951324210998,1.9743232604,0.318183911688,-0.0184189741767,1.974151486599459,0.31929579586928525,-0.01736787585712289
8.583333333333334,-54.59912966915075,-8.982286357226092,2.914173154256988,1.9725010396185094,0.3292914422361301,-0.008233565023899908,1.9716549393775769,0.33551928510067697,-0.0018998298698276988,DEPTH_PROPOSAL_CERTIFIED,1.5605838972152464,0,32,0,0,16,FULL_MOTION_CERTIFICATE,0,0,0,20,0,0,0,0,0,,8.65,1.97165518691,0.335517821854,-0.00190135267949,0.988208250173,0.152316882899,-0.0156211866992,0.985827593456,0.167758910927,-0.000950676339744,1.97448183918,0.317157385464,-0.0193904438341,1.9743230242974246,0.31818537667146457,-0.018418974176718894
8.6,-54.56625215116271,-8.976813485131403,2.9140218412050616,1.9726510792825107,0.3283723256814028,-0.009078783115585236,1.9716546490411215,0.33552100117016787,-0.0018980748932513794,DEPTH_PROPOSAL_CERTIFIED,1.5472756646787507,0,32,0,0,16,FULL_MOTION_CERTIFICATE,0,0,0,20,0,0,0,0,0,,8.666666666,1.97165493938,0.335519285101,-0.00189982986983,0.988208250173,0.152316882899,-0.0156211866992,0.985827469689,0.16775964255,-0.000949914934914,1.97462840442,0.316208626436,-0.0202883172501,1.9744815631833255,0.31715910371372913,-0.019390443834146866
8.616666666666667,-54.53337213695118,-8.971355968750208,2.913856374700945,1.9728008526916387,0.32745098287168756,-0.009927990246985012,1.9716543154602413,0.3355229726708167,-0.001896084688432802,DEPTH_PROPOSAL_CERTIFIED,1.5342726907310946,0,32,0,0,16,FULL_MOTION_CERTIFICATE,0,0,0,20,0,0,0,0,0,,8.683333333,1.97165464904,0.33552100117,-0.00189807489325,0.988208250173,0.152316882899,-0.0156211866992,0.985827324521,0.167760500585,-0.000949037446626,1.97476386623,0.315331743037,-0.0211181700052,1.9746280882829992,0.3162106005931625,-0.020288317250061725
8.633333333333333,-54.50048964463699,-8.96591375162273,2.913676779181982,1.9729495388514457,0.3265330276486572,-0.010775731137755925,1.9716539384985559,0.3355252004025678,-0.001893857953715513,DEPTH_PROPOSAL_CERTIFIED,1.5215727984379757,0,32,0,0,16,FULL_MOTION_CERTIFICATE,0,0,0,20,0,0,0,0,0,,8.7,1.97165431546,0.335522972671,-0.00189608468843,0.988208250173,0.152316882899,-0.0156211866992,0.98582715773,0.167761486335,-0.000948042344216,1.97488906579,0.3145212902,-0.021885155126,1.9747635100010925,0.3153339739276864,-0.021118170005161693
8.65,-54.46760470392523,-8.960486697690396,2.9134831566125294,1.973096442705427,0.3256232359400772,-0.011617354167171592,1.971653518281807,0.3355276836153889,-0.0018913948988162953,DEPTH_PROPOSAL_CERTIFIED,1.5091737900316557,0,32,0,0,16,FULL_MOTION_CERTIFICATE,0,0,0,20,0,0,0,0,0,,8.716666666,1.9716539385,0.335525200403,-0.00189385795372,0.988208250173,0.152316882899,-0.0156211866992,0.985826969249,0.167762600201,-0.000946928976858,1.97500478052,0.313772235351,-0.0225940352698,1.9748886697239987,0.31452377709540186,-0.02188515512604219
8.666666666666666,-54.434717354245834,-8.955074603681979,2.91327567459724,1.9732409807640305,0.32472564050502106,-0.012448920917372768,1.9716530551590241,0.3355304202388174,-0.0018886970239955433,DEPTH_PROPOSAL_CERTIFIED,1.4970734556273448,0,32,0,0,16,FULL_MOTION_CERTIFICATE,0,0,0,20,0,0,0,0,0,,8.733333333,1.97165351828,0.335527683615,-0.00189139489882,0.988208250173,0.152316882899,-0.0156211866992,0.985826759141,0.167763841808,-0.000945697449408,1.975111729,0.313079927038,-0.0232492124139,1.975004345078994,0.3137749761973356,-0.022594035269827742
8.683333333333334,-54.401827643109335,-8.949677210079932,2.913054555850263,1.973382668189893,0.3238436161227733,-0.013267124818623067,1.9716525496680655,0.33553340708568025,-0.0018857669239585673,DEPTH_PROPOSAL_CERTIFIED,1.4852695809194771,0,32,0,0,16,FULL_MOTION_CERTIFICATE,0,0,0,20,0,0,0,0,0,,8.75,1.97165305516,0.335530420239,-0.001888697024,0.988208250173,0.152316882899,-0.0156211866992,0.98582652758,0.167765210119,-0.000944348511998,1.97521057531,0.312440066325,-0.0238547549248,1.9751112547854135,0.3130829186593509,-0.023249212413876168
8.7,-54.36893562465606,-8.94429421081061,2.912820068883455,1.973521107196525,0.3229799561593677,-0.014069218008485441,1.9716520025050916,0.3355366400325778,-0.0018826081140096952,DEPTH_PROPOSAL_CERTIFIED,1.4664304195138733,0,32,0,0,16,FULL_MOTION_CERTIFICATE,0,0,0,21,0,0,0,0,0,,8.766666666,1.97165254967,0.335533407086,-0.00188576692396,0.976023128249,0.109727586623,-0.187985929944,0.985826274834,0.167766703543,-0.000942883461979,1.97519460786,0.311403533363,-0.0260749943459,1.9752100630774374,0.3124433046058185,-0.023854754924807018
8.716666666666667,-54.3360414938896,-8.93892582384298,2.9125704231081397,1.973647845987178,0.32210321805768477,-0.014978746518896583,1.9716514144975754,0.33554011417947527,-0.0018792248762220332,DEPTH_PROPOSAL_CERTIFIED,1.4472436846923038,0,32,0,0,16,FULL_MOTION_CERTIFICATE,0,0,0,21,0,0,0,0,0,,8.783333333,1.97165200251,0.335536640033,-0.00188260811401,0.976023128249,0.109727586623,-0.187985929944,0.985826001253,0.167768320016,-0.000941304057005,1.97506307464,0.30997267432,-0.0299104520104,1.9751940592331452,0.3114070132171539,-0.026074994345911918
8.733333333333333,-54.303145576956325,-8.933572748515925,2.9123019241693253,1.9737550159966197,0.3211845196233384,-0.016109936328861995,1.9716507851274858,0.33554383272364674,-0.0018755871862990948,DEPTH_PROPOSAL_CERTIFIED,1.4281340264191862,0,32,0,0,16,FULL_MOTION_CERTIFICATE,0,0,0,21,0,0,0,0,0,,8.8,1.9716514145,0.335540114179,-0.00187922487622,0.976023128249,0.109727586623,-0.187985929944,0.985825707249,0.16777005709,-0.000939612438111,1.97481515371,0.308150055753,-0.0353616931937,1.9750624901118088,0.3099763987243117,-0.029910452010440885
8.75,-54.27024832224934,-8.928236125820854,2.9120091174566918,1.9738352824190002,0.32019736170417107,-0.017568402758016702,1.9716501126397061,0.3355478063060345,-0.0018716332550436905,DEPTH_PROPOSAL_CERTIFIED,1.4091005945401507,0,32,0,0,16,FULL_MOTION_CERTIFICATE,0,0,0,21,0,0,0,0,0,,8.816666666,1.97165078513,0.335543832724,-0.0018755871863,0.976023128249,0.109727586623,-0.187985929944,0.985825392564,0.167771916362,-0.00093779359315,1.97444992923,0.305938540153,-0.042429342481,1.974814532772041,0.3081540350903307,-0.035361693193703164
8.766666666666667,-54.23735029230492,-8.922917501320368,2.9116849206686504,1.9738817966649194,0.3191174700291376,-0.01945180728248663,1.971649394142997,0.33555205240214303,-0.001867271876949572,DEPTH_PROPOSAL_CERTIFIED,1.3901422949574087,0,32,0,0,16,FULL_MOTION_CERTIFICATE,0,0,0,21,0,0,0,0,0,,8.833333333,1.97165011264,0.335547806306,-0.00187163325504,0.976023128249,0.109727586623,-0.187985929944,0.98582505632,0.167773903153,-0.000935816627522,1.97396635579,0.303341397224,-0.0511141078956,1.974449270465134,0.3059427915937297,-0.04242934248101852
8.783333333333333,-54.20445215647617,-8.917618790362663,2.9113207462283195,1.9738881497248137,0.317922657462309,-0.021850466419843284,1.9716486257043202,0.3355565947524608,-0.0018623846001610887,DEPTH_PROPOSAL_CERTIFIED,1.3712577916940722,0,32,0,0,16,FULL_MOTION_CERTIFICATE,0,0,0,21,0,0,0,0,0,,8.85,1.97164939414,0.335552052402,-0.00186727187695,0.976023128249,0.109727586623,-0.187985929944,0.985824697071,0.167776026201,-0.000933635938475,1.97336320313,0.300362479995,-0.0614168124905,1.973965657055526,0.3033459441469999,-0.05111410789559627
8.8,-54.171554684395,-8.912342245195397,2.9109066142803237,1.9738483248705385,0.3165927100359933,-0.024847916879745066,1.9716478024373878,0.33556146282700305,-0.0018568277307880695,DEPTH_PROPOSAL_CERTIFIED,1.3524455099374144,0,32,0,0,16,FULL_MOTION_CERTIFICATE,0,0,0,21,0,0,0,0,0,,8.866666666,1.9716486257,0.335556594752,-0.00186238460016,0.976023128249,0.109727586623,-0.187985929944,0.985824312852,0.167778297376,-0.000931192300081,1.97263896231,0.297006520637,-0.0733384525631,1.97336246164838,0.3003673514349425,-0.06141681249054486
8.816666666666666,-54.13865874028103,-8.90709042346156,2.9104312569084856,1.9737566468380598,0.315109304030314,-0.02852144231030227,1.971646918586467,0.3355666913175717,-0.0018504341834264999,DEPTH_PROPOSAL_CERTIFIED,1.3337036403610933,0,32,0,0,16,FULL_MOTION_CERTIFICATE,0,0,0,21,0,0,0,0,0,,8.883333333,1.97164780244,0.335561462827,-0.00185682773079,0.976023128249,0.109727586623,-0.187985929944,0.985823901219,0.167780731414,-0.000928413865394,1.97179167035,0.293279684575,-0.0868803053886,1.9726381748418198,0.297011750761025,-0.07333845256310291
8.833333333333334,-54.10576527825485,-8.901866157272998,2.9098822141034675,1.9736077215707764,0.3134559713136554,-0.032942568301083455,1.9716459676068259,0.33557231964922085,-0.001843015188280031,DEPTH_PROPOSAL_CERTIFIED,1.3150301453369968,0,32,0,0,16,FULL_MOTION_CERTIFICATE,0,0,0,21,0,0,0,0,0,,8.9,1.97164691859,0.335566691318,-0.00185043418343,0.976023128249,0.109727586623,-0.187985929944,0.985823459293,0.167783345659,-0.000925217091713,1.97081852902,0.289190782521,-0.102044147163,1.9717908333099181,0.2932853121704212,-0.08688030538861101
8.85,-54.07287533906069,-8.8966725212875,2.909245921830189,1.9733963516498951,0.3116181591298348,-0.03817753639670859,1.971644942244046,0.33557839149746627,-0.0018343618634472187,DEPTH_PROPOSAL_CERTIFIED,1.2964227684368472,0,32,0,0,16,FULL_MOTION_CERTIFICATE,0,0,0,21,0,0,0,0,0,,8.916666666,1.97164596761,0.335572319649,-0.00184301518828,0.976023128249,0.109727586623,-0.187985929944,0.985822983803,0.167786159825,-0.00092150759414,1.96971483452,0.284754679733,-0.118832852537,1.9708176386151453,0.2891968504872223,-0.10204414716333912
8.866666666666667,-54.03999004944322,-8.891512795560319,2.9085077920365316,1.9731173770480666,0.30958354363095714,-0.044287787619437746,1.9716438346166765,0.33558495428457397,-0.0018242466579642227,DEPTH_PROPOSAL_CERTIFIED,1.2778790512783074,0,32,0,0,16,FULL_MOTION_CERTIFICATE,0,0,0,21,0,0,0,0,0,,8.933333333,1.97164494224,0.335578391497,-0.00183436186345,0.976023128249,0.109727586623,-0.187985929944,0.985822471122,0.167789195749,-0.000917180931724,1.96846879634,0.280008939786,-0.137253012652,1.9697138869057593,0.2847612345446508,-0.11883285253672947
8.883333333333333,-54.00711063051945,-8.886390402551303,2.9076522819082378,1.9727651354263842,0.3073435805410001,-0.05133060769764303,1.9716426363144541,0.33559205858278524,-0.0018124246627092735,DEPTH_PROPOSAL_CERTIFIED,1.2593963778790338,0,32,0,0,16,FULL_MOTION_CERTIFICATE,0,0,0,21,0,0,0,0,0,,8.95,1.97164383462,0.335584954285,-0.00182424665796,0.976023128249,0.109727586623,-0.187985929944,0.985821917308,0.167792477142,-0.000912123328982,1.96722466451,0.275421533138,-0.155337774168,1.9684677876418586,0.2800160308435223,-0.13725301265175277
8.9,-53.97423820849726,-8.881308305461792,2.9066654496000575,1.9723453213311983,0.30492582537070606,-0.05920993849082796,1.971641338572077,0.3355997570719713,-0.0017986347438541852,DEPTH_PROPOSAL_CERTIFIED,1.2401755484856012,0,32,0,0,16,FULL_MOTION_CERTIFICATE,0,0,0,21,0,0,0,0,0,,8.966666666,1.97164263631,0.335592058583,-0.00181242466271,0.976023128249,0.109727586623,-0.187985929944,0.985821318157,0.167796029291,-0.000906212331355,1.96607478516,0.271181657558,-0.172052476963,1.9672235893699324,0.2754292122931208,-0.15533777416767894
8.916666666666666,-53.94137370526637,-8.87626880414947,2.905536139339261,1.9718701938533203,0.30237007873932004,-0.0677586156477891,1.9716399338024968,0.33560809528665775,-0.0017826422376790022,DEPTH_PROPOSAL_CERTIFIED,1.220635723002043,0,32,0,0,16,FULL_MOTION_CERTIFICATE,0,0,0,21,0,0,0,0,0,,8.983333333,1.97164133857,0.335599757072,-0.00179863474385,0.976023128249,0.109727586623,-0.187985929944,0.985820669286,0.167799878536,-0.000899317371927,1.96501201781,0.267262984426,-0.187500915372,1.9660736386232074,0.2711899698364084,-0.17205247696272127
8.933333333333334,-53.90851786289088,-8.871273618637698,2.9042556393060854,1.971350542529389,0.2997111307063634,-0.07683000199053733,1.9716384160927514,0.3356171085897577,-0.001764258801388828,DEPTH_PROPOSAL_CERTIFIED,1.2009739596503624,0,32,0,0,16,FULL_MOTION_CERTIFICATE,0,0,0,22,0,0,0,0,0,,9,1.9716399338,0.335608095287,-0.00178264223768,0.976023128249,0.109727586623,-0.187985929944,0.985819966901,0.167804047643,-0.00089132111884,1.96402976315,0.263641180476,-0.201779017515,1.9650107963774257,0.26727196470429415,-0.18750091537205973
8.95,-53.87567126556342,-8.866323963777349,2.9028173753644197,1.9707958396481047,0.29697929162096154,-0.08629583649995516,1.9716367809915631,0.3356268234485757,-0.0017433367563885035,DEPTH_PROPOSAL_CERTIFIED,1.1811860455033094,0,32,0,0,16,FULL_MOTION_CERTIFICATE,0,0,0,22,0,0,0,0,0,,9.016666666,1.97163841609,0.33561710859,-0.00176425880139,0.976023128249,0.109727586623,-0.187985929944,0.985819208046,0.167808554295,-0.000882129400694,1.96312192177,0.26029375582,-0.214975444439,1.9640284644964352,0.26365085477905675,-0.20177901751485977
8.966666666666667,-53.8428343592651,-8.8614206159235,2.9012166371703048,1.9702143778990069,0.29420087123093897,-0.09604429164688957,1.9716350253196486,0.3356372585761268,-0.0017197640217311806,DEPTH_PROPOSAL_CERTIFIED,1.1612676802007083,0,32,0,0,17,FULL_MOTION_CERTIFICATE,0,0,0,22,0,0,0,0,0,,9.033333333,1.97163678099,0.335626823449,-0.00174333675639,0.976023128249,0.109727586623,-0.187985929944,0.985818390496,0.167813411724,-0.000871668378194,1.9622828562,0.257199923745,-0.227172142823,1.9631205445600128,0.2603041424726651,-0.21497544443948308
8.983333333333333,-53.810007469353174,-8.856563972409083,2.899450333507533,1.9696133947156658,0.2913986108650489,-0.10597821976632359,1.9716331470005666,0.33564842595086036,-0.0016934595807879325,DEPTH_PROPOSAL_CERTIFIED,1.1412144895493659,0,32,0,0,18,FULL_MOTION_CERTIFICATE,0,0,0,22,0,0,0,0,0,,9.05,1.97163502532,0.335637258576,-0.00171976402173,0.976023128249,0.109727586623,-0.187985929944,0.98581751266,0.167818629288,-0.000859882010866,1.96150735621,0.254340472893,-0.238444848887,1.9622813998789035,0.25721103440118803,-0.227172142823426
9.0,-53.77719081627692,-8.851754104522717,2.8975167739999113,1.9689991845750476,0.2885920731819052,-0.11601357045729012,1.9716311449101092,0.33566033172666326,-0.0016643694294490008,DEPTH_PROPOSAL_CERTIFIED,1.1210220397955037,0,32,0,0,18,FULL_MOTION_CERTIFICATE,0,0,0,22,0,0,0,0,0,,9.05,1.97163502532,0.335637258576,-0.00171976402173,0.976023128249,0.109727586623,-0.187985929944,0.98581751266,0.167818629288,-0.000859882010866,1.96150735621,0.254340472893,-0.238444848887,1.9615058208595055,0.25435231344755355,-0.2384448488870752
9.016666666666667,-53.74438452960482,-8.846990804634473,2.8954154746047043,1.968377200326006,0.2857979932946237,-0.12607796371241348,1.9716290187424177,0.3356729770438764,-0.0016324629590825665,DEPTH_PROPOSAL_CERTIFIED,1.100685852023875,0,32,0,0,20,FULL_MOTION_CERTIFICATE,0,0,0,22,0,0,0,0,0,,9.083333333,1.97163114491,0.335660331727,-0.00166436942945,0.976023128249,0.109727586623,-0.187985929944,0.985815572455,0.167830165863,-0.000832184714725,1.96012815551,0.24925503555,-0.258492978168,1.9607889924876984,0.2517102186697905,-0.24886356142491198
9.033333333333333,-53.711588660528676,-8.84227362805276,2.89314698453468,1.967752144568795,0.28303059490271143,-0.13610940420145007,1.9716267688911444,0.33568635875109626,-0.0015977297316441277,DEPTH_PROPOSAL_CERTIFIED,1.0802014162532652,0,32,0,0,20,FULL_MOTION_CERTIFICATE,0,0,0,22,0,0,0,0,0,,9.1,1.97162901874,0.335672977044,-0.00163246295908,0.976023128249,0.109727586623,-0.187985929944,0.985814509371,0.167836488522,-0.000816231479541,1.95951589042,0.246997470179,-0.267392893628,1.9601264643308205,0.24926833452137948,-0.258492978167704
9.05,-53.67880319299468,-8.837601930139042,2.8907127324830575,1.967128052039774,0.280301874823069,-0.1460551230973644,1.9716243963441489,0.3357004700466193,-0.0015601766083040663,DEPTH_PROPOSAL_CERTIFIED,1.0595642049016434,0,32,0,0,20,FULL_MOTION_CERTIFICATE,0,0,0,22,0,0,0,0,0,,9.116666666,1.97162676889,0.335686358751,-0.00159772973164,0.971917630809,0.0826775092781,-0.220319196582,0.985813384446,0.167843179376,-0.000798864865822,1.95873811898,0.243610732068,-0.277507449894,1.9595141231857172,0.24701148985143356,-0.2673928936275127
9.066666666666666,-53.64602832112352,-8.832976540828692,2.888112505271338,1.9664923122697662,0.27752335862105687,-0.15601363270317853,1.9716219025903372,0.33571530104752406,-0.0015198251966762125,DEPTH_PROPOSAL_CERTIFIED,1.0387685481029596,0,32,0,0,20,FULL_MOTION_CERTIFICATE,0,0,0,22,0,0,0,0,0,,9.133333333,1.97162439634,0.335700470047,-0.0015601766083,0.971917630809,0.0826775092781,-0.220319196582,0.985812198172,0.167850235023,-0.000780088304152,1.95778860913,0.238981195306,-0.28871915578,1.9587362870756695,0.24362546095650703,-0.27750744989411835
9.083333333333334,-53.61326444115777,-8.828399796358816,2.8853447205809863,1.9658327979448513,0.27460466819257956,-0.16606708142110144,1.9716192851399585,0.3357308652940085,-0.0014766696091156899,DEPTH_PROPOSAL_CERTIFIED,1.0178076252630357,0,32,0,0,20,FULL_MOTION_CERTIFICATE,0,0,0,22,0,0,0,0,0,,9.15,1.97162190259,0.335715301048,-0.00151982519668,0.971917630809,0.0826775092781,-0.220319196582,0.985810951295,0.167857650524,-0.000759912598338,1.95673153733,0.233403454532,-0.300228189145,1.9577867231808905,0.23899664496515827,-0.2887191557797544
9.1,-53.58051205512356,-8.823875053161096,2.8824075405525997,1.9651431620521596,0.2714845918632765,-0.17623080170321756,1.971616537420356,0.33574720031960037,-0.0014306809974072006,DEPTH_PROPOSAL_CERTIFIED,0.9983920185979498,0,32,0,0,20,FULL_MOTION_CERTIFICATE,0,0,0,22,0,0,0,0,0,,9.166666666,1.97161928514,0.335730865294,-0.00147666960912,0.971917630809,0.0826775092781,-0.220319196582,0.98580964257,0.167865432647,-0.000738334804558,1.95575454679,0.228248270195,-0.310865325388,1.956729604161319,0.23341966064577702,-0.30022818914504185
9.116666666666667,-53.547771525909056,-8.819404879793842,2.8793003674387525,1.9644317528701607,0.2682104020352069,-0.1864303868308225,1.9716136500572123,0.33576436002714444,-0.0013818261970570266,DEPTH_PROPOSAL_CERTIFIED,0.9801183899409371,0,32,0,0,20,FULL_MOTION_CERTIFICATE,0,0,0,22,0,0,0,0,0,,9.183333333,1.97161653742,0.33574720032,-0.00143068099741,0.971917630809,0.0826775092781,-0.220319196582,0.98580826871,0.16787360016,-0.000715340498704,1.95485157062,0.223483629824,-0.320696618598,1.9557525608497766,0.22826528613275981,-0.3108653253875959
9.133333333333333,-53.51504309546338,-8.814991157064728,2.8760236662544933,1.9637058267404537,0.26482336374678234,-0.19660207105557193,1.9716106157559206,0.33578238591633025,-0.001330092814572231,DEPTH_PROPOSAL_CERTIFIED,0.9618539626033409,0,32,0,0,20,FULL_MOTION_CERTIFICATE,0,0,0,22,0,0,0,0,0,,9.2,1.97161365006,0.335764360027,-0.00138182619706,0.971917630809,0.0826775092781,-0.220319196582,0.985806825029,0.167882180014,-0.000690913098529,1.95401700174,0.219079947064,-0.329783116852,1.9548495279580262,0.223501496628,-0.3206966185975224
9.15,-53.482326901036735,-8.810635167503191,2.8725788071841265,1.9629716655986764,0.2613593736922119,-0.20669154422199934,1.9716074290396128,0.33580130864926155,-0.0012754862800707593,DEPTH_PROPOSAL_CERTIFIED,0.943597746984675,0,32,0,0,20,FULL_MOTION_CERTIFICATE,0,0,0,22,0,0,0,0,0,,9.216666666,1.97161061576,0.335782385916,-0.00133009281457,0.971917630809,0.0826775092781,-0.220319196582,0.985805307878,0.167891192958,-0.000665046407286,1.95324565782,0.215009876885,-0.33818124351,1.9540148996689939,0.21909869502645463,-0.329783116852407
9.166666666666666,-53.44962298965419,-8.806337675222888,2.8689679257661744,1.9622346829530115,0.2578495368181435,-0.2166528850771292,1.971604086015122,0.33582114945034364,-0.0012180272265365309,DEPTH_PROPOSAL_CERTIFIED,0.92534934031327,0,32,0,0,20,FULL_MOTION_CERTIFICATE,0,0,0,22,0,0,0,0,0,,9.233333333,1.97160742904,0.335801308649,-0.00127548628007,0.971917630809,0.0826775092781,-0.220319196582,0.98580371452,0.167900654325,-0.000637743140035,1.952532749,0.211248145118,-0.345943148942,1.9532434946759,0.21502952695450583,-0.3381812435097211
9.183333333333334,-53.416931330997684,-8.802098997117671,2.865193799065565,1.9614995193902933,0.2543206863130414,-0.22644760203656955,1.9716005841641402,0.33584192135660623,-0.0011577491631553111,DEPTH_PROPOSAL_CERTIFIED,0.9071088857235203,0,32,0,0,20,FULL_MOTION_CERTIFICATE,0,0,0,23,0,0,0,0,0,,9.25,1.97160408602,0.33582114945,-0.00121802722654,0.971917630809,0.0826775092781,-0.220319196582,0.985802043008,0.167910574725,-0.000609013613268,1.95187384843,0.207771393036,-0.353117031223,1.952530523925133,0.2112687101507983,-0.3459431489417352
9.2,-53.38425182885405,-8.797919066244024,2.8612597362169927,1.9607701286184267,0.25079585241884955,-0.23604377091434403,1.9715969221570748,0.3358636303330754,-0.0010946964132374825,DEPTH_PROPOSAL_CERTIFIED,0.8890748116842397,0,32,0,0,20,FULL_MOTION_CERTIFICATE,0,0,0,23,0,0,0,0,0,,9.25,1.97160408602,0.33582114945,-0.00121802722654,0.971917630809,0.0826775092781,-0.220319196582,0.985802043008,0.167910574725,-0.000609013613268,1.95187384843,0.207771393036,-0.353117031223,1.951871561201652,0.20779287890970632,-0.3531170312231999
9.216666666666667,-53.351584331272406,-8.793797488166279,2.857169481870628,1.9600498548982532,0.2472946846646856,-0.2454152607818606,1.9715930996873574,0.3358862762664155,-0.0010289222901057184,DEPTH_PROPOSAL_CERTIFIED,0.8712427324048861,0,32,0,0,20,FULL_MOTION_CERTIFICATE,0,0,0,23,0,0,0,0,0,,9.283333333,1.97159692216,0.335863630333,-0.00109469641324,0.971917630809,0.0826775092781,-0.220319196582,0.985798461079,0.167931815167,-0.000547348206619,1.95070201588,0.201588106182,-0.365875540015,1.9512625155121375,0.2045804380638877,-0.3597474371655567
9.233333333333333,-53.318928639561086,-8.789733590967796,2.8529271312121005,1.9593415026790995,0.24383383190896651,-0.2545410395116593,1.9715891173241489,0.3359098538488741,-0.0009604874867390627,DEPTH_PROPOSAL_CERTIFIED,0.8534119043570394,0,32,0,0,20,FULL_MOTION_CERTIFICATE,0,0,0,23,0,0,0,0,0,,9.3,1.97159309969,0.335886276266,-0.00102892229011,0.971917630809,0.0826775092781,-0.220319196582,0.985796549844,0.167943138133,-0.000514461145053,1.95018180722,0.198843175247,-0.37153939264,1.9506996056054238,0.2016114282891909,-0.3658755400152102
9.25,-53.2862845162411,-8.78572646956301,2.848537055360229,1.958647399198815,0.24042728428712318,-0.26340455111226857,1.9715849763815874,0.3359343533634396,-0.0008894586572755895,DEPTH_PROPOSAL_CERTIFIED,0.8355814613753001,0,32,0,0,20,FULL_MOTION_CERTIFICATE,0,0,0,23,0,0,0,0,0,,9.316666666,1.97158911732,0.335909853849,-0.000960487486739,0.971917630809,0.0826775092781,-0.220319196582,0.985794558662,0.167954926924,-0.00048024374337,1.94970100833,0.196306193781,-0.376774165197,1.9501793367393452,0.19886740330063657,-0.3715393926396959
9.266666666666667,-53.25365169206295,-8.781775024887654,2.8440038360562303,1.9579694506889596,0.23708668052133242,-0.27199315823991793,1.9715806788029095,0.33595976138006106,-0.0008159071706373658,DEPTH_PROPOSAL_CERTIFIED,0.8177507732812146,0,32,0,0,20,FULL_MOTION_CERTIFICATE,0,0,0,23,0,0,0,0,0,,9.333333333,1.97158497638,0.335934353363,-0.000889458657276,0.971917630809,0.0826775092781,-0.220319196582,0.985792488191,0.167967176682,-0.000444729328638,1.94925663357,0.193961407732,-0.381612364382,1.9496984788687246,0.19633131457868716,-0.3767741651972344
9.283333333333333,-53.221029872182996,-8.77787799848943,2.8393322086636683,1.9573091927975443,0.23382158389349114,-0.28029764355373626,1.9715762270579158,0.3359860613718935,-0.0007399080183503628,DEPTH_PROPOSAL_CERTIFIED,0.7999194220814001,0,32,0,0,20,FULL_MOTION_CERTIFICATE,0,0,0,23,0,0,0,0,0,,9.35,1.9715806788,0.33595976138,-0.000815907170637,0.971917630809,0.0826775092781,-0.220319196582,0.985790339401,0.16797988069,-0.000407953585319,1.94884592356,0.191794256994,-0.386084033319,1.9492540465222767,0.19398740503382497,-0.3816123643823264
9.3,-53.1884187415863,-8.774034002989987,2.8345270125971602,1.9566678358018437,0.23063972996660023,-0.28831176399048336,1.9715716240524173,0.33601323425968077,-0.0006615388603662104,DEPTH_PROPOSAL_CERTIFIED,0.7843188913904773,0,32,0,0,20,FULL_MOTION_CERTIFICATE,0,0,0,23,0,0,0,0,0,,9.366666666,1.97157622706,0.335986061372,-0.00073990801835,0.971917630809,0.0826775092781,-0.220319196582,0.985788113529,0.167993030686,-0.000369954009175,1.94846632798,0.189791284465,-0.390216939202,1.948843280454295,0.1918211120585334,-0.3860840333187929
9.316666666666666,-53.15581796983478,-8.7702415488459,2.8295931483801327,1.9560463050910502,0.22754724864518203,-0.2960318530216806,1.9715668730484175,0.33604125889159236,-0.000580879194316923,DEPTH_PROPOSAL_CERTIFIED,0.772762480081135,0,32,0,0,20,FULL_MOTION_CERTIFICATE,0,0,0,23,0,0,0,0,0,,9.383333333,1.97157162405,0.33601323426,-0.000661538860366,0.971917630809,0.0826775092781,-0.220319196582,0.985785812026,0.16800661713,-0.000330769430183,1.94811548961,0.187940052162,-0.394036746397,1.9484636304193674,0.18981897652387753,-0.3902169392022926
9.333333333333334,-53.123227215211806,-8.766499067795012,2.8245355406108628,1.9554452773781927,0.22454886305330418,-0.30345646615617006,1.9715619775939213,0.3360701124651662,-0.0004980096349853286,DEPTH_PROPOSAL_CERTIFIED,0.7611955167367712,0,32,0,0,20,FULL_MOTION_CERTIFICATE,0,0,0,23,0,0,0,0,0,,9.4,1.97156687305,0.336041258892,-0.000580879194317,0.971917630809,0.0826775092781,-0.220319196582,0.985783436524,0.168020629446,-0.000290439597158,1.94779122991,0.186229064733,-0.397567174253,1.9481127392813338,0.18796855883239658,-0.3940367463969366
9.35,-53.09064612832729,-8.76280493333588,2.8193591061899563,1.9548652130710673,0.22164806754789765,-0.31058606525440413,1.971556941461344,0.336099770897365,-0.0004130112920724821,DEPTH_PROPOSAL_CERTIFIED,0.749618540952689,0,32,0,0,20,FULL_MOTION_CERTIFICATE,0,0,0,23,0,0,0,0,0,,9.416666666,1.97156197759,0.336070112465,-0.000498009634985,0.971917630809,0.0826775092781,-0.220319196582,0.985780988797,0.168035056233,-0.000249004817493,1.94749153535,0.184647697662,-0.400830145252,1.9477884285241374,0.1862583623819358,-0.39756717425286536
9.366666666666667,-53.05807435524129,-8.75915747855582,2.814068727223598,1.954306385160371,0.21884728680353688,-0.31742273798148857,1.9715517685936321,0.33613020914816166,-0.00032596523556092136,DEPTH_PROPOSAL_CERTIFIED,0.7380322004715008,0,32,0,0,20,FULL_MOTION_CERTIFICATE,0,0,0,23,0,0,0,0,0,,9.433333333,1.97155694146,0.336099770897,-0.000413011292072,0.971917630809,0.0826775092781,-0.220319196582,0.985778470731,0.168049885449,-0.000206505646036,1.94721454491,0.183186131034,-0.403845921669,1.947488684649877,0.1846777617223373,-0.40083014525191457
9.383333333333333,-53.025511540158476,-8.755555011592076,2.8086692280758165,1.9537689049687303,0.2161480178246894,-0.32396994886691655,1.9715464630572528,0.33616140150256557,-0.00023695203897876506,DEPTH_PROPOSAL_CERTIFIED,0.7264372360479721,0,32,0,0,20,FULL_MOTION_CERTIFICATE,0,0,0,23,0,0,0,0,0,,9.45,1.97155176859,0.336130209148,-0.000325965235561,0.971917630809,0.0826775092781,-0.220319196582,0.985775884297,0.168065104574,-0.00016298261778,1.9469585386,0.181835289152,-0.406633230171,1.947211646630714,0.18321693628274827,-0.4038459216691429
9.4,-52.992957327740434,-8.751995828981709,2.8031653560981042,1.9532527450823085,0.2135509566220284,-0.3302323186627115,1.9715410290013329,0.33619332181552514,-0.00014605139184012652,DEPTH_PROPOSAL_CERTIFIED,0.7148344677487914,0,32,0,0,20,FULL_MOTION_CERTIFICATE,0,0,0,23,0,0,0,0,0,,9.45,1.97155176859,0.336130209148,-0.000325965235561,0.971917630809,0.0826775092781,-0.220319196582,0.985775884297,0.168065104574,-0.00016298261778,1.9469585386,0.181835289152,-0.406633230171,1.9469555944679615,0.1818668099495657,-0.4066332301714058
9.416666666666666,-52.96041120618178,-8.74848029205071,2.7975623038647863,1.9527672935192228,0.2109322158600096,-0.3361831339991047,1.9715354706222685,0.3362259437236906,-5.334177344608113e-05,DEPTH_PROPOSAL_CERTIFIED,0.7039201659426157,0,32,0,0,20,FULL_MOTION_CERTIFICATE,0,0,0,23,0,0,0,0,0,,9.483333333,1.971541029,0.336193321816,-0.00014605139184,0.984806929689,-0.0554273043057,-0.164569514715,0.985770514501,0.168096660908,-7.30256959201e-05,1.94688378976,0.174541785955,-0.410278265429,1.9468447844495778,0.17898357856337846,-0.4087830811031058
9.433333333333334,-52.927872517015665,-8.745010661073406,2.7918656971725913,1.9523213499669263,0.208177858638172,-0.3417964015316785,1.9715297862888863,0.336259275094752,4.109074592788961e-05,DEPTH_PROPOSAL_CERTIFIED,0.6939445468477157,0,32,0,0,20,FULL_MOTION_CERTIFICATE,0,0,0,24,0,0,0,0,0,,9.5,1.97153547062,0.336225943724,-5.33417734461e-05,0.984806929689,-0.0554273043057,-0.164569514715,0.985767735311,0.168112971862,-2.6670886723e-05,1.94706844994,0.168615011739,-0.411099793261,1.9468808386289074,0.17457470053175508,-0.4102782654290748
9.45,-52.895340463979714,-8.741590940687988,2.78608158619791,1.95192318215693,0.2051832231251302,-0.34704665848090055,1.9715239690022104,0.33629335532970195,0.00013715269636009755,DEPTH_PROPOSAL_CERTIFIED,0.6840033879468652,0,32,0,0,20,FULL_MOTION_CERTIFICATE,0,0,0,24,0,0,0,0,0,,9.516666666,1.97152978629,0.336259275095,4.10907459279e-05,0.984806929689,-0.0554273043057,-0.164569514715,0.985764893144,0.168129637547,2.05453729639e-05,1.94740372063,0.161180954866,-0.411226201109,1.9470655348749744,0.16864866986601795,-0.4110997932614137
9.466666666666667,-52.862814120937436,-8.738226735196703,2.780216440447183,1.9515805825364154,0.20185232947708057,-0.35190874504361597,1.9715180068241756,0.33632825284770745,0.00023474334672651646,DEPTH_PROPOSAL_CERTIFIED,0.6740890267912372,0,32,0,0,20,FULL_MOTION_CERTIFICATE,0,0,0,24,0,0,0,0,0,,9.533333333,1.971523969,0.33629335533,0.00013715269636,0.984806929689,-0.0554273043057,-0.164569514715,0.985761984501,0.168146677665,6.857634818e-05,1.94789190445,0.152251639761,-0.410632470274,1.9474008671661374,0.16121542697087693,-0.41122620110874075
9.483333333333333,-52.830292438809344,-8.734925112163246,2.774277148578741,1.9513009276856654,0.1980973820074408,-0.35635751210654437,1.9715118832790532,0.3363640627314811,0.00033375477944227674,DEPTH_PROPOSAL_CERTIFIED,0.6641921129267128,0,32,0,0,20,FULL_MOTION_CERTIFICATE,0,0,0,24,0,0,0,0,0,,9.55,1.97151800682,0.336328252848,0.000234743346727,0.984806929689,-0.0554273043057,-0.164569514715,0.985759003412,0.168164126424,0.000117371673363,1.94853576589,0.141842378833,-0.409288204404,1.9478891385065162,0.15228702287783263,-0.4106324702742739
9.5,-52.797774251394614,-8.731694472194839,2.768271025028104,1.951091244883657,0.1938383981043984,-0.3603674130382027,1.9715055777319264,0.3364009045075589,0.0004340718831868248,DEPTH_PROPOSAL_CERTIFIED,0.654814101062118,0,32,0,0,20,FULL_MOTION_CERTIFICATE,0,0,0,24,0,0,0,0,0,,9.566666666,1.97151188328,0.336364062731,0.000333754779442,0.984806929689,-0.0554273043057,-0.164569514715,0.98575594164,0.168182031366,0.000166877389721,1.94933881368,0.129974085681,-0.407154217033,1.948533114699154,0.14187879448728408,-0.4092882044044316
9.516666666666667,-52.76525827981078,-8.728544421519619,2.7622058272299985,1.9509582950298527,0.18900304051319441,-0.3639118678863028,1.9714990657500098,0.33643892002742987,0.0005355722308514044,DEPTH_PROPOSAL_CERTIFIED,0.6523428648824119,0,32,0,0,20,FULL_MOTION_CERTIFICATE,0,0,0,24,0,0,0,0,0,,9.583333333,1.97150557773,0.336400904508,0.000434071883187,0.984806929689,-0.0554273043057,-0.164569514715,0.985752788866,0.168200452254,0.000217035941593,1.95030590117,0.116678708922,-0.404175064816,1.94933630681344,0.13001167790050897,-0.40715421703312216
9.533333333333333,-52.732743134898,-8.725485640286559,2.756089792062033,1.9509086947667575,0.18352687398357662,-0.3669621100779536,1.9714923194561549,0.33647827139487396,0.0006381257784545985,DEPTH_PROPOSAL_CERTIFIED,0.6497467574467595,0,32,0,0,20,FULL_MOTION_CERTIFICATE,0,0,0,24,0,0,0,0,0,,9.6,1.97149906575,0.336438920027,0.000535572230851,0.984806929689,-0.0554273043057,-0.164569514715,0.985749532875,0.168219460014,0.000267786115426,1.95144484562,0.102016485181,-0.400257844097,1.950303571556995,0.11671764232223553,-0.40417506481609555
9.55,-52.7002273156981,-8.722529725127927,2.749931716825861,1.9509491519940636,0.17735490951792846,-0.3694845141702963,1.9714853078940797,0.33651913882537354,0.0007415942390408477,DEPTH_PROPOSAL_CERTIFIED,0.6470242838507645,0,32,0,0,20,FULL_MOTION_CERTIFICATE,0,0,0,24,0,0,0,0,0,,9.616666666,1.97149231946,0.336478271395,0.000638125778455,0.984806929689,-0.0554273043057,-0.164569514715,0.985746159728,0.168239135697,0.000319062889227,1.9527732834,0.0861858666287,-0.395167286025,1.951442730167198,0.10205694303702478,-0.40025784409687576
9.566666666666666,-52.6677091956532,-8.719688869136979,2.743741213847449,1.9510872026939343,0.17045135945692091,-0.37143017870473327,1.9714779974648586,0.336561718090552,0.0008458297033272079,DEPTH_PROPOSAL_CERTIFIED,0.6441734937949033,0,32,0,0,20,FULL_MOTION_CERTIFICATE,0,0,0,24,0,0,0,0,0,,9.616666666,1.97149231946,0.336478271395,0.000638125778455,0.984806929689,-0.0554273043057,-0.164569514715,0.985746159728,0.168239135697,0.000319062889227,1.9527732834,0.0861858666287,-0.395167286025,1.9527714212323584,0.08622804871262374,-0.39516728602486545
9.583333333333334,-52.6351873378901,-8.716973200886033,2.737527055608217,1.9513114657858721,0.16294009505679277,-0.3728494943538988,1.9714703528157578,0.33660621532355206,0.00095067032471816,DEPTH_PROPOSAL_CERTIFIED,0.641194589213355,0,32,0,0,20,FULL_MOTION_CERTIFICATE,0,0,0,24,0,0,0,0,0,,9.65,1.97147799746,0.336561718091,0.000845829703327,0.984806929689,-0.0554273043057,-0.164569514715,0.985738998732,0.168280859045,0.000422914851664,1.95522823426,0.0574621053382,-0.385541954587,1.954047475507513,0.07130266937523444,-0.39016514527371726
9.6,-52.60266053642776,-8.714390653566292,2.731296871535358,1.951608087740457,0.15495283918439848,-0.373811044371562,1.9714623444383745,0.3366528024427432,0.0010559682736033232,DEPTH_PROPOSAL_CERTIFIED,0.6380898787165943,0,32,0,0,20,FULL_MOTION_CERTIFICATE,0,0,0,24,0,0,0,0,0,,9.666666666,1.97147035282,0.336606215324,0.000950670324718,0.984806929689,-0.0554273043057,-0.164569514715,0.985735176408,0.168303107662,0.000475335162359,1.9563180543,0.0447108396399,-0.381269005882,1.9552268755863913,0.057508317541181964,-0.3855419545870532
9.616666666666667,-52.57012778943673,-8.711947239519585,2.725057270844429,1.9519648194615522,0.14660484280241728,-0.3743760414557208,1.9714539490595342,0.33670161483855904,0.001161594883866721,DEPTH_PROPOSAL_CERTIFIED,0.6348633197584821,0,32,0,0,20,FULL_MOTION_CERTIFICATE,0,0,0,24,0,0,0,0,0,,9.683333333,1.97146234444,0.336652802443,0.0010559682736,0.984806929689,-0.0554273043057,-0.164569514715,0.985731172219,0.168326401221,0.000527984136802,1.95732531228,0.0329255781731,-0.377319765163,1.9563169464589136,0.04475928694225223,-0.3812690058824576
9.633333333333333,-52.537588275226184,-8.709647295774923,2.718813953330638,1.9523708526330756,0.13799662467967955,-0.37459905082749617,1.971445148865851,0.33675275590957077,0.0012674386023097887,DEPTH_PROPOSAL_CERTIFIED,0.6315201310103848,0,32,0,0,20,FULL_MOTION_CERTIFICATE,0,0,0,24,0,0,0,0,0,,9.7,1.97145394906,0.336701614839,0.00116159488387,0.984806929689,-0.0554273043057,-0.164569514715,0.98572697453,0.168350807419,0.000580797441933,1.95825626284,0.0220331395624,-0.373669709353,1.9573244573256623,0.032976363582272794,-0.37731976516315585
9.65,-52.50504133069881,-8.707493703401855,2.712571809227799,1.9528166716422777,0.12921554238404404,-0.3745286461703234,1.9714359308099305,0.3368063011218796,0.0013734031384483043,DEPTH_PROPOSAL_CERTIFIED,0.6280664658917074,0,32,0,0,20,FULL_MOTION_CERTIFICATE,0,0,0,24,0,0,0,0,0,,9.716666666,1.97144514887,0.33675275591,0.00126743860231,0.984806929689,-0.0554273043057,-0.164569514715,0.985722574433,0.168376377955,0.000633719301155,1.95911668678,0.0119658863156,-0.37029617313,1.958255663554543,0.022086338377296566,-0.37366970935281524
9.666666666666666,-52.47248643203713,-8.705488083241804,2.7063350091565774,1.9532939197006938,0.12033720960313497,-0.37420800427332834,1.9714262859903562,0.33686230163786607,0.0014794057961462657,DEPTH_PROPOSAL_CERTIFIED,0.6245091391576598,0,32,0,0,20,FULL_MOTION_CERTIFICATE,0,0,0,24,0,0,0,0,0,,9.716666666,1.97144514887,0.33675275591,0.00126743860231,0.984806929689,-0.0554273043057,-0.164569514715,0.985722574433,0.168376377955,0.000633719301155,1.95911668678,0.0119658863156,-0.37029617313,1.9591163460133696,0.012021549676037802,-0.3702961731299884
9.683333333333334,-52.43992317740624,-8.703630970339773,2.7001070850912106,1.9537952778532663,0.1114267741217583,-0.37367544392200286,1.9714162090983003,0.33692078755624444,0.0015853759701568101,DEPTH_PROPOSAL_CERTIFIED,0.6208553993463952,0,32,0,0,20,FULL_MOTION_CERTIFICATE,0,0,0,25,0,0,0,0,0,,9.75,1.97142628599,0.336862301638,0.00147940579615,0.984806929689,-0.0554273043057,-0.164569514715,0.985713142995,0.168431150819,0.000739702898073,1.96064692203,-0.00593838727878,-0.364296451654,1.9599118473146526,0.0027194612489688796,-0.3671782076358326
9.7,-52.40735127147867,-8.701921969175867,2.693891003187799,1.9543143556546534,0.10254006983443027,-0.37296491420469463,1.9714056979242296,0.33698177080146574,0.001691253792167214,DEPTH_PROPOSAL_CERTIFIED,0.6171127407258479,0,32,0,0,20,FULL_MOTION_CERTIFICATE,0,0,0,25,0,0,0,0,0,,9.766666666,1.9714162091,0.336920787556,0.00158537597016,0.984806929689,-0.0554273043057,-0.164569514715,0.985708104549,0.168460393778,0.000792687985078,1.96132623544,-0.0138865855467,-0.361633010683,1.9606471048315748,-0.0058777224709783416,-0.36429645165353397
9.716666666666667,-52.37477051160411,-8.700359891607151,2.68768922924338,1.95484559247342,0.09372465412294627,-0.3721064366651383,1.971394752918806,0.3370452476968763,0.0017969889123686574,DEPTH_PROPOSAL_CERTIFIED,0.6072975059035279,0,32,0,0,20,FULL_MOTION_CERTIFICATE,0,0,0,25,0,0,0,0,0,,9.783333333,1.97140569792,0.336981770801,0.00169125379217,0.984806929689,-0.0554273043057,-0.164569514715,0.985702848962,0.168490885401,0.000845626896084,1.96195408575,-0.021232648047,-0.359171345387,1.961326681662374,-0.013823417557152773,-0.36163301068255194
9.733333333333333,-52.34218077546352,-8.698942879250403,2.681503787484919,1.9553841684355457,0.08502074140488865,-0.37112650550769866,1.9713833768025966,0.33711120125295185,0.0019025394037912205,DEPTH_PROPOSAL_CERTIFIED,0.5959016220993179,0,32,0,0,20,FULL_MOTION_CERTIFICATE,0,0,0,25,0,0,0,0,0,,9.8,1.97139475292,0.337045247697,0.00179698891237,0.984806929689,-0.0554273043057,-0.164569514715,0.985697376459,0.168522623848,0.000898494456184,1.96253437164,-0.0280221906498,-0.35689616989,1.9619547951734784,-0.02116699375542086,-0.35917134538693396
9.75,-52.3095820100621,-8.697668511867954,2.6753363133219334,1.9559259240849056,0.07646204294691474,-0.37004844977909784,1.9713715742197133,0.3371796031989906,0.0020078707778030157,DEPTH_PROPOSAL_CERTIFIED,0.5846970012630794,0,32,0,0,20,FULL_MOTION_CERTIFICATE,0,0,0,25,0,0,0,0,0,,9.816666666,1.9713833768,0.337111201253,0.00190253940379,0.987083233832,-0.0846719870542,-0.136004941438,0.985691688401,0.168555600626,0.000951269701896,1.96320236705,-0.0359532736561,-0.353409809595,1.9625353430070953,-0.02795407824036139,-0.35689616989016837
9.766666666666667,-52.27697405560325,-8.696535993953992,2.6691898475430182,1.9564772675311775,0.06795107483779239,-0.36878794673488274,1.97135935143097,0.33725041578389475,0.0021129551002548167,DEPTH_PROPOSAL_CERTIFIED,0.5736770016203558,0,32,0,0,20,FULL_MOTION_CERTIFICATE,0,0,0,25,0,0,0,0,0,,9.816666666,1.9713833768,0.337111201253,0.00190253940379,0.987083233832,-0.0846719870542,-0.136004941438,0.985691688401,0.168555600626,0.000951269701896,1.96320236705,-0.0359532736561,-0.353409809595,1.9632036575756928,-0.03588273609349468,-0.35340980959545953
9.783333333333333,-52.244356665278616,-8.695545914536742,2.663068833035193,1.9570434194781248,0.05940476503494338,-0.36726087046953715,1.9713467101018287,0.3373236282821354,0.0022177405783768995,DEPTH_PROPOSAL_CERTIFIED,0.5628338123556913,0,32,0,0,20,FULL_MOTION_CERTIFICATE,0,0,0,25,0,0,0,0,0,,9.85,1.97135935143,0.337250415784,0.00211295510025,0.987083233832,-0.0846719870542,-0.136004941438,0.985679675715,0.168625207892,0.00105647755013,1.96472287075,-0.0543582321871,-0.342825944677,1.9639504732308812,-0.04486021455982098,-0.3486305400323196
9.8,-52.2117295760453,-8.694699380077042,2.6569786707063976,1.9576253539987796,0.050792067582026534,-0.36540973972768337,1.9713336479843733,0.3373992530173232,0.002322151583433543,DEPTH_PROPOSAL_CERTIFIED,0.5521591677085835,0,32,0,0,20,FULL_MOTION_CERTIFICATE,0,0,0,25,0,0,0,0,0,,9.866666666,1.9713467101,0.337323628282,0.00221774057838,0.987083233832,-0.0846719870542,-0.136004941438,0.985673355051,0.168661814141,0.00110887028919,1.96543829473,-0.0630692728934,-0.337461091725,1.964724955150769,-0.05428284134355332,-0.3428259446770687
9.816666666666666,-52.179092618835746,-8.693996511646324,2.6509237970745763,1.9582174325734967,0.04217210584308456,-0.3632924179092886,1.9713201613851403,0.33747731090241423,0.002426096152024723,DEPTH_PROPOSAL_CERTIFIED,0.5416462523750187,0,32,0,0,20,FULL_MOTION_CERTIFICATE,0,0,0,25,0,0,0,0,0,,9.883333333,1.97133364798,0.337399253017,0.00232215158343,0.987083233832,-0.0846719870542,-0.136004941438,0.985666823992,0.168699626509,0.00116107579172,1.96609951997,-0.0711203867828,-0.332502666713,1.965440791185045,-0.06299142737201391,-0.3374610917248713
9.833333333333334,-52.14644570582995,-8.69343658789798,2.644907799391235,1.9588147803478173,0.03359542490069329,-0.36095986100046856,1.9713062494199403,0.3375578063603221,0.0025294985856950795,DEPTH_PROPOSAL_CERTIFIED,0.531289652714372,0,32,0,0,20,FULL_MOTION_CERTIFICATE,0,0,0,25,0,0,0,0,0,,9.9,1.97132016139,0.337477310902,0.00242609615202,0.987083233832,-0.0846719870542,-0.136004941438,0.985660080693,0.168738655451,0.00121304807601,1.96671065238,-0.0785615677896,-0.327919879967,1.9661024231945279,-0.0710400825964746,-0.33250266671286566
9.85,-52.113788819117204,-8.69301817202837,2.638933518855664,1.9594132027645639,0.02510495217649906,-0.3584568321342861,1.971291913609111,0.3376407296951876,0.002632297519445782,DEPTH_PROPOSAL_CERTIFIED,0.5210852946402411,0,32,0,0,20,FULL_MOTION_CERTIFICATE,0,0,0,25,0,0,0,0,0,,9.916666666,1.97130624942,0.33755780636,0.0025294985857,0.987083233832,-0.0846719870542,-0.136004941438,0.98565312471,0.16877890318,0.00126474929285,1.96727548685,-0.0854390225387,-0.323684274296,1.9667139562488736,-0.07847881505867688,-0.32791987996685806
9.866666666666667,-52.08112200060954,-8.692739224334993,2.6330031430648377,1.9600091104597952,0.016736861602642657,-0.355822547449569,1.971277157518066,0.33772605919956805,0.0027344441891932188,DEPTH_PROPOSAL_CERTIFIED,0.5110303719073518,0,32,0,0,20,FULL_MOTION_CERTIFICATE,0,0,0,25,0,0,0,0,0,,9.916666666,1.97130624942,0.33755780636,0.0025294985857,0.987083233832,-0.0846719870542,-0.136004941438,0.98565312471,0.16877890318,0.00126474929285,1.96727548685,-0.0854390225387,-0.323684274296,1.9672791843416175,-0.08535384339840002,-0.3236842742960219
9.883333333333333,-52.048445343082136,-8.692597201826885,2.6271182887384747,1.9605994516444694,0.008521350486460721,-0.3530912595817953,1.9712619864385876,0.33781376302394367,0.002835900879122099,DEPTH_PROPOSAL_CERTIFIED,0.5011232679167639,0,32,0,0,20,FULL_MOTION_CERTIFICATE,0,0,0,25,0,0,0,0,0,,9.95,1.97127715752,0.3377260592,0.00273444418919,0.987083233832,-0.0846719870542,-0.136004941438,0.985638578759,0.1688630296,0.0013672220946,1.96828002608,-0.0976703460627,-0.316151391104,1.9678016140974937,-0.09170788513096506,-0.31976954759495463
9.9,-52.01575898222804,-8.692589146200044,2.621280075660189,1.9611816512453453,0.0004833376104538701,-0.3502927846971474,1.9712464071067455,0.33790380083243843,0.00293663953163042,DEPTH_PROPOSAL_CERTIFIED,0.49136347363693356,0,32,0,0,20,FULL_MOTION_CERTIFICATE,0,0,0,25,0,0,0,0,0,,9.966666666,1.97126198644,0.337813763024,0.00283590087912,0.987083233832,-0.0846719870542,-0.136004941438,0.985630993219,0.168906881512,0.00141795043956,1.96872596861,-0.103100166152,-0.312807337584,1.9682844863760312,-0.09758041947682444,-0.316151391104445
9.916666666666666,-51.98306308962484,-8.692711761370786,2.615489192691894,1.9617535561920267,-0.007356910244572631,-0.3474529780977041,1.9712304274537256,0.3379961252663279,0.0030366405041993487,DEPTH_PROPOSAL_CERTIFIED,0.48472851883695256,0,32,0,0,20,FULL_MOTION_CERTIFICATE,0,0,0,25,0,0,0,0,0,,9.983333333,1.97124640711,0.337903800832,0.00293663953163,0.987083233832,-0.0846719870542,-0.136004941438,0.985623203553,0.168951900416,0.00146831976582,1.96913812764,-0.108118636552,-0.309716621257,1.9687307965415415,-0.10300793407590181,-0.3128073375844932
9.933333333333334,-51.95035786652043,-8.69296148164548,2.6097459566388017,1.9623133862649371,-0.01498321648155557,-0.3445941631855173,1.971214056386187,0.33809068323494434,0.0031358914589093693,DEPTH_PROPOSAL_CERTIFIED,0.4808599247008597,0,32,0,0,20,FULL_MOTION_CERTIFICATE,0,0,0,26,0,0,0,0,0,,10,1.97123042745,0.337996125266,0.0030366405042,0.987083233832,-0.0846719870542,-0.136004941438,0.985615213727,0.168998062633,0.0015183202521,1.96951906249,-0.112756919793,-0.30686005011,1.969143313154444,-0.10802415257274245,-0.3097166212568401
9.95,-51.91764353835447,-8.693334531497987,2.604050364667876,1.9628596899575126,-0.022382991150450424,-0.3417355182555697,1.9711973035930948,0.33818741705171773,0.003234386371648822,DEPTH_PROPOSAL_CERTIFIED,0.4769420660481718,0,32,0,0,20,FULL_MOTION_CERTIFICATE,0,0,0,26,0,0,0,0,0,,10,1.97123042745,0.337996125266,0.0030366405042,0.987083233832,-0.0846719870542,-0.136004941438,0.985615213727,0.168998062633,0.0015183202521,1.96951906249,-0.112756919793,-0.30686005011,1.9695245950069342,-0.1126602421109732,-0.3068600501102072
9.966666666666667,-51.88492078777229,-8.693821443040871,2.5983988073789512,1.9633650349309013,-0.029214692573049792,-0.3390934373354663,1.9711801793762649,0.33828626543133145,0.0033321246492979983,DEPTH_PROPOSAL_CERTIFIED,0.47298492156427197,0,32,0,0,20,FULL_MOTION_CERTIFICATE,0,0,0,26,0,0,0,0,0,,10,1.97123042745,0.337996125266,0.0030366405042,0.987083233832,-0.0846719870542,-0.136004941438,0.985615213727,0.168998062633,0.0015183202521,1.96951906249,-0.112756919793,-0.30686005011,1.969530243606243,-0.1125614499287576,-0.3068600501102072
9.983333333333333,-51.85218937003876,-8.694424535439333,2.5927946158924784,1.9638850640119356,-0.03618554390773718,-0.33625148918839354,1.9711627103185902,0.33838707165424603,0.0034291670611582897,DEPTH_PROPOSAL_CERTIFIED,0.46898488319970544,0,32,0,0,22,FULL_MOTION_CERTIFICATE,0,0,0,26,0,0,0,0,0,,10.05,1.97118017938,0.338286265431,0.0033321246493,0.987083233832,-0.0846719870542,-0.136004941438,0.985590089688,0.169143132716,0.00166606232465,1.97052194607,-0.124968083941,-0.299339582437,1.9702294188005538,-0.12122993019092848,-0.30157972179410353
10.0,-51.81944956417539,-8.695139597206287,2.5872370303488723,1.9643883518019365,-0.042903706017277256,-0.3334551326163393,1.9711448893464834,0.3384898763049368,0.003525456326285388,DEPTH_PROPOSAL_CERTIFIED,0.46494557862688957,0,32,0,0,24,FULL_MOTION_CERTIFICATE,0,0,0,26,0,0,0,0,0,,10.066666666,1.97116271032,0.338387071654,0.00342916706116,0.987083233832,-0.0846719870542,-0.136004941438,0.985581355159,0.169193535827,0.00171458353058,1.97079804618,-0.128329893668,-0.297269150735,1.9705284628399453,-0.1248652837536618,-0.2993395824372793
10.016666666666667,-51.78670165665527,-8.69596238806704,2.5817251341763288,1.9648744512072773,-0.049367451645140115,-0.33071377035260946,1.9711267280508988,0.33859461054188195,0.003621004743132027,DEPTH_PROPOSAL_CERTIFIED,0.4608704966364162,0,32,0,0,24,FULL_MOTION_CERTIFICATE,0,0,0,26,0,0,0,0,0,,10.083333333,1.97114488935,0.338489876305,0.00352545632629,0.987083233832,-0.0846719870542,-0.136004941438,0.985572444673,0.169244938152,0.00176272816314,1.97105322963,-0.131437021036,-0.295355569798,1.9708048639524343,-0.12822514830506276,-0.2972691507351073
10.033333333333333,-51.753945938673816,-8.696888667499527,2.5762578821964044,1.9653430788872996,-0.0555767659492951,-0.3280351187954706,1.971108238121858,0.3387012049516088,0.0037158272931531546,DEPTH_PROPOSAL_CERTIFIED,0.45676297068728977,0,32,0,0,24,FULL_MOTION_CERTIFICATE,0,0,0,26,0,0,0,0,0,,10.1,1.97112672805,0.338594610542,0.00362100474313,0.987083233832,-0.0846719870542,-0.136004941438,0.985563364025,0.169297305271,0.00181050237157,1.971289081,-0.134308759962,-0.293586957117,1.9710603365835735,-0.13133040045999061,-0.2953555697983746
10.05,-51.7211827037903,-8.697914219114185,2.5708341253701135,1.9657940930108058,-0.0615330968794402,-0.32542540957742905,1.9710894312672245,0.33880959002803085,0.003809941165769523,DEPTH_PROPOSAL_CERTIFIED,0.45262616662908794,0,32,0,0,24,FULL_MOTION_CERTIFICATE,0,0,0,26,0,0,0,0,0,,10.116666666,1.97110823812,0.338701204952,0.00371582729315,0.987083233832,-0.0846719870542,-0.136004941438,0.985554119061,0.169350602476,0.00185791364658,1.97150706483,-0.136962942746,-0.291952330346,1.9712964653175804,-0.13420033422720645,-0.293586957117324
10.066666666666666,-51.68841224589952,-8.699034871340844,2.5654526325327516,1.9662274734467928,-0.0672391335994983,-0.3228895702417301,1.9710703191432188,0.33891969658264803,0.0039033653397725775,DEPTH_PROPOSAL_CERTIFIED,0.44846307391227314,0,32,0,0,24,FULL_MOTION_CERTIFICATE,0,0,0,26,0,0,0,0,0,,10.116666666,1.97110823812,0.338701204952,0.00371582729315,0.987083233832,-0.0846719870542,-0.136004941438,0.985554119061,0.169350602476,0.00185791364658,1.97150706483,-0.136962942746,-0.291952330346,1.9715147147658356,-0.1368527815842115,-0.29195233034620127
10.083333333333334,-51.65563485749707,-8.700246514842885,2.5601121094320063,1.9666433041469065,-0.07269861012248498,-0.3204313860446994,1.971050913295357,0.3390314560933282,0.003996120215347907,DEPTH_PROPOSAL_CERTIFIED,0.4442764997038926,0,32,0,0,24,FULL_MOTION_CERTIFICATE,0,0,0,26,0,0,0,0,0,,10.15,1.97107031914,0.338919696583,0.00390336533977,0.987083233832,-0.0846719870542,-0.136004941438,0.985535159572,0.169459848291,0.00195168266989,1.97189474179,-0.141683318162,-0.28904520124,1.9717164386882915,-0.13930422370291878,-0.2904415388409263
10.1,-51.62285082820553,-8.701545117034614,2.55481121535248,1.9670417574925372,-0.07791613150381813,-0.31805364477160525,1.9710312251086288,0.3391448009986165,0.004088227291454856,DEPTH_PROPOSAL_CERTIFIED,0.44006906541396584,0,32,0,0,24,FULL_MOTION_CERTIFICATE,0,0,0,26,0,0,0,0,0,,10.166666666,1.9710509133,0.339031456093,0.00399612021535,0.992786787199,-0.111614129298,-0.0437799189558,0.985525456648,0.169515728047,0.00199806010767,1.97217910774,-0.144402123658,-0.286047534599,1.9719028883092324,-0.1415698923560864,-0.2890452012398552
10.116666666666667,-51.59006030173662,-8.702927521029878,2.5495507330282208,1.9674315881345108,-0.08294423971583698,-0.31562893945552395,1.9710112657658445,0.33925966494378684,0.004179708883823911,DEPTH_PROPOSAL_CERTIFIED,0.43839560841961034,0,32,0,0,24,FULL_MOTION_CERTIFICATE,0,0,0,26,0,0,0,0,0,,10.183333333,1.97103122511,0.339144800999,0.00408822729145,0.992786787199,-0.111614129298,-0.0437799189558,0.985515612554,0.169572400499,0.00204411364573,1.9725609155,-0.147554911019,-0.281443647689,1.972187521966588,-0.14428715990246366,-0.2860475345993334
10.133333333333333,-51.55726328784942,-8.704391357114675,2.544333413951142,1.9678208332318305,-0.08783016508785307,-0.3130391446247197,1.9709910439768394,0.3393759964348827,0.004270551125964977,DEPTH_PROPOSAL_CERTIFIED,0.4426523550071988,0,32,0,0,24,FULL_MOTION_CERTIFICATE,0,0,0,26,0,0,0,0,0,,10.2,1.97101126577,0.339259664944,0.00417970888382,0.992786787199,-0.111614129298,-0.0437799189558,0.985505632883,0.169629832472,0.00208985444191,1.97303927109,-0.151120111546,-0.275227814161,1.9725696234191321,-0.14743845462645316,-0.2814436476889064
10.15,-51.524459673626495,-8.705934955862636,2.539163836452932,1.9682168533755706,-0.09261592487768064,-0.31017464989258553,1.970970566232039,0.33949375735831794,0.004360706558237731,DEPTH_PROPOSAL_CERTIFIED,0.44700803651293275,0,32,0,0,24,FULL_MOTION_CERTIFICATE,0,0,0,26,0,0,0,0,0,,10.216666666,1.97099104398,0.339375996435,0.00427055112596,0.992786787199,-0.111614129298,-0.0437799189558,0.985495521988,0.169687998217,0.00213527556298,1.97361297314,-0.155069264838,-0.267392948426,1.9730482991291995,-0.1510021943135737,-0.27522781416055014
10.166666666666666,-51.49164923428455,-8.707557259132878,2.5340482762545538,1.9686263605168575,-0.0973381962145806,-0.30693361190273066,1.9709498370513803,0.33961292152721156,0.004450096503308424,DEPTH_PROPOSAL_CERTIFIED,0.45146078501086606,0,32,0,0,24,FULL_MOTION_CERTIFICATE,0,0,0,26,0,0,0,0,0,,10.233333333,1.97097056623,0.339493757358,0.00436070655824,0.992786787199,-0.111614129298,-0.0437799189558,0.985485283116,0.169746878679,0.00218035327912,1.97428019115,-0.15936006993,-0.257929491734,1.973622347640558,-0.15494990652476381,-0.2673929484264989
10.183333333333334,-51.458831643961716,-8.709257720336923,2.5289945899452766,1.9690554193702352,-0.10202767224273268,-0.3032211785566099,1.970928859239497,0.33973347319158487,0.0045386132328153255,DEPTH_PROPOSAL_CERTIFIED,0.4560069321924718,0,32,0,0,24,FULL_MOTION_CERTIFICATE,0,0,0,27,0,0,0,0,0,,10.25,1.97094983705,0.339612921527,0.00445009650331,0.992786787199,-0.111614129298,-0.0437799189558,0.985474918526,0.169806460764,0.00222504825165,1.9750373086,-0.163912301381,-0.246822455913,1.9742899373814435,-0.15923927978618496,-0.2579294917339393
10.2,-51.42600648794592,-8.711036164378953,2.5240121141443885,1.9695093609477257,-0.10670664252180827,-0.2989485480532898,1.9709076341721188,0.3398554053683288,0.0046261219169952805,DEPTH_PROPOSAL_CERTIFIED,0.46064109993259983,0,32,0,0,24,FULL_MOTION_CERTIFICATE,0,0,0,27,0,0,0,0,0,,10.266666666,1.97092885924,0.339733473192,0.00453861323282,0.992786787199,-0.111614129298,-0.0437799189558,0.98546442962,0.169866736596,0.00226930661641,1.97583551052,-0.168405934324,-0.234757106547,1.9750474481931093,-0.163790079926534,-0.24682245591278137
10.216666666666667,-51.39317333106497,-8.712892355436145,2.5191106881433822,1.9699894128568853,-0.11137146343149001,-0.2940855600603753,1.9708861621993636,0.33997871749572917,0.004712462309993252,DEPTH_PROPOSAL_CERTIFIED,0.46535708223700123,0,32,0,0,24,FULL_MOTION_CERTIFICATE,0,0,0,27,0,0,0,0,0,,10.283333333,1.97090763417,0.339855405368,0.004626121917,0.992786787199,-0.111614129298,-0.0437799189558,0.985453817086,0.169927702684,0.0023130609585,1.97657324265,-0.172559140791,-0.223605798094,1.9758460461486334,-0.16828227852960426,-0.23475710654682128
10.233333333333333,-51.36033184748444,-8.714825645725014,2.514298251740819,1.9704890148319127,-0.11599741733220033,-0.288746184153821,1.9708644438782856,0.3401034080717106,0.004797465408247109,DEPTH_PROPOSAL_CERTIFIED,0.4701497069811701,0,32,0,0,24,FULL_MOTION_CERTIFICATE,0,0,0,27,0,0,0,0,0,,10.3,1.9708861622,0.339978717496,0.00471246230999,0.992786787199,-0.111614129298,-0.0437799189558,0.9854430811,0.169989358748,0.002356231155,1.97725508598,-0.176397710399,-0.213299285753,1.9765841589272475,-0.17243405492086966,-0.22360579809385436
10.25,-51.327481806640044,-8.716835039282053,2.50958107657361,1.9710024506637582,-0.12056361342235912,-0.28303051003252405,1.9708424809456013,0.3402294684372966,0.00488099447472158,DEPTH_PROPOSAL_CERTIFIED,0.4750147333639554,0,32,0,0,24,FULL_MOTION_CERTIFICATE,0,0,0,27,0,0,0,0,0,,10.316666666,1.97086444388,0.340103408072,0.00479746540825,0.992786787199,-0.111614129298,-0.0437799189558,0.985432221939,0.170051704036,0.00239873270412,1.97788527447,-0.17994547906,-0.203773570388,1.9772663678122735,-0.17627120572229332,-0.2132992857527051
10.266666666666667,-51.29462306067395,-8.718919248444342,2.5049639732998914,1.9715247579655228,-0.12505254973730562,-0.27702619642310494,1.9708202761338518,0.34035688386608165,0.004962941129862938,DEPTH_PROPOSAL_CERTIFIED,0.4799487575322853,0,32,0,0,24,FULL_MOTION_CERTIFICATE,0,0,0,27,0,0,0,0,0,,10.333333333,1.97084248095,0.340229468437,0.00488099447472,0.992786787199,-0.111614129298,-0.0437799189558,0.985421240473,0.170114734219,0.00244049723736,1.97846772144,-0.183224477575,-0.19496949957,1.9778969070470493,-0.17981757277964988,-0.2037735703881957
10.283333333333333,-51.26175553322771,-8.721076743770942,2.5004504769666442,1.9720516467741067,-0.12944971959602763,-0.27080977999483585,1.9707978330087754,0.3404856345300013,0.005043221848898371,DEPTH_PROPOSAL_CERTIFIED,0.484949125842135,0,32,0,0,24,FULL_MOTION_CERTIFICATE,0,0,0,27,0,0,0,0,0,,10.35,1.97082027613,0.340356883866,0.00496294112986,0.992786787199,-0.111614129298,-0.0437799189558,0.985410138067,0.170178441933,0.00248147056493,1.97900604365,-0.186255067107,-0.186832403827,1.9784796902388304,-0.1830951918724395,-0.19496949956994822
10.3,-51.22887920945868,-8.723305798073174,2.4960430126740127,1.972579426141918,-0.1337432581339279,-0.2644478575578805,1.9707751558257438,0.3406156963538864,0.005121774826372515,DEPTH_PROPOSAL_CERTIFIED,0.49001385525026997,0,32,0,0,24,FULL_MOTION_CERTIFICATE,0,0,0,27,0,0,0,0,0,,10.366666666,1.97079783301,0.34048563453,0.0050432218489,0.992786787199,-0.111614129298,-0.0437799189558,0.985398916504,0.170242817265,0.00252161092445,1.97950358384,-0.18905606635,-0.179311755195,1.9790183344292154,-0.1861244282963082,-0.18683240382702865
10.316666666666666,-51.19599412715866,-8.725604525160756,2.4917430434601227,1.9731049380014087,-0.13792362525501264,-0.2579981528334102,1.9707522494033272,0.3407470417700638,0.0051985571725093735,DEPTH_PROPOSAL_CERTIFIED,0.4958024672743645,0,32,0,0,24,FULL_MOTION_CERTIFICATE,0,0,0,27,0,0,0,0,0,,10.383333333,1.97077515583,0.340615696354,0.00512177482637,0.992786787199,-0.111614129298,-0.0437799189558,0.985387577913,0.170307848177,0.00256088741319,1.97996343161,-0.191644868845,-0.172360852231,1.9795161826871965,-0.1889241041322497,-0.17931175519486783
10.333333333333334,-51.16310036886502,-8.72797091385237,2.4875512021510326,1.973625497618655,-0.1419833214968942,-0.2515104785453758,1.9707291190122125,0.34087964038324126,0.005273542409127885,DEPTH_PROPOSAL_CERTIFIED,0.5063781694530536,0,32,0,0,24,FULL_MOTION_CERTIFICATE,0,0,0,27,0,0,0,0,0,,10.4,1.9707522494,0.34074704177,0.00519855717251,0.992786787199,-0.111614129298,-0.0437799189558,0.985376124702,0.170373520885,0.00259927858625,1.98038844244,-0.194037549934,-0.165936532836,1.979976324949058,-0.19151161564784636,-0.17236085223136005
10.35,-51.13019805486506,-8.730402857744538,2.4834674087531923,1.9741388399973416,-0.1459166335300516,-0.2450276038704405,1.9707057702778679,0.34101345955493073,0.005346718235833573,DEPTH_PROPOSAL_CERTIFIED,0.5169464682175527,0,32,0,0,24,FULL_MOTION_CERTIFICATE,0,0,0,27,0,0,0,0,0,,10.416666666,1.97072911901,0.340879640383,0.00527354240913,0.992786787199,-0.111614129298,-0.0437799189558,0.985364559506,0.170439820192,0.00263677120456,1.98078125545,-0.196248967169,-0.15999890467,1.980401617017321,-0.19390304033457495,-0.16593653283622542
10.366666666666667,-51.09728733700349,-8.732898181187025,2.4794909748240386,1.974643071694088,-0.1497194065491454,-0.23858603574922121,1.9706822090955063,0.3411484649157493,0.005418084540006785,DEPTH_PROPOSAL_CERTIFIED,0.5275111769436718,0,32,0,0,24,FULL_MOTION_CERTIFICATE,0,0,0,27,0,0,0,0,0,,10.433333333,1.97070577028,0.341013459555,0.00534671823583,0.992786787199,-0.111614129298,-0.0437799189558,0.985352885139,0.170506729777,0.00267335911792,1.98114430992,-0.198292852924,-0.154511096473,1.9807946983943938,-0.19611323738208708,-0.1599989046703501
10.383333333333333,-51.064368393211325,-8.735454661869174,2.4756206961212444,1.975136627530367,-0.15338884092890606,-0.23221672216767528,1.9706584415560302,0.34128462081316424,0.005487651626476169,DEPTH_PROPOSAL_CERTIFIED,0.5380764412802941,0,32,0,0,24,FULL_MOTION_CERTIFICATE,0,0,0,27,0,0,0,0,0,,10.45,1.9706822091,0.341148464916,0.00541808454001,0.992786787199,-0.111614129298,-0.0437799189558,0.985341104548,0.170574232458,0.00270904227,1.98147986027,-0.200181898846,-0.149439031329,1.9811580087329723,-0.19815594036198908,-0.15451109647281008
10.4,-51.031441422682654,-8.738070050380616,2.4718549347048624,1.9756182317200142,-0.1569233106865288,-0.2259456849829157,1.9706344738817654,0.34142189070151924,0.005555438645026783,DEPTH_PROPOSAL_CERTIFIED,0.5486466692294989,0,32,0,0,24,FULL_MOTION_CERTIFICATE,0,0,0,27,0,0,0,0,0,,10.466666666,1.97065844156,0.341284620813,0.00548765162648,0.992786787199,-0.111614129298,-0.0437799189558,0.985329220778,0.170642310407,0.00274382581324,1.98178999012,-0.201927835121,-0.144751213833,1.9814938028337101,-0.20004384172952377,-0.1494390313288531
10.416666666666666,-50.99850664163252,-8.740742087075716,2.4681916915601345,1.9760868630081523,-0.1603222017060351,-0.21979458868369825,1.9706103123709224,0.3415602374804841,0.005621472196007078,DEPTH_PROPOSAL_CERTIFIED,0.5592264697933027,0,32,0,0,24,FULL_MOTION_CERTIFICATE,0,0,0,27,0,0,0,0,0,,10.483333333,1.97063447388,0.341421890702,0.00555543864503,0.992786787199,-0.111614129298,-0.0437799189558,0.985317236941,0.170710945351,0.00277771932251,1.98207662529,-0.203541503598,-0.140418533753,1.981804164723438,-0.2017886721440144,-0.14475121383324083
10.433333333333334,-50.96556427957527,-8.743468516538409,2.4646286707069858,1.9765417234349405,-0.1635857677615585,-0.213781251188912,1.9705859633498157,0.3416996237875014,0.005685785096079945,DEPTH_PROPOSAL_CERTIFIED,0.5698205993753904,0,32,0,0,24,FULL_MOTION_CERTIFICATE,0,0,0,28,0,0,0,0,0,,10.5,1.97061031237,0.34156023748,0.00562147219601,0.992786787199,-0.111614129298,-0.0437799189558,0.985305156185,0.17078011874,0.002810736098,1.98234154569,-0.205032924461,-0.136414087018,1.9820910206417566,-0.203401273638942,-0.14041853375252378
10.45,-50.93261457606923,-8.746247099913438,2.4611633356671847,1.976982210362675,-0.16671500250178,-0.20792010238807201,1.9705614331319667,0.3418400122492521,0.0057484152878674154,DEPTH_PROPOSAL_CERTIFIED,0.5804339151856921,0,32,0,0,24,FULL_MOTION_CERTIFICATE,0,0,0,28,0,0,0,0,0,,10.516666666,1.97058596335,0.341699623788,0.00568578509608,0.987089847285,-0.137930431689,0.0814176234064,0.985292981675,0.170849811894,0.00284289254804,1.98252933069,-0.206862698602,-0.13077950419,1.982356150881038,-0.20489166633248468,-0.13641408701781965
10.466666666666667,-50.899657849889856,-8.749076195223354,2.4577954003725835,1.9774035707621953,-0.1697457185950374,-0.2020761176760759,1.9705367279833208,0.3419813656966445,0.005809404878832295,DEPTH_PROPOSAL_CERTIFIED,0.5910690134589416,0,32,0,0,24,FULL_MOTION_CERTIFICATE,0,0,0,28,0,0,0,0,0,,10.533333333,1.97056143313,0.341840012249,0.00574841528787,0.987089847285,-0.137930431689,0.0814176234064,0.985280716566,0.170920006125,0.00287420764393,1.98263656151,-0.209026083086,-0.123513972455,1.9825441676363427,-0.2067204549327757,-0.13077950418972703
10.483333333333333,-50.86669449734379,-8.751954706150132,2.4545266597057873,1.9778011527644541,-0.17271065560668536,-0.1961244400077906,1.9705118526028715,0.342123656647626,0.005868757420165726,DEPTH_PROPOSAL_CERTIFIED,0.601726345450613,0,32,0,0,24,FULL_MOTION_CERTIFICATE,0,0,0,28,0,0,0,0,0,,10.55,1.97053672798,0.341981365697,0.00580940487883,0.987089847285,-0.137930431689,0.0814176234064,0.985268363992,0.170990682848,0.00290470243942,1.98265919825,-0.21151746576,-0.114616558668,1.9826516531920126,-0.20888288714879272,-0.1235139724547058
10.5,-50.83372499149492,-8.75488203360058,2.4513608330305807,1.9781703509321362,-0.17563964702694956,-0.18994960051237691,1.9704868102619897,0.34226686647035537,0.005926440760969574,DEPTH_PROPOSAL_CERTIFIED,0.6124043206139624,0,32,0,0,24,FULL_MOTION_CERTIFICATE,0,0,0,28,0,0,0,0,0,,10.566666666,1.9705118526,0.342123656648,0.00586875742017,0.987089847285,-0.137930431689,0.0814176234064,0.985255926301,0.171061828324,0.00293437871008,1.98259224487,-0.214329895304,-0.104086148247,1.9826745685778584,-0.2113733423541711,-0.1146165586683337
10.516666666666667,-50.8007498826567,-8.757858029251281,2.4483034198052045,1.9785065302930112,-0.1785597390420039,-0.1834447935225667,1.9704616029363797,0.34241098458877994,0.005982389684248651,DEPTH_PROPOSAL_CERTIFIED,0.6230993975091352,0,32,0,0,24,FULL_MOTION_CERTIFICATE,0,0,0,28,0,0,0,0,0,,10.583333333,1.97048681026,0.34226686647,0.00592644076097,0.987089847285,-0.137930431689,0.0814176234064,0.985243405131,0.171133433235,0.00296322038048,1.98242909812,-0.217454166501,-0.0919213321871,1.9826079184956837,-0.21418486162566497,-0.10408614824688647
10.533333333333333,-50.76776980087664,-8.76088294976814,2.445361566505757,1.9788049068036375,-0.18149523101150838,-0.1765111979668496,1.9704362314331714,0.3425560077162632,0.006036508339843689,DEPTH_PROPOSAL_CERTIFIED,0.6385027371808583,0,32,0,0,24,FULL_MOTION_CERTIFICATE,0,0,0,28,0,0,0,0,0,,10.6,1.97046160294,0.342410984589,0.00598238968425,0.987089847285,-0.137930431689,0.0814176234064,0.985230801468,0.171205492294,0.00299119484212,1.98216003932,-0.22087669223,-0.0781201772646,1.9824451002332786,-0.2173082330394654,-0.09192133218709592
10.55,-50.73478546216672,-8.76395740896273,2.4425439442930545,1.9790603225951002,-0.18446755167540219,-0.16905733276213675,1.9704106955172895,0.3427019390934564,0.006088672487153404,DEPTH_PROPOSAL_CERTIFIED,0.6538645823919791,0,32,0,0,24,FULL_MOTION_CERTIFICATE,0,0,0,28,0,0,0,0,0,,10.616666666,1.97043623143,0.342556007716,0.00603650833984,0.987089847285,-0.137930431689,0.0814176234064,0.985218115717,0.171278003858,0.00301825416992,1.98176745892,-0.224572737545,-0.0626796005083,1.9821763952509457,-0.22072986377490478,-0.07812017726464478
10.566666666666666,-50.70179768422622,-8.767082319499409,2.439860637398855,1.9792666764300226,-0.1874946322007558,-0.1609984136519962,1.9703849940459457,0.3428487876796844,0.006138731556944123,DEPTH_PROPOSAL_CERTIFIED,0.6690684043607424,0,32,0,0,24,FULL_MOTION_CERTIFICATE,0,0,0,28,0,0,0,0,0,,10.633333333,1.97041069552,0.342701939093,0.00608867248715,0.987089847285,-0.137930431689,0.0814176234064,0.985205347759,0.171350969547,0.00304433624358,1.98119262827,-0.228458201701,-0.0455951420362,1.981784193216077,-0.2244250146100722,-0.06267960050827528
10.583333333333334,-50.66880745289716,-8.770258764066977,2.43732304170619,1.979413879743645,-0.19058667405405777,-0.15225574155988958,1.9703591251385526,0.3429965671412373,0.0061865105320867385,DEPTH_PROPOSAL_CERTIFIED,0.6841079503119902,0,32,0,0,24,FULL_MOTION_CERTIFICATE,0,0,0,28,0,0,0,0,0,,10.65,1.97038499405,0.34284878768,0.00613873155694,0.987089847285,-0.137930431689,0.0814176234064,0.985192497023,0.17142439384,0.00306936577847,1.9806613454,-0.232049312506,-0.029804960747,1.9812097601698375,-0.22830958466433976,-0.04559514203619476
10.6,-50.635815624373045,-8.773487371650388,2.434940055585259,1.9795097114472444,-0.19371645500467083,-0.14297916725588147,1.9703330865776219,0.343145293514289,0.006231811654264926,DEPTH_PROPOSAL_CERTIFIED,0.6989796931194907,0,32,0,0,24,FULL_MOTION_CERTIFICATE,0,0,0,28,0,0,0,0,0,,10.65,1.97038499405,0.34284878768,0.00613873155694,0.987089847285,-0.137930431689,0.0814176234064,0.985192497023,0.17142439384,0.00306936577847,1.9806613454,-0.232049312506,-0.029804960747,1.9806788582311574,-0.2318997826021525,-0.029804960746975577
10.616666666666667,-50.60282293918553,-8.7767683800673,2.4327183928999885,1.979561111250862,-0.19686050501477473,-0.1332997611162356,1.9703068772675192,0.34329497563248074,0.006274479883774942,DEPTH_PROPOSAL_CERTIFIED,0.7136824288002066,0,32,0,0,24,FULL_MOTION_CERTIFICATE,0,0,0,28,0,0,0,0,0,,10.683333333,1.97033308658,0.343145293514,0.00623181165426,0.987089847285,-0.137930431689,0.0814176234064,0.985166543289,0.171572646757,0.00311590582713,1.97971647666,-0.23843598251,-0.00172265344087,1.9801881888549977,-0.2352179151380403,-0.015211006212562092
10.633333333333333,-50.56983003481612,-8.780101691633467,2.4306628629264293,1.9795742621645838,-0.19999869396994596,-0.12333179841355671,1.9702804970737062,0.34344561612318886,0.006314397576288734,DEPTH_PROPOSAL_CERTIFIED,0.7282169219548553,0,32,0,0,24,FULL_MOTION_CERTIFICATE,0,0,0,28,0,0,0,0,0,,10.7,1.97030687727,0.343294975632,0.00627447988377,0.987089847285,-0.137930431689,0.0814176234064,0.985153438634,0.171647487816,0.00313723994189,1.97929702347,-0.241271200814,0.0107438544034,1.9797347033119905,-0.23828459922303752,-0.0017226534408667955
10.65,-50.53683745706062,-8.783486922637673,2.4287766203932954,1.9795546653299598,-0.20311386025237538,-0.11317455198802577,1.9702539466801856,0.34359721229445456,0.006351479719867169,DEPTH_PROPOSAL_CERTIFIED,0.7425855940076176,0,32,0,0,24,FULL_MOTION_CERTIFICATE,0,0,0,28,0,0,0,0,0,,10.716666666,1.97028049707,0.343445616123,0.00631439757629,0.987089847285,-0.137930431689,0.0814176234064,0.985140248537,0.171722808062,0.00315719878814,1.97890934705,-0.243891629692,0.0222659291251,1.9793155839475476,-0.2411188888980123,0.01074385440344499
10.666666666666666,-50.50384567026313,-8.786923447245561,2.427061388568638,1.9795072078494502,-0.20619147647327102,-0.10291390947945654,1.9702272274633383,0.343749756923389,0.0063856696780743944,DEPTH_PROPOSAL_CERTIFIED,0.7567922495912418,0,32,0,0,24,FULL_MOTION_CERTIFICATE,0,0,0,28,0,0,0,0,0,,10.733333333,1.97025394668,0.343597212294,0.00635147971987,0.987089847285,-0.137930431689,0.0814176234064,0.98512697334,0.171798606147,0.00317573985993,1.97855104004,-0.246313541383,0.032915120072,1.9789282265872323,-0.24373839436820027,0.02226592912509575
10.683333333333334,-50.47085506652567,-8.79041043639306,2.425517658043919,1.9794362242475418,-0.20921934884989146,-0.0926238314831333,1.9702003413805025,0.34390323895589275,0.00641693538985529,DEPTH_PROPOSAL_CERTIFIED,0.7708418368891892,0,32,0,0,24,FULL_MOTION_CERTIFICATE,0,0,0,29,0,0,0,0,0,,10.75,1.97022722746,0.343749756923,0.00638566967807,0.987089847285,-0.137930431689,0.0814176234064,0.985113613732,0.171874878462,0.00319283483904,1.97821987749,-0.248551974912,0.0427575541129,1.978570224304259,-0.24615939184465874,0.03291512007200343
10.7,-50.437865973989766,-8.793946892175455,2.4241448636121246,1.9793455521544208,-0.212187346943749,-0.08236766590767994,1.9701732908717662,0.3440576441265958,0.006445265981425596,DEPTH_PROPOSAL_CERTIFIED,0.7847402381775856,0,32,0,0,24,FULL_MOTION_CERTIFICATE,0,0,0,29,0,0,0,0,0,,10.75,1.97022722746,0.343749756923,0.00638566967807,0.987089847285,-0.137930431689,0.0814176234064,0.985113613732,0.171874878462,0.00319283483904,1.97821987749,-0.248551974912,0.0427575541129,1.9782393526183422,-0.24839692368881328,0.04275755411285872
10.716666666666667,-50.40487866427779,-8.797531678192033,2.4229415414209337,1.9792385827185262,-0.21508716099469508,-0.07219933147145334,1.9701460787736096,0.34421295550705505,0.0064706687497108365,DEPTH_PROPOSAL_CERTIFIED,0.7984940871883679,0,32,0,0,24,FULL_MOTION_CERTIFICATE,0,0,0,29,0,0,0,0,0,,10.783333333,1.97017329087,0.344057644127,0.00644526598143,0.987089847285,-0.137930431689,0.0814176234064,0.985086645436,0.172028822063,0.00322263299071,1.97763091603,-0.252532953794,0.0602619926188,1.9779335556006121,-0.2504648924162355,0.0518543486505045
10.733333333333333,-50.371893359173974,-8.801163546262169,2.4219054683763215,1.9791183062288502,-0.21791208420808178,-0.06216438267673486,1.9701187082431355,0.3443691539895186,0.006493166480494576,DEPTH_PROPOSAL_CERTIFIED,0.8177977332774748,0,32,0,0,24,FULL_MOTION_CERTIFICATE,0,0,0,29,0,0,0,0,0,,10.8,1.97014607877,0.344212955507,0.00647066874971,0.987089847285,-0.137930431689,0.0814176234064,0.985073039387,0.172106477754,0.00323533437486,1.97736945985,-0.254300219707,0.0680326938496,1.9776509330548027,-0.2523761474114017,0.06026199261883815
10.75,-50.33891023661738,-8.80484115988758,2.4210337855798483,1.9789873533955447,-0.2206568175246806,-0.05230096778837876,1.9700911826917609,0.3445262187128626,0.006512795067897961,DEPTH_PROPOSAL_CERTIFIED,0.838517218571404,0,32,0,0,24,FULL_MOTION_CERTIFICATE,0,0,0,29,0,0,0,0,0,,10.8,1.97014607877,0.344212955507,0.00647066874971,0.987089847285,-0.137930431689,0.0814176234064,0.985073039387,0.172106477754,0.00323533437486,1.97736945985,-0.254300219707,0.0680326938496,1.977389728829217,-0.2541425639871846,0.06803269384955918
10.766666666666667,-50.305929436072844,-8.808563114800961,2.4203231074209244,1.9788480326719886,-0.22331729480285842,-0.042640689535439744,1.9700635057273461,0.3446841274366581,0.00652960140504897,DEPTH_PROPOSAL_CERTIFIED,0.8591097004307868,0,32,0,0,24,FULL_MOTION_CERTIFICATE,0,0,0,29,0,0,0,0,0,,10.833333333,1.97009118269,0.344526218713,0.0065127950679,0.987089847285,-0.137930431689,0.0814176234064,0.985045591346,0.172263109356,0.00325639753395,1.97690446882,-0.257443242802,0.0818526251061,1.9771483198446038,-0.2557751175966258,0.0752147051504099
10.783333333333333,-50.272951063339804,-8.81232795690814,2.419769617790588,1.9787023639826125,-0.22589052643070165,-0.033209377820173365,1.970035681103837,0.3448428568687755,0.006543641518524406,DEPTH_PROPOSAL_CERTIFIED,0.8795829897430685,0,32,0,0,24,FULL_MOTION_CERTIFICATE,0,0,0,29,0,0,0,0,0,,10.85,1.97006350573,0.344684127437,0.00652960140505,0.987089847285,-0.137930431689,0.0814176234064,0.985031752864,0.172342063718,0.00326480070252,1.97669804653,-0.258838517116,0.0879876723278,1.9769252059722242,-0.2572839522903911,0.08185262510608352
10.8,-50.239975194853194,-8.816134197900041,2.4193691547387215,1.9785521091964327,-0.22837445951403573,-0.024027783111994244,1.9700077126775881,0.3450023829514122,0.006554978921754609,DEPTH_PROPOSAL_CERTIFIED,0.8999450149148001,0,32,0,0,24,FULL_MOTION_CERTIFICATE,0,0,0,29,0,0,0,0,0,,10.866666666,1.9700356811,0.344842856869,0.00654364151852,0.988947696806,-0.146057137718,0.0254904983104,0.985017840552,0.172421428434,0.00327182075926,1.97654656246,-0.260441913324,0.0924700109895,1.9767190008050395,-0.25867844313071003,0.08798767232778501
10.816666666666666,-50.20700183187227,-8.819980725024061,2.4191157848612255,1.9784017788557606,-0.23079162744120824,-0.015202192649759807,1.969979604369626,0.34516268110993903,0.006563683165019379,DEPTH_PROPOSAL_CERTIFIED,0.920204754196893,0,32,0,0,24,FULL_MOTION_CERTIFICATE,0,0,0,29,0,0,0,0,0,,10.883333333,1.97000771268,0.345002382951,0.00655497892175,0.988947696806,-0.146057137718,0.0254904983104,0.985003856339,0.172501191476,0.00327748946088,1.97645019196,-0.262218259068,0.0952955973779,1.9765677486995614,-0.26028107615271456,0.09247001098950695
10.833333333333334,-50.17403090595662,-8.823866728214965,2.4190019323953806,1.9782555549386671,-0.23316019145418396,-0.006831147950697182,1.9699513588615576,0.34532373323048826,0.006569854432271334,DEPTH_PROPOSAL_CERTIFIED,0.9403720686344761,0,32,0,0,24,FULL_MOTION_CERTIFICATE,0,0,0,29,0,0,0,0,0,,10.9,1.96997960437,0.34516268111,0.00656368316502,0.988947696806,-0.146057137718,0.0254904983104,0.984989802185,0.172581340555,0.00328184158251,1.97640911046,-0.264125808045,0.0964606095171,1.9764716231501274,-0.2620566724124862,0.09529559737786136
10.85,-50.14106228402822,-8.827791624447286,2.4190184988152272,1.9781173157037681,-0.23549377393932608,0.0009939851908033395,1.9699229778158605,0.34548552643397323,0.0065736213561206885,DEPTH_PROPOSAL_CERTIFIED,0.960457548315268,0,32,0,0,24,FULL_MOTION_CERTIFICATE,0,0,0,29,0,0,0,0,0,,10.916666666,1.96995135886,0.34532373323,0.00656985443227,0.988947696806,-0.146057137718,0.0254904983104,0.984975679431,0.172661866615,0.00328492721614,1.97642349379,-0.266110155647,0.0959616495492,1.9764307970380006,-0.2639634802580619,0.09646060951711556
10.866666666666667,-50.108095773051055,-8.83175497183753,2.419154973902193,1.977990658630042,-0.23780084341460586,0.008188505217952178,1.9698944621050272,0.34564805180293795,0.006575138993194389,DEPTH_PROPOSAL_CERTIFIED,0.980472371533397,0,32,0,0,24,FULL_MOTION_CERTIFICATE,0,0,0,29,0,0,0,0,0,,10.933333333,1.96992297782,0.345485526434,0.00657362135612,0.988947696806,-0.146057137718,0.0254904983104,0.984961488908,0.172742763217,0.00328681067806,1.97649349768,-0.268086292015,0.0937969714099,1.9764454423305826,-0.26594709101301767,0.09596164954916328
10.883333333333333,-50.07513112438512,-8.835756351612607,2.419399540486876,1.9778789199560063,-0.2400827865046852,0.014673995080980289,1.969865812071542,0.3458113029359319,0.006574586943416001,DEPTH_PROPOSAL_CERTIFIED,1.0004281773988968,0,32,0,0,24,FULL_MOTION_CERTIFICATE,0,0,0,29,0,0,0,0,0,,10.95,1.96989446211,0.345648051803,0.00657513899319,0.988947696806,-0.146057137718,0.0254904983104,0.984947231053,0.172824025901,0.0032875694966,1.97659970192,-0.269906593826,0.0905533368913,1.9765157081327722,-0.26792249220365477,0.09379697140992811
10.9,-50.042168062534806,-8.839795179967245,2.4197399143213194,1.9777837110189014,-0.24232970127825745,0.020422430066613904,1.9698370278832738,0.3459752739623838,0.006572167575778285,DEPTH_PROPOSAL_CERTIFIED,1.0203364712128302,0,32,0,0,24,FULL_MOTION_CERTIFICATE,0,0,0,29,0,0,0,0,0,,10.95,1.96989446211,0.345648051803,0.00657513899319,0.988947696806,-0.146057137718,0.0254904983104,0.984947231053,0.172824025901,0.0032875694966,1.97659970192,-0.269906593826,0.0905533368913,1.9766221619862212,-0.26974206151583746,0.09055333689134025
10.916666666666666,-50.00920634304853,-8.843870743216874,2.4201650520476554,1.9777031691766873,-0.2445337949777599,0.02550826358015143,1.969808110150695,0.34613995631521566,0.006568091552992297,DEPTH_PROPOSAL_CERTIFIED,1.0402074938497972,0,32,0,0,24,FULL_MOTION_CERTIFICATE,0,0,0,29,0,0,0,0,0,,10.983333333,1.96983702788,0.345975273962,0.00657216757578,0.988947696806,-0.146057137718,0.0254904983104,0.984918513942,0.172987636981,0.00328608378789,1.97678858259,-0.273143939484,0.0847846417971,1.9767205587016765,-0.27142373811169135,0.08755543244531305
10.933333333333334,-49.9762457493968,-8.847982220830847,2.4206650336858813,1.977635619103482,-0.24668865683842986,0.029998898293559707,1.9697790599522436,0.3463053391633871,0.0065625483302050695,DEPTH_PROPOSAL_CERTIFIED,1.061505360263867,0,32,0,0,24,FULL_MOTION_CERTIFICATE,0,0,0,30,0,0,0,0,0,,11,1.96980811015,0.346139956315,0.00656809155299,0.988947696806,-0.146057137718,0.0254904983104,0.984904055075,0.173069978158,0.0032840457765,1.97687243191,-0.274581086176,0.0822237595356,1.9768115082103783,-0.2729779715386021,0.08478464179713774
10.95,-49.94328609014515,-8.852128705720515,2.4212309558054734,1.9775795550992874,-0.24878909338008232,0.03395532717553209,1.9697498787611198,0.34647140980335045,0.006555708156504557,DEPTH_PROPOSAL_CERTIFIED,1.0830545032996886,0,32,0,0,24,FULL_MOTION_CERTIFICATE,0,0,0,30,0,0,0,0,0,,11.016666666,1.96977905995,0.346305339163,0.00656254833021,0.988947696806,-0.146057137718,0.0254904983104,0.984889529976,0.173152669582,0.0032812741651,1.97694992901,-0.275909358037,0.0798568836519,1.9768955742481114,-0.27441441918824383,0.08222375953559811
10.966666666666667,-49.91032716705134,-8.856309011617475,2.421854834435768,1.9775353856283895,-0.2508183538175705,0.03743271781768028,1.9697205683802763,0.34663815400425185,0.006547723895074002,DEPTH_PROPOSAL_CERTIFIED,1.1042489860007227,0,32,0,0,25,FULL_MOTION_CERTIFICATE,0,0,0,30,0,0,0,0,0,,11.033333333,1.96974987876,0.346471409803,0.0065557081565,0.988947696806,-0.146057137718,0.0254904983104,0.984874939381,0.173235704902,0.00327785407825,1.97702155512,-0.277137003319,0.0776693164088,1.976996518083434,-0.2755753311549251,0.079856883651886
10.983333333333333,-49.87736880395412,-8.86052191421903,2.422529516852163,1.9775017858334307,-0.25277415609333015,0.040480944983675285,1.9696911314910104,0.34680555286872133,0.006538732681680062,DEPTH_PROPOSAL_CERTIFIED,1.1250936409066488,0,32,0,0,26,FULL_MOTION_CERTIFICATE,0,0,0,30,0,0,0,0,0,,11.05,1.96972056838,0.346638154004,0.00654772389507,0.988947696806,-0.146057137718,0.0254904983104,0.98486028419,0.173319077002,0.00327386194754,1.977087755,-0.278271645168,0.0756474739602,1.9770918683349348,-0.276634943857599,0.0776693164088166
11.0,-49.8444109336591,-8.864766797663378,2.4232486014516086,1.9774722177012949,-0.25469300666088984,0.04314507596674572,1.9696615709540626,0.3469735867865177,0.006528857424741815,DEPTH_PROPOSAL_CERTIFIED,1.1455926888620072,0,32,0,0,26,FULL_MOTION_CERTIFICATE,0,0,0,30,0,0,0,0,0,,11.05,1.96972056838,0.346638154004,0.00654772389507,0.988947696806,-0.146057137718,0.0254904983104,0.98486028419,0.173319077002,0.00327386194754,1.977087755,-0.278271645168,0.0756474739602,1.9771114864892372,-0.2781029835851166,0.07564747396020331
11.016666666666667,-49.81145344135409,-8.869042562453634,2.4240063649974464,1.9774495383005644,-0.2565458874153227,0.045465812750268474,1.9696318879394814,0.34714224602362664,0.006518208160777709,DEPTH_PROPOSAL_CERTIFIED,1.165750142915804,0,32,0,0,28,FULL_MOTION_CERTIFICATE,0,0,0,30,0,0,0,0,0,,11.083333333,1.96966157095,0.346973586787,0.00652885742474,0.988947696806,-0.146057137718,0.0254904983104,0.984830785477,0.173486793393,0.00326442871237,1.97720548928,-0.280289567605,0.0720516950438,1.9771728496116523,-0.27915103261940216,0.07377880150924447
11.033333333333333,-49.77849622678827,-8.873348092100697,2.424797696576483,1.9774328739492453,-0.25833177882373903,0.047479894742200004,1.9696020850668265,0.3473115128669538,0.006506883315170795,DEPTH_PROPOSAL_CERTIFIED,1.185569722291917,0,32,0,0,28,FULL_MOTION_CERTIFICATE,0,0,0,30,0,0,0,0,0,,11.1,1.96963188794,0.347142246024,0.00651820816078,0.988947696806,-0.146057137718,0.0254904983104,0.98481594397,0.173571123012,0.00325910408039,1.97725775476,-0.281185378823,0.0704554299798,1.977229568863153,-0.2801196540064197,0.07205169504376621
11.05,-49.74553920272521,-8.87768226201013,2.4256180376697087,1.977421443783524,-0.26005019456589584,0.049220465593533776,1.9695721650572495,0.3474813692642051,0.006494970821334638,DEPTH_PROPOSAL_CERTIFIED,1.20505489018879,0,32,0,0,28,FULL_MOTION_CERTIFICATE,0,0,0,30,0,0,0,0,0,,11.116666666,1.96960208507,0.347311512867,0.00650688331517,0.988947696806,-0.146057137718,0.0254904983104,0.984801042533,0.173655756433,0.00325344165759,1.97730606073,-0.282013325503,0.0689800941783,1.977281995761725,-0.2810148666202076,0.07045542997980465
11.066666666666666,-49.71258229354671,-8.882043947119913,2.426463327788925,1.9774145507103162,-0.26170110658704,0.05071740715298523,1.9695421307033543,0.3476517969766409,0.0064825491439337085,DEPTH_PROPOSAL_CERTIFIED,1.2242088875177235,0,32,0,0,28,FULL_MOTION_CERTIFICATE,0,0,0,30,0,0,0,0,0,,11.133333333,1.96957216506,0.347481369264,0.00649497082133,0.988947696806,-0.146057137718,0.0254904983104,0.984786082529,0.173740684632,0.00324748541067,1.97735070716,-0.282778548998,0.0676165261542,1.9773304552171826,-0.2818422332449998,0.06898009417829407
11.083333333333334,-49.6796254339934,-8.886432028427533,2.4273299551796077,1.9774115731984394,-0.2632848784571787,0.051997643440959855,1.969511984842977,0.3478227777106829,0.006469688207404515,DEPTH_PROPOSAL_CERTIFIED,1.243034762993445,0,32,0,0,28,FULL_MOTION_CERTIFICATE,0,0,0,30,0,0,0,0,0,,11.15,1.9695421307,0.347651796977,0.00648254914393,0.988947696806,-0.146057137718,0.0254904983104,0.984771065352,0.173825898488,0.00324127457197,1.97739197129,-0.283485801015,0.0663562587402,1.9773752475535422,-0.2826068952728696,0.06761652615424948
11.1,-49.64666856802955,-8.890845398530457,2.428214712135062,1.9774119578313507,-0.26480220617543765,0.05308541732726231,1.9694817303364824,0.3479942932307031,0.006456450238249673,DEPTH_PROPOSAL_CERTIFIED,1.2615353999493268,0,32,0,0,28,FULL_MOTION_CERTIFICATE,0,0,0,30,0,0,0,0,0,,11.15,1.9695421307,0.347651796977,0.00648254914393,0.988947696806,-0.146057137718,0.0254904983104,0.984771065352,0.173825898488,0.00324127457197,1.97739197129,-0.283485801015,0.0663562587402,1.9774166503528683,-0.28331360433819847,0.06635625874015308
11.116666666666667,-49.61371164782029,-8.895282966292266,2.4291147545057625,1.9774152125552038,-0.2662540657085471,0.05400254224201157,1.9694513700471867,0.34816632545507853,0.006442890528820758,DEPTH_PROPOSAL_CERTIFIED,1.2797135402126876,0,32,0,0,28,FULL_MOTION_CERTIFICATE,0,0,0,30,0,0,0,0,0,,11.183333333,1.96948173034,0.347994293231,0.00645645023825,0.988947696806,-0.146057137718,0.0254904983104,0.984740865168,0.173997146615,0.00322822511912,1.97746535815,-0.284743624983,0.0641149154546,1.977454920186211,-0.28396675201248145,0.06519146620195194
11.133333333333333,-49.580754632810965,-8.899743660735247,2.4300275650244583,1.9774209005593864,-0.26764166657885574,0.05476863112175177,1.9694209068245874,0.34833885653740354,0.006429058129649918,DEPTH_PROPOSAL_CERTIFIED,1.2843246464078364,0,32,0,0,28,FULL_MOTION_CERTIFICATE,0,0,0,30,0,0,0,0,0,,11.2,1.96945137005,0.348166325455,0.00644289052882,0.988947696806,-0.146057137718,0.0254904983104,0.984725685024,0.174083162728,0.00322144526441,1.9774979366,-0.285302007604,0.0631199215836,1.9774902942104136,-0.2845703971966224,0.06411491545458273
11.15,-49.54779748889878,-8.904226434249587,2.430950920101818,1.977428634730947,-0.2689664108603788,0.05540130464159222,1.9693903434900732,0.3485118689345527,0.006414996476769827,DEPTH_PROPOSAL_CERTIFIED,1.279245509738753,0,32,0,0,28,FULL_MOTION_CERTIFICATE,0,0,0,30,0,0,0,0,0,,11.216666666,1.96942090682,0.348338856537,0.00642905812965,0.984521848061,-0.164270647547,0.0610891565247,0.984710453412,0.174169428269,0.00321452906482,1.97734793655,-0.286597517385,0.0636085334921,1.9775229916239894,-0.2851282910949597,0.06311992158364534
11.166666666666666,-49.5148404150137,-8.908731249347973,2.431884637841868,1.9774244331050166,-0.27028890590315086,0.056023064402991395,1.969359682824858,0.3486853454631185,0.006400743959883018,DEPTH_PROPOSAL_CERTIFIED,1.2739286200340814,0,32,0,0,28,FULL_MOTION_CERTIFICATE,0,0,0,30,0,0,0,0,0,,11.233333333,1.96939034349,0.348511868935,0.00641499647677,0.984521848061,-0.164270647547,0.0610891565247,0.984695171745,0.174255934467,0.00320749823838,1.97701646632,-0.288605883268,0.0655926997957,1.9773731732686637,-0.28642334542497044,0.06360853349206176
11.183333333333334,-49.48188382406414,-8.913258971475287,2.4328304384548884,1.9773954569735863,-0.271663327638838,0.05674803678122864,1.9693289248444208,0.3488592852395552,0.00638630356812541,DEPTH_PROPOSAL_CERTIFIED,1.2683693307538848,0,32,0,0,28,FULL_MOTION_CERTIFICATE,0,0,0,31,0,0,0,0,0,,11.25,1.96935968282,0.348685345463,0.00640074395988,0.984521848061,-0.164270647547,0.0610891565247,0.984679841412,0.174342672732,0.00320037197994,1.97650560301,-0.291283725338,0.0690925830118,1.9770419481701365,-0.2884312728142199,0.06559269979572259
11.2,-49.448928324105395,-8.91781124581352,2.4337918256161797,1.9773299975250131,-0.27313646029398636,0.057683229677481226,1.969298067088785,0.3490337019500838,0.006371645266002328,DEPTH_PROPOSAL_CERTIFIED,1.2625620818485526,0,32,0,0,28,FULL_MOTION_CERTIFICATE,0,0,0,31,0,0,0,0,0,,11.266666666,1.96932892484,0.34885928524,0.00638630356813,0.984521848061,-0.164270647547,0.0610891565247,0.984664462422,0.17442964262,0.00319315178406,1.97594030705,-0.294106268388,0.0731142290659,1.9765313922524206,-0.2911086786867977,0.06909258301176353
11.216666666666667,-49.41597454583321,-8.92238977558609,2.4347726963625576,1.9772266963312055,-0.2747117863542004,0.05885224478266234,1.9692671049631685,0.3492086218483992,0.006356708009814155,DEPTH_PROPOSAL_CERTIFIED,1.2565013641059557,0,32,0,0,28,FULL_MOTION_CERTIFICATE,0,0,0,31,0,0,0,0,0,,11.283333333,1.96929806709,0.34903370195,0.006371645266,0.984521848061,-0.164270647547,0.0610891565247,0.984649033544,0.174516850975,0.003185822633,1.97541783652,-0.296714982585,0.0768312051996,1.9759664217667539,-0.29393076428881054,0.0731142290658712
11.233333333333333,-49.38302301810791,-8.92699586495954,2.4357762678165322,1.9770916635177718,-0.2763653624069793,0.0602142872384886,1.969236033717243,0.34938407212269873,0.0063414238576206235,DEPTH_PROPOSAL_CERTIFIED,1.2501822629073387,0,32,0,0,28,FULL_MOTION_CERTIFICATE,0,0,0,31,0,0,0,0,0,,11.3,1.96926710496,0.349208621848,0.00635670800981,0.984521848061,-0.164270647547,0.0610891565247,0.984633552482,0.174604310924,0.00317835400491,1.97493494708,-0.299126066914,0.0802665922266,1.9754442631938802,-0.2965389902508826,0.07683120519957003
11.25,-49.35007417976505,-8.931630469736827,2.4368051578374113,1.9769303005717143,-0.2780762866371761,0.06173340125273949,1.9692048496862005,0.3495600735620061,0.006325736611132219,DEPTH_PROPOSAL_CERTIFIED,1.243600320437186,0,32,0,0,28,FULL_MOTION_CERTIFICATE,0,0,0,31,0,0,0,0,0,,11.316666666,1.96923603372,0.349384072123,0.00634142385762,0.984521848061,-0.164270647547,0.0610891565247,0.984618016859,0.174692036061,0.00317071192881,1.97448864021,-0.301354493202,0.083441722465,1.974961672629813,-0.2989495622455761,0.08026659222659928
11.266666666666667,-49.31712839022098,-8.936294242659704,2.4378614573547703,1.9767473726444342,-0.2798263753725834,0.06337797104154407,1.9691735501541783,0.34973664136834415,0.006309600429592533,DEPTH_PROPOSAL_CERTIFIED,1.2367514186500905,0,32,0,0,28,FULL_MOTION_CERTIFICATE,0,0,0,31,0,0,0,0,0,,11.333333333,1.96920484969,0.349560073562,0.00632573661113,0.984521848061,-0.164270647547,0.0610891565247,0.984602424843,0.174780036781,0.00316286830557,1.97407614444,-0.303414099447,0.0863763127194,1.974515651931617,-0.3011774579445514,0.08344172246495882
11.283333333333333,-49.28418593898829,-8.940987573846556,2.4389467951823285,1.9765470739615325,-0.2815998712110753,0.06512026965350598,1.969142133232069,0.3499137858827119,0.0062929785860291795,DEPTH_PROPOSAL_CERTIFIED,1.229631680324678,0,32,0,0,28,FULL_MOTION_CERTIFICATE,0,0,0,31,0,0,0,0,0,,11.35,1.96917355015,0.349736641368,0.00630960042959,0.984521848061,-0.164270647547,0.0610891565247,0.984586775077,0.174868320684,0.0031548002148,1.97369489835,-0.305317674913,0.089088585526,1.9741034300301323,-0.30323652044067767,0.08637631271944268
11.3,-49.25124705420518,-8.945710626841755,2.4400623960349783,1.9763330869864806,-0.2833831797119636,0.06693605115899491,1.9691105977483367,0.3500915132332636,0.006275842352262454,DEPTH_PROPOSAL_CERTIFIED,1.2222373858757423,0,32,0,0,28,FULL_MOTION_CERTIFICATE,0,0,0,31,0,0,0,0,0,,11.366666666,1.96914213323,0.349913785883,0.00629297858603,0.984521848061,-0.164270647547,0.0610891565247,0.984571066616,0.174956892941,0.00314648929301,1.97334253456,-0.307077040008,0.0915953829653,1.9737224458908469,-0.30513954342279914,0.08908858552595869
11.316666666666666,-49.21831191027368,-8.950463370709954,2.4412091324075855,1.9761086358903865,-0.28516463209192244,0.06880418235644538,1.9690789431515747,0.35026982591328615,0.006258170000342065,DEPTH_PROPOSAL_CERTIFIED,1.2145649038829376,0,32,0,0,28,FULL_MOTION_CERTIFICATE,0,0,0,31,0,0,0,0,0,,11.383333333,1.96911059775,0.350091513233,0.00627584235226,0.984521848061,-0.164270647547,0.0610891565247,0.984555298874,0.175045756617,0.00313792117613,1.97301686497,-0.308703119972,0.0939122716544,1.973370332518039,-0.3068983511274218,0.09159538296534249
11.333333333333334,-49.18538063469279,-8.95524560856805,2.442387570913145,1.975876534853091,-0.28693427148578615,0.07070631033356423,1.9690471694236606,0.35044872329589283,0.006239945909172273,DEPTH_PROPOSAL_CERTIFIED,1.2065172033385496,0,32,0,0,28,FULL_MOTION_CERTIFICATE,0,0,0,31,0,0,0,0,0,,11.4,1.96907894315,0.350269825913,0.00625817000034,0.984521848061,-0.164270647547,0.0610891565247,0.984539471576,0.175134912957,0.00312908500017,1.97271586732,-0.310206012056,0.0960536384696,1.973044902198084,-0.3085238720909219,0.09391227165441295
11.35,-49.152453314164696,-8.960057002909613,2.443598013620896,1.975639231685782,-0.2886836604937482,0.07262656246508113,1.9690152770024678,0.35062820209170303,0.006221159766123981,DEPTH_PROPOSAL_CERTIFIED,1.1982396599506315,0,32,0,0,28,FULL_MOTION_CERTIFICATE,0,0,0,31,0,0,0,0,0,,11.416666666,1.96904716942,0.350448723296,0.00623994590917,0.984521848061,-0.164270647547,0.0610891565247,0.984523584712,0.175224361648,0.00311997295459,1.97243767255,-0.311595048595,0.098032780404,1.9727441330446147,-0.3100262063908864,0.09605363846958884
11.366666666666667,-49.119530000044826,-8.964897098044446,2.444840534886651,1.9753988471920003,-0.2904057080899966,0.07455127594530586,1.9689832667131892,0.3508082567551718,0.006201805854402545,DEPTH_PROPOSAL_CERTIFIED,1.1899153252406436,0,32,0,0,28,FULL_MOTION_CERTIFICATE,0,0,0,31,0,0,0,0,0,,11.433333333,1.969015277,0.350628202092,0.00622115976612,0.984521848061,-0.164270647547,0.0610891565247,0.984507638501,0.175314101046,0.00311057988306,1.97218055312,-0.312878855173,0.0998619874592,1.9724661563678625,-0.31141468876422573,0.09803278040404627
11.383333333333333,-49.08661071320043,-8.969765339945367,2.446115014121489,1.975157210664026,-0.29209451405523407,0.07646875409029916,1.9689511397074126,0.3509888798447233,0.0061818824177622194,DEPTH_PROPOSAL_CERTIFIED,1.181544578761144,0,32,0,0,28,FULL_MOTION_CERTIFICATE,0,0,0,31,0,0,0,0,0,,11.45,1.96898326671,0.350808256755,0.0062018058544,0.984521848061,-0.164270647547,0.0610891565247,0.984491633357,0.175404128378,0.0031009029272,1.97194291243,-0.314065403676,0.10155261822,1.9722092450227409,-0.3126979468311325,0.09986198745921887
11.4,-49.053695448335674,-8.974661093765636,2.4474211649019453,1.9749158918853185,-0.29374522921612595,0.07836904682736458,1.968918897409171,0.35117006234135323,0.00616139109494281,DEPTH_PROPOSAL_CERTIFIED,1.1731278812422932,0,32,0,0,28,FULL_MOTION_CERTIFICATE,0,0,0,31,0,0,0,0,0,,11.466666666,1.96895113971,0.350988879845,0.00618188241776,0.984521848061,-0.164270647547,0.0610891565247,0.984475569854,0.175494439922,0.00309094120888,1.97172327484,-0.315162062073,0.103115170796,1.971971802785086,-0.31388395417900594,0.10155261821956141
11.416666666666666,-49.02078417783646,-8.97958365926643,2.4487585607884217,1.9746762299530116,-0.29535393004758353,0.08024375318860083,1.9688865414672632,0.35135179392990945,0.006140336416937397,DEPTH_PROPOSAL_CERTIFIED,1.1646657605527333,0,32,0,0,28,FULL_MOTION_CERTIFICATE,0,0,0,31,0,0,0,0,0,,11.483333333,1.96891889741,0.351170062341,0.00616139109494,0.984521848061,-0.164270647547,0.0610891565247,0.984459448705,0.175585031171,0.00308069554747,1.97152027645,-0.316175640352,0.104559348268,1.9717523543788684,-0.3149800801913675,0.1031151707956845
11.433333333333334,-48.98787685518279,-8.984532284370715,2.4501266581838372,1.9744393592199305,-0.29691750625709157,0.08208584372492149,1.9688540737132092,0.35153406324687714,0.006118725360819243,DEPTH_PROPOSAL_CERTIFIED,1.1561587992879514,0,32,0,0,28,FULL_MOTION_CERTIFICATE,0,0,0,32,0,0,0,0,0,,11.5,1.96888654147,0.35135179393,0.00614033641694,0.984521848061,-0.164270647547,0.0610891565247,0.984443270734,0.175675896965,0.00307016820847,1.97133265672,-0.317112432397,0.105894118354,1.9715495362763402,-0.3159931360130886,0.1045593482680324
11.45,-48.9549734179722,-8.989506177038384,2.451524816532067,1.9742062326358523,-0.29843356006017335,0.08388950089378516,1.9688214961242554,0.35171685809812797,0.006096566954447494,DEPTH_PROPOSAL_CERTIFIED,1.1476076238228492,0,32,0,0,28,FULL_MOTION_CERTIFICATE,0,0,0,32,0,0,0,0,0,,11.516666666,1.96885407371,0.351534063247,0.00611872536082,0.984521848061,-0.164270647547,0.0610891565247,0.984427036857,0.175767031623,0.00305936268041,1.97115925062,-0.317978255294,0.107127769418,1.9713620883100986,-0.316929416457772,0.10589411835392337
11.466666666666667,-48.922073790593466,-8.994504515639495,2.452952316128433,1.9739776427239868,-0.29990031606663864,0.08564997578197366,1.9687888107909126,0.35190016564974697,0.006073871926924963,DEPTH_PROPOSAL_CERTIFIED,1.1390128946803435,0,32,0,0,28,FULL_MOTION_CERTIFICATE,0,0,0,32,0,0,0,0,0,,11.533333333,1.96882149612,0.351716858098,0.00609656695445,0.984521848061,-0.164270647547,0.0610891565247,0.984410748062,0.175858429049,0.00304828347722,1.97099898134,-0.318778485598,0.10826796214,1.9711888457992284,-0.31779473934551394,0.10712776941787207
11.483333333333333,-48.8891778865865,-8.999526457985207,2.4544083737883824,1.9737542404180632,-0.30131654074268577,0.08736345959697822,1.9687560198885534,0.35208397259476937,0.006050652400146078,DEPTH_PROPOSAL_CERTIFIED,1.1303752980811868,0,32,0,0,28,FULL_MOTION_CERTIFICATE,0,0,0,32,0,0,0,0,0,,11.55,1.96878881079,0.35190016565,0.00607387192692,0.984521848061,-0.164270647547,0.0610891565247,0.984394405395,0.175950082825,0.00303693596346,1.97085085367,-0.319518092393,0.109321776624,1.9710287322857947,-0.3185944817904616,0.10826796214003516
11.5,-48.85628561072032,-9.004571149159885,2.4558921565960934,1.9735365519706667,-0.3026814704807295,0.08902696846265747,1.9687231256526379,0.35226826529837757,0.006026921617218683,DEPTH_PROPOSAL_CERTIFIED,1.1216955385539933,0,32,0,0,28,FULL_MOTION_CERTIFICATE,0,0,0,32,0,0,0,0,0,,11.566666666,1.96875601989,0.352083972595,0.00605065240015,0.985546726867,-0.161369728178,0.0515505576051,0.984378009944,0.176041986297,0.00302532620007,1.97086923246,-0.319762135108,0.108850514414,1.9708807529124297,-0.31933361328486265,0.10932177662394317
11.516666666666667,-48.82339666480408,-9.00963717329982,2.4574009691335417,1.9733367549743184,-0.30396144839611233,0.09052875224688689,1.9686901303571844,0.35245302992385713,0.0060026937039598565,DEPTH_PROPOSAL_CERTIFIED,1.11297486481383,0,32,0,0,28,FULL_MOTION_CERTIFICATE,0,0,0,32,0,0,0,0,0,,11.583333333,1.96872312565,0.352268265298,0.00602692161722,0.985546726867,-0.161369728178,0.0515505576051,0.984361562826,0.176134132649,0.00301346080861,1.97088621892,-0.319987689752,0.10841495386,1.9708992316188692,-0.3195771789637821,0.10885051441448497
11.533333333333333,-48.79051077500184,-9.014723198489007,2.4589323652588853,1.9731533881343717,-0.30516151135122993,0.09188376752060749,1.968657037776803,0.35263824373534225,0.005978015315870796,DEPTH_PROPOSAL_CERTIFIED,1.101121013796985,0,32,0,0,28,FULL_MOTION_CERTIFICATE,0,0,0,32,0,0,0,0,0,,11.6,1.96869013036,0.352453029924,0.00600269370396,0.985546726867,-0.161369728178,0.0515505576051,0.984345065179,0.176226514962,0.00300134685198,1.97090191853,-0.320196156924,0.108012390318,1.9709163126870222,-0.31980227940366585,0.10841495385999977
11.55,-48.75762768985391,-9.019827972166219,2.4604841258069525,1.972985108875878,-0.30628642063274014,0.09310563288403713,1.968623851471558,0.3528238853251192,0.005952928806712698,DEPTH_PROPOSAL_CERTIFIED,1.0817099398974162,0,32,0,0,28,FULL_MOTION_CERTIFICATE,0,0,0,32,0,0,0,0,0,,11.616666666,1.96865703778,0.352638243735,0.00597801531587,0.985546726867,-0.161369728178,0.0515505576051,0.984328518888,0.176319121868,0.00298900765794,1.97091642877,-0.320388831115,0.107640324037,1.9709321019222554,-0.32001031386716433,0.10801239031787795
11.566666666666666,-48.7247471784582,-9.024950316746148,2.4620542382377884,1.972830683742924,-0.30734067479578653,0.09420674585015013,1.9685905747976824,0.35300993454315666,0.005927472612043693,DEPTH_PROPOSAL_CERTIFIED,1.062430412539529,0,32,0,0,28,FULL_MOTION_CERTIFICATE,0,0,0,32,0,0,0,0,0,,11.633333333,1.96862385147,0.352823885325,0.00595292880671,0.985546726867,-0.161369728178,0.0515505576051,0.984311925736,0.176411942663,0.00297646440336,1.97092983975,-0.320566908789,0.107296444573,1.9709466971208822,-0.32020257558495296,0.10764032403672957
11.583333333333334,-48.69186902879868,-9.030089125448587,2.463640878066002,1.972688979571396,-0.3083285221462835,0.09519838969281319,1.9685572109178844,0.3531963724297007,0.005901681599364649,DEPTH_PROPOSAL_CERTIFIED,1.0432847443257136,0,32,0,0,28,FULL_MOTION_CERTIFICATE,0,0,0,32,0,0,0,0,0,,11.65,1.9685905748,0.353009934543,0.00592747261204,0.985546726867,-0.161369728178,0.0515505576051,0.984295287399,0.176504967272,0.00296373630602,1.97094223475,-0.320731495729,0.106978616585,1.970960188678754,-0.32038025982234575,0.1072964445733019
11.6,-48.65899304620914,-9.035243358329165,2.465242391918069,1.972558955372516,-0.3092539728347213,0.09609083112403163,1.968523762811243,0.3533831811508769,0.00587558738773061,DEPTH_PROPOSAL_CERTIFIED,1.0242750825853812,0,32,0,0,28,FULL_MOTION_CERTIFICATE,0,0,0,32,0,0,0,0,0,,11.666666666,1.96855721092,0.35319637243,0.00590168159936,0.985546726867,-0.161369728178,0.0515505576051,0.984278605459,0.176598186215,0.00295084079968,1.97095369074,-0.320883613952,0.106684866493,1.970972660146181,-0.3205444712336634,0.10697861658489734
11.616666666666667,-48.6261190519613,-9.040412038505112,2.4668572820774197,1.972439654870726,-0.3101208105567708,0.09689340956103752,1.9684902332827106,0.3535703439372267,0.005849218639439417,DEPTH_PROPOSAL_CERTIFIED,1.0054034229277808,0,32,0,0,28,FULL_MOTION_CERTIFICATE,0,0,0,32,0,0,0,0,0,,11.683333333,1.96852376281,0.353383181151,0.00587558738773,0.985546726867,-0.161369728178,0.0515505576051,0.984261881406,0.176691590575,0.00293779369387,1.97096427884,-0.321024208077,0.106413370178,1.9709841887488861,-0.32069623076577486,0.10668486649250879
11.633333333333333,-48.59324688196725,-9.045594248569277,2.4684841923890644,1.9723301996432934,-0.31093260384991867,0.09761461869867238,1.9684566249722117,0.35375784502510454,0.005822601326193276,DEPTH_PROPOSAL_CERTIFIED,0.9866716216806282,0,32,0,0,28,FULL_MOTION_CERTIFICATE,0,0,0,32,0,0,0,0,0,,11.7,1.96849023328,0.353570343937,0.00584921863944,0.985546726867,-0.161369728178,0.0515505576051,0.984245116641,0.176785171969,0.00292460931972,1.97097406482,-0.321154151131,0.106162441766,1.9709948458686164,-0.32083648202632276,0.10641337017781823
11.65,-48.560376385587034,-9.050789127185512,2.4701218954066024,1.9722297828128443,-0.311692716974142,0.0982621810522705,1.9684229403633615,0.35394566960085516,0.0057957589719261,DEPTH_PROPOSAL_CERTIFIED,0.9680814073069881,0,32,0,0,28,FULL_MOTION_CERTIFICATE,0,0,0,32,0,0,0,0,0,,11.716666666,1.96845662497,0.353757845025,0.00582260132619,0.985546726867,-0.161369728178,0.0515505576051,0.984228312486,0.176878922513,0.0029113006631,1.97098310943,-0.321274250007,0.105930523097,1.9710046974813675,-0.32096609708966656,0.1061624417661671
11.666666666666666,-48.527507424532885,-9.055995865858531,2.4717692806741964,1.9721376632489003,-0.3124043203811702,0.09884311605565654,1.9683891817917947,0.35413380374768344,0.005768712874300319,DEPTH_PROPOSAL_CERTIFIED,0.9496343908846716,0,32,0,0,28,FULL_MOTION_CERTIFICATE,0,0,0,32,0,0,0,0,0,,11.733333333,1.96842294036,0.353945669601,0.00579575897193,0.985546726867,-0.161369728178,0.0515505576051,0.984211470182,0.1769728348,0.00289787948596,1.97099146885,-0.32138525049,0.10571617401,1.971013804568783,-0.32108588194691495,0.10593052309696667
11.683333333333334,-48.49463987186226,-9.061213705871388,2.473425344045269,1.9720531602374454,-0.3130704007714876,0.09936380226434577,1.9683553514531276,0.35432223439512994,0.005741482306711074,DEPTH_PROPOSAL_CERTIFIED,0.9313320757255068,0,32,0,0,28,FULL_MOTION_CERTIFICATE,0,0,0,33,0,0,0,0,0,,11.75,1.96838918179,0.354133803748,0.0057687128743,0.985546726867,-0.161369728178,0.0515505576051,0.984194590896,0.177066901874,0.00288435643715,1.97099919498,-0.321487841846,0.105518063491,1.9710222234976946,-0.3211965815333595,0.10571617401035406
11.7,-48.461773611052585,-9.066441935383667,2.4750891779481936,1.9719756485805318,-0.3136937707366777,0.09983003417547363,1.9683214514105523,0.3545109492710619,0.005714084702479225,DEPTH_PROPOSAL_CERTIFIED,0.9131758662054266,0,32,0,0,28,FULL_MOTION_CERTIFICATE,0,0,0,33,0,0,0,0,0,,11.766666666,1.96835535145,0.354322234395,0.00574148230671,0.985546726867,-0.161369728178,0.0515505576051,0.984177675727,0.177161117198,0.00287074115336,1.97100633579,-0.321582661123,0.105334961356,1.9710300063661848,-0.32129888431199694,0.10551806349123385
11.716666666666667,-48.42890853515105,-9.07167988668362,2.4767599625167502,1.971904554091739,-0.31427707799723925,0.10024707411339691,1.9682874836020838,0.3546999368560884,0.00568653582276941,DEPTH_PROPOSAL_CERTIFIED,0.8951670758702797,0,32,0,0,28,FULL_MOTION_CERTIFICATE,0,0,0,33,0,0,0,0,0,,11.783333333,1.96832145141,0.354510949271,0.00571408470248,0.985546726867,-0.161369728178,0.0515505576051,0.984160725705,0.177255474636,0.00285704235124,1.97101293564,-0.321670297127,0.105165730584,1.971037201328467,-0.3213934265760899,0.10533496135606056
11.733333333333333,-48.39604454599346,-9.076926933587641,2.4784369575101435,1.9718393494555924,-0.31482281424124364,0.10061969960359829,1.9682534498474569,0.35488918634030514,0.005658849909641458,DEPTH_PROPOSAL_CERTIFIED,0.8772748708094933,0,32,0,0,28,FULL_MOTION_CERTIFICATE,0,0,0,33,0,0,0,0,0,,11.8,1.9682874836,0.354699936856,0.00568653582277,0.985546726867,-0.161369728178,0.0515505576051,0.984143741801,0.177349968428,0.00284326791138,1.97101903549,-0.32175129404,0.105009320325,1.9710438528946022,-0.3214807964180975,0.10516573058405533
11.75,-48.363181553486434,-9.082182488980434,2.480119494953943,1.9717795504213644,-0.3153333235675252,0.10095224662797246,1.9682193518546984,0.3550786875822809,0.005631039825523565,DEPTH_PROPOSAL_CERTIFIED,0.8591748241495767,0,32,0,0,28,FULL_MOTION_CERTIFICATE,0,0,0,33,0,0,0,0,0,,11.816666666,1.96825344985,0.35488918634,0.00565884990964,0.985546726867,-0.161369728178,0.0515505576051,0.984126724924,0.17744459317,0.00282942495482,1.97102467324,-0.321826154819,0.104864759338,1.971050002203783,-0.3215615373481601,0.1050093203253372
11.766666666666667,-48.33031947494802,-9.087446002489544,2.4818069724390424,1.9717247123046613,-0.3158108105465593,0.10124864910597106,1.9681851912263717,0.3552684310701907,0.005603117180283571,DEPTH_PROPOSAL_CERTIFIED,0.8410059298159922,0,32,0,0,28,FULL_MOTION_CERTIFICATE,0,0,0,33,0,0,0,0,0,,11.833333333,1.96821935185,0.355078687582,0.00563103982552,0.985546726867,-0.161369728178,0.0515505576051,0.984109675927,0.177539343791,0.00281551991276,1.97102988388,-0.321895344331,0.104731149931,1.9710556872808833,-0.3216361516907749,0.10486475933755383
11.783333333333333,-48.297458234501825,-9.092716958288012,2.4834988470211434,1.9716744267719704,-0.31625734790803894,0.10151247492607168,1.968150969465519,0.35545840788500654,0.0055750924469767415,DEPTH_PROPOSAL_CERTIFIED,0.8227698082512236,0,32,0,0,28,FULL_MOTION_CERTIFICATE,0,0,0,33,0,0,0,0,0,,11.85,1.96818519123,0.35526843107,0.00560311718028,0.985546726867,-0.161369728178,0.0515505576051,0.984092595613,0.177634215535,0.00280155859014,1.97103469978,-0.321959292213,0.10460766245,1.971060943273141,-0.3217051037180912,0.10473114993129942
11.8,-48.2645977625204,-9.097994873019053,2.4851946296683,1.9716283188851516,-0.31667488386247067,0.10174695882939684,1.9681166879813017,0.35564860966565737,0.005546975067256058,DEPTH_PROPOSAL_CERTIFIED,0.8044680844831258,0,32,0,0,28,FULL_MOTION_CERTIFICATE,0,0,0,33,0,0,0,0,0,,11.866666666,1.96815096947,0.355458407885,0.00557509244698,0.985546726867,-0.161369728178,0.0515505576051,0.984075484733,0.177729203943,0.00278754622349,1.97103915084,-0.322018395555,0.104493530088,1.9710658026659624,-0.3217688225065374,0.1046076624499637
11.816666666666666,-48.23173799511398,-9.103279293836906,2.4868938802084597,1.9715860443851791,-0.31706524907124906,0.10195503240958535,1.9680823480943503,0.35583902857606925,0.005518773547344991,DEPTH_PROPOSAL_CERTIFIED,0.7861023862253995,0,32,0,0,28,FULL_MOTION_CERTIFICATE,0,0,0,33,0,0,0,0,0,,11.883333333,1.96811668798,0.355648609666,0.00554697506726,0.985546726867,-0.161369728178,0.0515505576051,0.984058343991,0.177824304833,0.00277348753363,1.97104326469,-0.322073021374,0.10438804411,1.9710702954855148,-0.3218277046183456,0.10449353008788541
11.833333333333334,-48.19887887366072,-9.108569796558173,2.48859620273309,1.971547287195819,-0.31743016327608975,0.10213935147781364,1.9680479510418496,0.35602965727400304,0.005490495545397605,DEPTH_PROPOSAL_CERTIFIED,0.7676743422680814,0,32,0,0,28,FULL_MOTION_CERTIFICATE,0,0,0,33,0,0,0,0,0,,11.9,1.96808234809,0.355839028576,0.00551877354734,0.985546726867,-0.161369728178,0.0515505576051,0.984041174047,0.177919514288,0.00275938677367,1.97104706689,-0.322123508874,0.104290549495,1.9710744494856263,-0.3218821165751458,0.10438804411019864
11.85,-48.166020344375234,-9.113865983918124,2.4903012414168324,1.971511757129333,-0.31777124159707876,0.1023023210245412,1.9680134979823471,0.35622048888160224,0.005462147950999764,DEPTH_PROPOSAL_CERTIFIED,0.74918558112296,0,32,0,0,28,FULL_MOTION_CERTIFICATE,0,0,0,33,0,0,0,0,0,,11.916666666,1.96804795104,0.356029657274,0.0054904955454,0.981065728875,-0.186515411337,0.0521731440583,0.984023975521,0.178014828637,0.0027452477727,1.97075816916,-0.323814174026,0.104236887981,1.9710782903182023,-0.32193239711314464,0.10429054949461766
11.866666666666667,-48.13316272691772,-9.119169559723206,2.492008722735621,1.9714570474509527,-0.31821454830488255,0.10244887912730088,1.9679789900003193,0.35641151695757534,0.00543373695749934,DEPTH_PROPOSAL_CERTIFIED,0.730636016766189,0,32,0,0,28,FULL_MOTION_CERTIFICATE,0,0,0,33,0,0,0,0,0,,11.933333333,1.96801349798,0.356220488882,0.005462147951,0.981065728875,-0.186515411337,0.0521731440583,0.984006748991,0.178110244441,0.0027310739755,1.97017584425,-0.327144715313,0.104233077242,1.970789589374712,-0.32362289014008844,0.10423688798096886
11.883333333333333,-48.10030668701303,-9.124484169254808,2.493718456829807,1.9713623942811067,-0.3188765718961584,0.10258404565117654,1.967944421927092,0.35660276960732795,0.005405267285385659,DEPTH_PROPOSAL_CERTIFIED,0.7120239325400999,0,32,0,0,28,FULL_MOTION_CERTIFICATE,0,0,0,33,0,0,0,0,0,,11.95,1.96797899,0.356411516958,0.0054337369575,0.981065728875,-0.186515411337,0.0521731440583,0.983989495,0.178205758479,0.00271686847875,1.96956642102,-0.330620935638,0.104241653824,1.9702076256089853,-0.3269532597097249,0.10423307724245967
11.9,-48.06745287413578,-9.129813365502397,2.4954302838636058,1.9712287726347157,-0.3197517748553292,0.1027096220279058,1.9679097827930048,0.3567943068931119,0.005376742159826648,DEPTH_PROPOSAL_CERTIFIED,0.6933476339136688,0,32,0,0,28,FULL_MOTION_CERTIFICATE,0,0,0,33,0,0,0,0,0,,11.95,1.96797899,0.356411516958,0.0054337369575,0.981065728875,-0.186515411337,0.0521731440583,0.983989495,0.178205758479,0.00271686847875,1.96956642102,-0.330620935638,0.104241653824,1.9695985885487473,-0.3304292509572119,0.10424165382400269
11.916666666666666,-48.03460183028303,-9.135160099697153,2.4971440552896214,1.971062631165173,-0.320804051685344,0.1028262855609456,1.9678750618715746,0.3569861874116777,0.005348164285122612,DEPTH_PROPOSAL_CERTIFIED,0.6746058796016152,0,32,0,0,28,FULL_MOTION_CERTIFICATE,0,0,0,33,0,0,0,0,0,,11.983333333,1.96790978279,0.356794306893,0.00537674215983,0.981065728875,-0.186515411337,0.0521731440583,0.983954891397,0.178397153447,0.00268837107991,1.96848258226,-0.336803276778,0.104256906986,1.9690357052367542,-0.33364182901152495,0.10424958066403112
11.933333333333334,-48.001754002532245,-9.14052679210348,2.4988596330558206,1.9708696650471935,-0.32200154437955003,0.10293466597196027,1.9678402502008512,0.3571784599108198,0.005319536181478128,DEPTH_PROPOSAL_CERTIFIED,0.6557978375204381,0,32,0,0,28,FULL_MOTION_CERTIFICATE,0,0,0,34,0,0,0,0,0,,12,1.96787506187,0.356986187412,0.00534816428512,0.981065728875,-0.186515411337,0.0521731440583,0.983937530936,0.178493093706,0.00267408214256,1.96800143646,-0.339547787886,0.104263678284,1.9685154784078434,-0.3366109552488633,0.10425690698633917
11.95,-47.96890975431329,-9.145915395536878,2.5005768888678688,1.9706548931376735,-0.3233162060039361,0.10303534872288894,1.9678053403786078,0.3573711644436428,0.005290860197269158,DEPTH_PROPOSAL_CERTIFIED,0.6440954236472156,0,32,0,0,28,FULL_MOTION_CERTIFICATE,0,0,0,34,0,0,0,0,0,,12.016666666,1.9678402502,0.357178459911,0.00531953618148,0.981065728875,-0.186515411337,0.0521731440583,0.9839201251,0.178589229955,0.00265976809074,1.96755674112,-0.342084381329,0.104269936605,1.9680346758415277,-0.33935507782144736,0.10426367828421886
11.966666666666667,-47.93606937551724,-9.151327452304804,2.502295703503,1.9704227277624304,-0.32472340607545774,0.10312887810786711,1.9677703263783377,0.3575643334046072,0.005262138520510098,DEPTH_PROPOSAL_CERTIFIED,0.633027005341672,0,32,0,0,29,FULL_MOTION_CERTIFICATE,0,0,0,34,0,0,0,0,0,,12.033333333,1.96780534038,0.357371164444,0.00529086019727,0.981065728875,-0.186515411337,0.0521731440583,0.983902670189,0.178685582222,0.00264543009863,1.96714573479,-0.344428808751,0.10427572081,1.9675903101844647,-0.34189124694802064,0.10426993660460068
11.983333333333333,-47.903233091553815,-9.156764145203017,2.504015966171846,1.9701770378057737,-0.32620157389280896,0.10321576013076869,1.9677352033840874,0.35775799245864937,0.00523337318957144,DEPTH_PROPOSAL_CERTIFIED,0.6222000180671767,0,32,0,0,29,FULL_MOTION_CERTIFICATE,0,0,0,34,0,0,0,0,0,,12.05,1.96777032638,0.357564333405,0.00526213852051,0.981065728875,-0.186515411337,0.0521731440583,0.983885163189,0.178782166702,0.00263106926026,1.96676586531,-0.346595628031,0.104281066818,1.967179620334561,-0.34423522126449474,0.10427572081016807
12.0,-47.87040107145824,-9.162226343140237,2.5057375739248937,1.9699212057345963,-0.3277318762331985,0.10329646518285707,1.96769996764233,0.35795216137362745,0.005204566103195667,DEPTH_PROPOSAL_CERTIFIED,0.6116188509244294,0,32,0,0,29,FULL_MOTION_CERTIFICATE,0,0,0,34,0,0,0,0,0,,12.05,1.96777032638,0.357564333405,0.00526213852051,0.981065728875,-0.186515411337,0.0521731440583,0.983885163189,0.178782166702,0.00263106926026,1.96676586531,-0.346595628031,0.104281066818,1.9668000544662323,-0.3464015647859497,0.10428106681833524
12.016666666666667,-47.83757343513999,-9.167714641912923,2.50746043110047,1.9696581790951866,-0.32929792636117944,0.10337143053457844,1.9676646163292633,0.35814685476538255,0.0051757190298562005,DEPTH_PROPOSAL_CERTIFIED,0.6012882219672344,0,32,0,0,32,FULL_MOTION_CERTIFICATE,0,0,0,34,0,0,0,0,0,,12.083333333,1.96769996764,0.357952161374,0.0052045661032,0.981065728875,-0.186515411337,0.0521731440583,0.983849983821,0.178976080687,0.0026022830516,1.9660902802,-0.350449243374,0.104290574514,1.9664492540943888,-0.348403737922546,0.10428600782557912
12.033333333333333,-47.80475025985674,-9.173229400603635,2.509184448811374,1.9693905169949808,-0.33088552144275557,0.10344106265426048,1.9676291474320482,0.35834208276387935,0.005146833616501385,DEPTH_PROPOSAL_CERTIFIED,0.5912131183614124,0,32,0,0,32,FULL_MOTION_CERTIFICATE,0,0,0,34,0,0,0,0,0,,12.1,1.96766461633,0.358146854765,0.00517571902986,0.981065728875,-0.186515411337,0.0521731440583,0.983832308165,0.179073427383,0.00258785951493,1.9657903694,-0.352159969113,0.104294795242,1.9661250393724687,-0.3502541814379857,0.10429057451438138
12.05,-47.77193158598928,-9.178770774031157,2.510909544467465,1.9691204320474145,-0.3324824056513451,0.10350573936544559,1.9675935596426362,0.3585378516081046,0.005117911396722764,DEPTH_PROPOSAL_CERTIFIED,0.5813987441175918,0,32,0,0,32,FULL_MOTION_CERTIFICATE,0,0,0,34,0,0,0,0,0,,12.116666666,1.96762914743,0.358342082764,0.0051468336165,0.981065728875,-0.186515411337,0.0521731440583,0.983814573716,0.179171041382,0.00257341680825,1.96551317913,-0.35374109432,0.104298696217,1.9658253956871055,-0.35196439299613674,0.10429479524190381
12.066666666666666,-47.73911742218618,-9.184338741642218,2.512635641331702,1.9688498281857645,-0.3340780566636432,0.10356581185420734,1.9675578522629775,0.35873416417667425,0.005088953798384742,DEPTH_PROPOSAL_CERTIFIED,0.5718504745714299,0,32,0,0,32,FULL_MOTION_CERTIFICATE,0,0,0,34,0,0,0,0,0,,12.133333333,1.96759355964,0.358537851608,0.00511791139672,0.981065728875,-0.186515411337,0.0521731440583,0.983796779821,0.179268925804,0.00255895569836,1.96525698811,-0.355202437406,0.104302301664,1.9655484610736345,-0.35354499901368086,0.10429869621710076
12.083333333333334,-47.706307749940635,-9.189933133198075,2.514362668107315,1.9685803347327904,-0.3356634933513457,0.1036216065367751,1.9675220251204906,0.3589310204604736,0.005059962150750255,DEPTH_PROPOSAL_CERTIFIED,0.5625738168675307,0,32,0,0,32,FULL_MOTION_CERTIFICATE,0,0,0,34,0,0,0,0,0,,12.15,1.96755785226,0.358734164177,0.00508895379838,0.981065728875,-0.186515411337,0.0521731440583,0.983778926131,0.179367082088,0.00254447689919,1.96502020551,-0.356553072681,0.104305633971,1.9652925146065074,-0.355005820941315,0.10430230166410186
12.1,-47.67350252765585,-9.19555365157507,2.516090558553931,1.9683133370874213,-0.3372311026197018,0.10367342679695676,1.9674860784927872,0.3591284179830691,0.005030937691134813,DEPTH_PROPOSAL_CERTIFIED,0.5535743757791691,0,32,0,0,32,FULL_MOTION_CERTIFICATE,0,0,0,34,0,0,0,0,0,,12.15,1.96755785226,0.358734164177,0.00508895379838,0.981065728875,-0.186515411337,0.0521731440583,0.983778926131,0.179367082088,0.00254447689919,1.96502020551,-0.356553072681,0.104305633971,1.965055965813917,-0.35635593569364715,0.10430563397117315
12.116666666666667,-47.64070169425028,-9.20119989296943,2.5178192511306396,1.9680500043338958,-0.33877448366165946,0.10372155460253195,1.967450013040744,0.3593263521740719,0.0050018815711195905,DEPTH_PROPOSAL_CERTIFIED,0.5444639781322036,0,32,0,0,32,FULL_MOTION_CERTIFICATE,0,0,0,34,0,0,0,0,0,,12.183333333,1.96748607849,0.359128417983,0.00503093769113,0.981065728875,-0.186515411337,0.0521731440583,0.983743039246,0.179564208992,0.00251546884557,1.96459909559,-0.358955132172,0.104311560367,1.9648373447408856,-0.3576037323735422,0.10430871383054921
12.133333333333333,-47.607905172349206,-9.206871364769015,2.519548688664122,1.967791314064842,-0.3402883079750255,0.10376625200896326,1.9674138297490864,0.3595248167001695,0.004972794862351937,DEPTH_PROPOSAL_CERTIFIED,0.5339537589648671,0,32,0,0,32,FULL_MOTION_CERTIFICATE,0,0,0,34,0,0,0,0,0,,12.2,1.96745001304,0.359326352174,0.00500188157112,0.981065728875,-0.186515411337,0.0521731440583,0.98372500652,0.179663176087,0.00250094078556,1.96441215332,-0.360021472383,0.104314191258,1.964635292782387,-0.35875696459809275,0.1043115603674254
12.15,-47.57511287110436,-9.21256750132899,2.5212788180400905,1.9675380746906384,-0.341768193598527,0.1038077625580997,1.967377529873736,0.35972380375809604,0.004943678561960196,DEPTH_PROPOSAL_CERTIFIED,0.5273944983085861,0,32,0,0,32,FULL_MOTION_CERTIFICATE,0,0,0,34,0,0,0,0,0,,12.216666666,1.96741382975,0.3595248167,0.00497279486235,0.981065728875,-0.186515411337,0.0521731440583,0.983706914875,0.17976240835,0.00248639743118,1.96423937336,-0.361007029184,0.104316622838,1.9644485543253547,-0.3598227982052438,0.10431419125756422
12.166666666666666,-47.542324688679955,-9.21828767786679,2.5230095899164118,1.9672909454642924,-0.3432105922679663,0.1038463125792811,1.9673411148952415,0.3599233043333911,0.004914533597607825,DEPTH_PROPOSAL_CERTIFIED,0.5220890041667547,0,32,0,0,32,FULL_MOTION_CERTIFICATE,0,0,0,34,0,0,0,0,0,,12.233333333,1.96737752987,0.359723803758,0.00494367856196,0.981065728875,-0.186515411337,0.0521731440583,0.983688764937,0.179861901879,0.00247183928098,1.96407968278,-0.361917922648,0.104318870207,1.9642759689028713,-0.360807856035127,0.10431662283769416
12.183333333333334,-47.50954051443927,-9.224031222670968,2.524740958456405,1.967050454440973,-0.34461268825062735,0.10388211239958939,1.9673045864776726,0.3601233084284507,0.004885360832210418,DEPTH_PROPOSAL_CERTIFIED,0.5167644317146146,0,32,0,0,32,FULL_MOTION_CERTIFICATE,0,0,0,35,0,0,0,0,0,,12.25,1.9673411149,0.359923304333,0.00491453359761,0.981065728875,-0.186515411337,0.0521731440583,0.983670557448,0.179961652167,0.0024572667988,1.96393208997,-0.362759809031,0.104320947322,1.9641164639564779,-0.3617182592390917,0.10431887020735041
12.2,-47.47676023086299,-9.22979742779925,2.5264728810808954,1.9668170145770536,-0.34597230769693954,0.10391535746944824,1.9672679464324234,0.3603238052630376,0.004856161068337517,DEPTH_PROPOSAL_CERTIFIED,0.5114214895213063,0,32,0,0,32,FULL_MOTION_CERTIFICATE,0,0,0,35,0,0,0,0,0,,12.25,1.9673411149,0.359923304333,0.00491453359761,0.981065728875,-0.186515411337,0.0521731440583,0.983670557448,0.179961652167,0.0024572667988,1.96393208997,-0.362759809031,0.104320947322,1.9639690482372372,-0.3625596649419493,0.10432094732172627
12.216666666666667,-47.44398425386149,-9.235587644369984,2.528204955683371,1.966558620090399,-0.34741299424396843,0.10392447614851781,1.9672311966864138,0.3605247834500994,0.004826935052319929,DEPTH_PROPOSAL_CERTIFIED,0.5060588140188863,0,32,0,0,32,FULL_MOTION_CERTIFICATE,0,0,0,35,0,0,0,0,0,,12.283333333,1.96726794643,0.360323805263,0.00485616106834,0.943377980398,-0.330685740152,0.0261711169199,0.983633973216,0.180161902632,0.00242808053417,1.96238977707,-0.369208062412,0.103462318538,1.9634062073532133,-0.3649893701177196,0.10403572403316651
12.233333333333333,-47.41121349282142,-9.241405126207416,2.52993644675351,1.9662456624041356,-0.3490489102459752,0.1038894642083583,1.9671943330163093,0.3607262650829876,0.004797689839441136,DEPTH_PROPOSAL_CERTIFIED,0.5006731279074731,0,32,0,0,32,FULL_MOTION_CERTIFICATE,0,0,0,35,0,0,0,0,0,,12.3,1.96723119669,0.36052478345,0.00482693505232,0.943377980398,-0.330685740152,0.0261711169199,0.983615598343,0.180262391725,0.00241346752616,1.96099427489,-0.374813886441,0.102599748487,1.962427578631721,-0.3690070854704587,0.10346231853841235
12.25,-47.37844931373226,-9.247254885296785,2.531666309394709,1.9658507453491512,-0.350985545362137,0.10379175847192912,1.9671573454929276,0.36092830322512065,0.00476843834532853,DEPTH_PROPOSAL_CERTIFIED,0.49525938651697066,0,32,0,0,32,FULL_MOTION_CERTIFICATE,0,0,0,35,0,0,0,0,0,,12.316666666,1.96719433302,0.360726265083,0.00479768983944,0.943377980398,-0.330685740152,0.0261711169199,0.983597166508,0.180363132541,0.00239884491972,1.95918193407,-0.382007084035,0.101446890855,1.961032757278343,-0.3746124937793101,0.10259974848749316
12.266666666666667,-47.345693505180385,-9.253143558139412,2.5333932113444724,1.9653485131125437,-0.3533203705575951,0.10361411698579404,1.9671202188923145,0.3611309795884617,0.00473919893347431,DEPTH_PROPOSAL_CERTIFIED,0.4898109130295657,0,32,0,0,32,FULL_MOTION_CERTIFICATE,0,0,0,35,0,0,0,0,0,,12.333333333,1.96715734549,0.360928303225,0.00476843834533,0.943377980398,-0.330685740152,0.0261711169199,0.983578672746,0.180464151613,0.00238421917266,1.9569521978,-0.39078726647,0.100002417631,1.959221279825932,-0.38180523794218235,0.10144689085494606
12.283333333333333,-47.31294824702747,-9.259079282160062,2.535115553067778,1.9647154891747696,-0.35614344123900205,0.10334050339833735,1.9670829330760229,0.3613344023861864,0.0047099950370518345,DEPTH_PROPOSAL_CERTIFIED,0.484319523393683,0,32,0,0,32,FULL_MOTION_CERTIFICATE,0,0,0,35,0,0,0,0,0,,12.35,1.96712021889,0.361130979588,0.00473919893347,0.943377980398,-0.330685740152,0.0261711169199,0.983560109446,0.180565489794,0.00236959946674,1.95430437761,-0.401153949124,0.0982646853191,1.9569925971339253,-0.3905849035521694,0.10000241763136562
12.3,-47.280216081627366,-9.26507158135912,2.5368314859298726,1.9639299240060855,-0.3595379519434295,0.10295597172566939,1.967045463342964,0.36153870434585006,0.004680854813869787,DEPTH_PROPOSAL_CERTIFIED,0.4787756417040947,0,32,0,0,32,FULL_MOTION_CERTIFICATE,0,0,0,35,0,0,0,0,0,,12.35,1.96712021889,0.361130979588,0.00473919893347,0.943377980398,-0.330685740152,0.0261711169199,0.983560109446,0.180565489794,0.00236959946674,1.95430437761,-0.401153949124,0.0982646853191,1.9543460289481407,-0.4009509825374424,0.09826468531912065
12.316666666666666,-47.24749988750312,-9.27113126042784,2.53853892832079,1.96297164745503,-0.3635807441231837,0.10244654345503439,1.9670077807550934,0.3617440408698983,0.004651810834425244,DEPTH_PROPOSAL_CERTIFIED,0.47316840677022665,0,32,0,0,32,FULL_MOTION_CERTIFICATE,0,0,0,35,0,0,0,0,0,,12.383333333,1.96704546334,0.361538704346,0.00468085481387,0.943377980398,-0.330685740152,0.0261711169199,0.983522731671,0.180769352173,0.00234042740693,1.94775040984,-0.426643924828,0.0938997061419,1.9512806735321537,-0.41290280871618773,0.09623151855328688
12.333333333333334,-47.214802855563725,-9.277270306495383,2.5402355792504534,1.9618219163632382,-0.3683427640526169,0.10179905577979605,1.9669698524391637,0.36195058833056754,0.004622899805384416,DEPTH_PROPOSAL_CERTIFIED,0.4674857705752016,0,32,0,0,32,FULL_MOTION_CERTIFICATE,0,0,0,35,0,0,0,0,0,,12.4,1.96700778076,0.36174404087,0.00465181083443,0.943377980398,-0.330685740152,0.0261711169199,0.983503890378,0.180872020435,0.00232590541721,1.94384047229,-0.44176449537,0.0912633914592,1.94779519704338,-0.4264394071916992,0.0938997061418888
12.35,-47.18212846851381,-9.283501797297593,2.541918927573651,1.960463222995164,-0.373889448132563,0.10100089939187254,1.9669316418670169,0.36215854248483903,0.004594162337068597,DEPTH_PROPOSAL_CERTIFIED,0.4608903637662375,0,32,0,0,32,FULL_MOTION_CERTIFICATE,0,0,0,35,0,0,0,0,0,,12.416666666,1.96696985244,0.361950588331,0.00462289980538,0.943377980398,-0.330685740152,0.0261711169199,0.98348492622,0.180975294165,0.00231144990269,1.93951588826,-0.458401387503,0.0883148190302,1.9438871639046582,-0.44155899390790926,0.0912633914592051
12.366666666666667,-47.1494804684662,-9.289839734176857,2.543586258118615,1.9588800028562472,-0.38027621275582624,0.10003983269780861,1.9668931091183843,0.3623681169867895,0.004565642787572848,DEPTH_PROPOSAL_CERTIFIED,0.45373261933958386,0,32,0,0,32,FULL_MOTION_CERTIFICATE,0,0,0,35,0,0,0,0,0,,12.416666666,1.96696985244,0.361950588331,0.00462289980538,0.943377980398,-0.330685740152,0.0261711169199,0.98348492622,0.180975294165,0.00231144990269,1.93951588826,-0.458401387503,0.0883148190302,1.9395647171614627,-0.45819474115963416,0.08831481903022934
12.383333333333333,-47.116861900445635,-9.296295466072152,2.545235343449475,1.95711408123396,-0.3873439137177076,0.09894511985160889,1.9668542113748069,0.36257954064836234,0.004537389162307923,DEPTH_PROPOSAL_CERTIFIED,0.4467615258928138,0,32,0,0,32,FULL_MOTION_CERTIFICATE,0,0,0,35,0,0,0,0,0,,12.45,1.96689310912,0.362368116987,0.00456564278757,0.943377980398,-0.330685740152,0.0261711169199,0.983446554559,0.181184058493,0.00228282139379,1.93182476003,-0.487989544391,0.0830708814649,1.935569837442056,-0.47356986545266566,0.08558962312797158
12.4,-47.08427519653416,-9.302878011073537,2.546864385550049,1.955202234688375,-0.3949527000830933,0.09774252603443107,1.966814913668226,0.36279299926359315,0.004509440938208553,DEPTH_PROPOSAL_CERTIFIED,0.4399840392605956,0,32,0,0,32,FULL_MOTION_CERTIFICATE,0,0,0,35,0,0,0,0,0,,12.466666666,1.96685421137,0.362579540648,0.00453738916231,0.943377980398,-0.330685740152,0.0261711169199,0.983427105687,0.181289770324,0.00226869458115,1.92841045719,-0.50112453901,0.0807429537076,1.9318777068322406,-0.4877798937407937,0.08307088146486244
12.416666666666666,-47.0517222512693,-9.30959434447637,2.5484719635441495,1.953176715891559,-0.40298000417006324,0.09645467964603499,1.9667751879414779,0.36300864080201045,0.004481830077242263,DEPTH_PROPOSAL_CERTIFIED,0.4334100140302034,0,32,0,0,32,FULL_MOTION_CERTIFICATE,0,0,0,35,0,0,0,0,0,,12.483333333,1.96681491367,0.362792999264,0.00450944093821,0.943377980398,-0.330685740152,0.0261711169199,0.983407456834,0.181396499632,0.0022547204691,1.92525481346,-0.513264459048,0.0785913839776,1.9284653865703996,-0.5009131140311023,0.080742953707602
12.433333333333334,-47.01920448913762,-9.316449656568597,2.550056986872002,1.9510657279005719,-0.4113187255336274,0.09510139967115513,1.9667350122056688,0.36322658006284103,0.0044545819355215855,DEPTH_PROPOSAL_CERTIFIED,0.42705166339667566,0,32,0,0,32,FULL_MOTION_CERTIFICATE,0,0,0,36,0,0,0,0,0,,12.5,1.96677518794,0.363008640802,0.00448183007724,0.943377980398,-0.330685740152,0.0261711169199,0.983387593971,0.181504320401,0.00224091503862,1.92233823366,-0.524484688156,0.0766028119577,1.9253116744105296,-0.5130511261691049,0.07859138397762186
12.45,-46.98672292492688,-9.323447583078064,2.551618653397186,1.9488938526444877,-0.4198755905680336,0.09369999151104637,1.9666943697852288,0.36344690284196235,0.0044277160780239995,DEPTH_PROPOSAL_CERTIFIED,0.42092308871376916,0,32,0,0,32,FULL_MOTION_CERTIFICATE,0,0,0,36,0,0,0,0,0,,12.516666666,1.96673501221,0.363226580063,0.00445458193552,0.943377980398,-0.330685740152,0.0261711169199,0.983367506103,0.181613290031,0.00222729096776,1.91964260703,-0.534854899267,0.0747648894466,1.9223969745202578,-0.5242693439877956,0.07660281195771836
12.466666666666667,-46.95427821763197,-9.330590410946222,2.553156411965218,1.9466824376942065,-0.4285696720894723,0.09226551408191781,1.9666532486422643,0.3636696696586088,0.004401247007977515,DEPTH_PROPOSAL_CERTIFIED,0.4150398712172938,0,32,0,0,32,FULL_MOTION_CERTIFICATE,0,0,0,36,0,0,0,0,0,,12.533333333,1.96669436979,0.363446902842,0.00442771607802,0.943377980398,-0.330685740152,0.0261711169199,0.983347184893,0.181723451421,0.00221385803901,1.91715119439,-0.544439488931,0.0730662033818,1.9197031753007785,-0.5346374666510187,0.07476488944655044
12.483333333333333,-46.92187071854548,-9.337879261846387,2.5546699289793353,1.9444499451900443,-0.4373310540099285,0.09081102084705808,1.9666116407725693,0.36389491908464633,0.004375184819165697,DEPTH_PROPOSAL_CERTIFIED,0.4094187191162433,0,32,0,0,32,FULL_MOTION_CERTIFICATE,0,0,0,36,0,0,0,0,0,,12.533333333,1.96669436979,0.363446902842,0.00442771607802,0.943377980398,-0.330685740152,0.0261711169199,0.983347184893,0.181723451421,0.00221385803901,1.91715119439,-0.544439488931,0.0730662033818,1.9172135366392635,-0.5442199134395008,0.07306620338176824
12.5,-46.88950051410305,-9.34531425563309,2.5561590586005374,1.942212266545571,-0.446099627202133,0.08934777727211428,1.9665695416663276,0.36412267071524235,0.004349535778640736,DEPTH_PROPOSAL_CERTIFIED,0.4040771639042081,0,32,0,0,32,FULL_MOTION_CERTIFICATE,0,0,0,36,0,0,0,0,0,,12.55,1.96665324864,0.363669669659,0.00440124700798,0.943377980398,-0.330685740152,0.0261711169199,0.983326624321,0.181834834829,0.00220062350399,1.91484852513,-0.553297973304,0.0714962056578,1.9149125870829975,-0.5530762201470216,0.07149620565780089
12.516666666666667,-46.85716746400312,-9.352894655712673,2.557623816214129,1.9399830059958127,-0.45482400477490237,0.08788545681549861,1.9665269498272249,0.36435292781604195,0.004324302846618901,DEPTH_PROPOSAL_CERTIFIED,0.3990333003308735,0,32,0,0,32,FULL_MOTION_CERTIFICATE,0,0,0,36,0,0,0,0,0,,12.583333333,1.96656954167,0.364122670715,0.00434953577864,0.943377980398,-0.330685740152,0.0261711169199,0.983284770833,0.182061335358,0.00217476788932,1.91075330516,-0.569052490357,0.0687040174146,1.912786027288763,-0.561261411162683,0.07004514724478851
12.533333333333333,-46.82487123507119,-9.360618998138115,2.5590643548385783,1.9377737359155498,-0.46346054552658716,0.08643231746694302,1.9664838663442106,0.3645856796788089,0.004299486139728061,DEPTH_PROPOSAL_CERTIFIED,0.3943055650170433,0,32,0,0,32,FULL_MOTION_CERTIFICATE,0,0,0,36,0,0,0,0,0,,12.6,1.96652694983,0.364352927816,0.00432430284662,0.943377980398,-0.330685740152,0.0261711169199,0.983263474914,0.182176463908,0.00216215142331,1.90893532449,-0.576046353372,0.0674644883311,1.910820640936341,-0.5688263426971485,0.06870401741456364
12.55,-46.79261133129384,-9.368485206056208,2.5604809441838157,1.935594226640836,-0.4719724750855664,0.08499536071422642,1.9664402945107051,0.3648209037144941,0.004275083343200134,DEPTH_PROPOSAL_CERTIFIED,0.38843799988884486,0,32,0,0,32,FULL_MOTION_CERTIFICATE,0,0,0,36,0,0,0,0,0,,12.616666666,1.96648386634,0.364585679679,0.00429948613973,0.949749483221,-0.308817873487,0.0510630995598,0.983241933172,0.182292839839,0.00214974306986,1.90744793338,-0.581888462293,0.0673833855919,1.909004213489328,-0.575818015705107,0.06746448833108479
12.566666666666666,-46.76038687698901,-9.37648990571122,2.5618752961867264,1.9334672582898302,-0.48028197930063526,0.0836611201746549,1.9663962394865406,0.3650585673098887,0.004251090077062552,DEPTH_PROPOSAL_CERTIFIED,0.378452159710851,0,32,0,0,32,FULL_MOTION_CERTIFICATE,0,0,0,36,0,0,0,0,0,,12.616666666,1.96648386634,0.364585679679,0.00429948613973,0.949749483221,-0.308817873487,0.0510630995598,0.983241933172,0.182292839839,0.00214974306986,1.90744793338,-0.581888462293,0.0673833855919,1.9075182444075582,-0.5816579307244818,0.0673833855918812
12.583333333333334,-46.72819662353378,-9.384628423028758,2.563250340077686,1.9314152073135726,-0.48831103905230694,0.0825026334575858,1.9663517104072532,0.3652986167808224,0.004227476373421094,DEPTH_PROPOSAL_CERTIFIED,0.3696463221811046,0,32,0,0,32,FULL_MOTION_CERTIFICATE,0,0,0,36,0,0,0,0,0,,12.65,1.96639623949,0.36505856731,0.00425109007706,0.949749483221,-0.308817873487,0.0510630995598,0.983198119743,0.182529283655,0.00212554503853,1.90553837011,-0.589775503542,0.0702852556449,1.9063801854032312,-0.5862655680226962,0.06836909550934364
12.6,-46.69603895109044,-9.39289475549908,2.564609957986559,1.9294603466004001,-0.49597994821935776,0.0815770745323853,1.966306720406688,0.36554097727148754,0.004204190635759916,DEPTH_PROPOSAL_CERTIFIED,0.36205498092779587,0,32,0,0,32,FULL_MOTION_CERTIFICATE,0,0,0,36,0,0,0,0,0,,12.65,1.96639623949,0.36505856731,0.00425109007706,0.949749483221,-0.308817873487,0.0510630995598,0.983198119743,0.182529283655,0.00212554503853,1.90553837011,-0.589775503542,0.0702852556449,1.9056110458996935,-0.5895406400573836,0.07028525564493852
12.616666666666667,-46.66391196791866,-9.401281882440939,2.5659583642460677,1.9276189903071295,-0.5032276165114928,0.0809043755705318,1.966261286714813,0.36578555224564774,0.0041811643061022375,DEPTH_PROPOSAL_CERTIFIED,0.3557115099285423,0,32,0,0,32,FULL_MOTION_CERTIFICATE,0,0,0,36,0,0,0,0,0,,12.666666666,1.96635171041,0.365298616781,0.00422747637342,0.949749483221,-0.308817873487,0.0510630995598,0.983175855204,0.18264930839,0.00211373818671,1.90508083955,-0.59188612796,0.0726974482359,1.9051544435292302,-0.5916491696755364,0.07269744823591957
12.633333333333333,-46.631813881889826,-9.40978311328856,2.567299223186807,1.925885161729965,-0.5100738508572417,0.08045153644435701,1.9662154297200778,0.3660322284740021,0.004158322864546051,DEPTH_PROPOSAL_CERTIFIED,0.3506475491144485,0,32,0,0,32,FULL_MOTION_CERTIFICATE,0,0,0,36,0,0,0,0,0,,12.7,1.96626128671,0.365785552246,0.0041811643061,0.949749483221,-0.308817873487,0.0510630995598,0.983130643357,0.182892776123,0.00209058215305,1.90426713672,-0.59563980298,0.0769874521776,1.9047324530885583,-0.5935979098753819,0.07492689910502424
12.65,-46.59974299625331,-9.418392077871083,2.568635708283775,1.9242531381909438,-0.5165378749513776,0.08018910581809033,1.9661691688592504,0.36628089798369823,0.004135601477420896,DEPTH_PROPOSAL_CERTIFIED,0.3468931131821331,0,32,0,0,32,FULL_MOTION_CERTIFICATE,0,0,0,36,0,0,0,0,0,,12.716666666,1.96621542972,0.366032228474,0.00415832286455,0.949749483221,-0.308817873487,0.0510630995598,0.98310771486,0.183016114237,0.00207916143227,1.90390591172,-0.597306162307,0.0788919026274,1.9043424510148865,-0.5953989688998325,0.07698745217763697
12.666666666666666,-46.56769770547231,-9.42710271626995,2.569970555497927,1.9227174468601314,-0.5226383039320397,0.08009083284909559,1.966122522645367,0.36653145791133,0.004112943959504246,DEPTH_PROPOSAL_CERTIFIED,0.34447669439189066,0,32,0,0,32,FULL_MOTION_CERTIFICATE,0,0,0,36,0,0,0,0,0,,12.716666666,1.96621542972,0.366032228474,0.00415832286455,0.949749483221,-0.308817873487,0.0510630995598,0.98310771486,0.183016114237,0.00207916143227,1.90390591172,-0.597306162307,0.0788919026274,1.9039820126242182,-0.5970635374961221,0.07889190262735965
12.683333333333334,-46.535676491143185,-9.435909268374349,2.571306111353228,1.921272859747537,-0.5283931262639591,0.08013335131804611,1.9660755086968036,0.3667838103481149,0.00409030183769733,DEPTH_PROPOSAL_CERTIFIED,0.34342535949867625,0,32,0,0,32,FULL_MOTION_CERTIFICATE,0,0,0,37,0,0,0,0,0,,12.75,1.96612252265,0.366531457911,0.0041129439595,0.949749483221,-0.308817873487,0.0510630995598,0.983061261323,0.183265728956,0.00205647197975,1.90326348511,-0.600269726704,0.0822789041324,1.9036488969738883,-0.5986019587133717,0.08065207663924241
12.7,-46.50367791800937,-9.444806263237933,2.5726443762398596,1.9199143880289422,-0.5338196918150231,0.0802958931979219,1.9660281437671536,0.36703786217927753,0.004067633506754097,DEPTH_PROPOSAL_CERTIFIED,0.343764841009065,0,32,0,0,32,FULL_MOTION_CERTIFICATE,0,0,0,37,0,0,0,0,0,,12.75,1.96612252265,0.366531457911,0.0041129439595,0.949749483221,-0.308817873487,0.0510630995598,0.983061261323,0.183265728956,0.00205647197975,1.90326348511,-0.600269726704,0.0822789041324,1.9033410330620857,-0.6000237915380076,0.08227890413240652
12.716666666666667,-46.471700630079035,-9.45378850832729,2.573987043391426,1.9186372758202583,-0.5389347053614667,0.08056002909397576,1.9659804437756296,0.36729352491938805,0.004044903468520655,DEPTH_PROPOSAL_CERTIFIED,0.34551962298929284,0,32,0,0,32,FULL_MOTION_CERTIFICATE,0,0,0,37,0,0,0,0,0,,12.783333333,1.96602814377,0.367037862179,0.00406763350675,0.949749483221,-0.308817873487,0.0510630995598,0.983014071884,0.18351893109,0.00203381675338,1.90271470886,-0.60280127463,0.0851721622122,1.9030565068743168,-0.6013378706280754,0.08378248702583287
12.733333333333333,-46.43974334685373,-9.462851078739948,2.575335533943394,1.9174369935183353,-0.5437542247595313,0.08090943311808663,1.9659324238377434,0.3675507145451912,0.004022081646883314,DEPTH_PROPOSAL_CERTIFIED,0.34871302167028895,0,32,0,0,32,FULL_MOTION_CERTIFICATE,0,0,0,37,0,0,0,0,0,,12.8,1.96598044378,0.367293524919,0.00404490346852,0.949749483221,-0.308817873487,0.0510630995598,0.982990221888,0.18364676246,0.00202245173426,1.90247109201,-0.603925098314,0.0864565589733,1.9027935494348738,-0.6025523614159234,0.0851721622122395
12.75,-46.40780485967338,-9.47198930645764,2.576691028442149,1.9163092308210106,-0.5482936630615397,0.0813296699253019,1.965884098296062,0.36780935132725223,0.003999142771327704,DEPTH_PROPOSAL_CERTIFIED,0.35336726110678107,0,32,0,0,32,FULL_MOTION_CERTIFICATE,0,0,0,37,0,0,0,0,0,,12.816666666,1.96593242384,0.367550714545,0.00402208164688,0.949749483221,-0.308817873487,0.0510630995598,0.982966211919,0.183775357273,0.00201104082344,1.90224593099,-0.604963783777,0.0876436528763,1.9025505259136486,-0.60367481034604,0.08645655897332795
12.766666666666667,-46.37588402818169,-9.481198769691712,2.5780544951415996,1.9152498895013434,-0.5525677940442377,0.08180800196704524,1.9658354807508476,0.36806935966154264,0.003976065822668543,DEPTH_PROPOSAL_CERTIFIED,0.36099563554901837,0,32,0,0,32,FULL_MOTION_CERTIFICATE,0,0,0,37,0,0,0,0,0,,12.816666666,1.96593242384,0.367550714545,0.00402208164688,0.949749483221,-0.308817873487,0.0510630995598,0.982966211919,0.183775357273,0.00201104082344,1.90224593099,-0.604963783777,0.0876436528763,1.902325925401405,-0.6047121920331513,0.08764365287631376
12.783333333333333,-46.34397977691478,-9.49047528236861,2.579426715393481,1.9142550760147508,-0.5565907606139011,0.08233321511290843,1.9657865840904378,0.36833066790194363,0.003952833535072071,DEPTH_PROPOSAL_CERTIFIED,0.36996089780775043,0,32,0,0,32,FULL_MOTION_CERTIFICATE,0,0,0,37,0,0,0,0,0,,12.85,1.96583548075,0.368069359662,0.00397606582267,0.949749483221,-0.308817873487,0.0510630995598,0.982917740375,0.184034679831,0.00198803291133,1.90184548964,-0.606811051175,0.0897548597269,1.90211835147832,-0.6056709527637969,0.08874081549243978
12.8,-46.31209109201453,-9.499814883794933,2.5808083064087644,1.9133210940148113,-0.5603760855793065,0.08289546091699827,1.9657374205212272,0.36859320819449487,0.003929431949028037,DEPTH_PROPOSAL_CERTIFIED,0.3796902121051958,0,32,0,0,32,FULL_MOTION_CERTIFICATE,0,0,0,37,0,0,0,0,0,,12.85,1.96583548075,0.368069359662,0.00397606582267,0.949749483221,-0.308817873487,0.0510630995598,0.982917740375,0.184034679831,0.00198803291133,1.90184548964,-0.606811051175,0.0897548597269,1.9019265136155494,-0.6065570501572494,0.08975485972689388
12.816666666666666,-46.28021701806746,-9.509213828535415,2.5821997416430547,1.9124444368246276,-0.563936684428989,0.08348611405742754,1.965688001597143,0.3688569163140735,0.0039058500104277236,DEPTH_PROPOSAL_CERTIFIED,0.39018121871726785,0,32,0,0,32,FULL_MOTION_CERTIFICATE,0,0,0,37,0,0,0,0,0,,12.866666666,1.96578658409,0.368330667902,0.00395283353507,0.949749483221,-0.308817873487,0.0510630995598,0.982893292045,0.184165333951,0.00197641676754,1.90166772274,-0.607631103854,0.0906920823707,1.901749219104387,-0.6073759903951182,0.090692082370665
12.833333333333334,-46.24835665506888,-9.51866857653112,2.5836013690355477,1.9116217799145465,-0.5672848797422669,0.08409764354957792,1.9656383382485245,0.36912173150408856,0.003882079211330403,DEPTH_PROPOSAL_CERTIFIED,0.4014307645405245,0,32,0,0,32,FULL_MOTION_CERTIFICATE,0,0,0,37,0,0,0,0,0,,12.9,1.9656880016,0.368856916314,0.00390585001043,0.949749483221,-0.308817873487,0.0510630995598,0.982844000799,0.184428458157,0.00195292500521,1.90135157024,-0.60908954015,0.0923589015339,1.9015853656115587,-0.6081328625642555,0.09155830335381224
12.85,-46.21650915551162,-9.528175783479128,2.585013427309334,1.9108499734355706,-0.570432416880547,0.08472349642717755,1.9655884408103297,0.3693875963196717,0.003858113268406265,DEPTH_PROPOSAL_CERTIFIED,0.41343495764851046,0,32,0,0,32,FULL_MOTION_CERTIFICATE,0,0,0,37,0,0,0,0,0,,12.916666666,1.96563833825,0.369121731504,0.00388207921133,0.949749483221,-0.308817873487,0.0510630995598,0.982819169124,0.184560865752,0.00194103960567,1.90121122147,-0.609736980035,0.0930988482911,1.901433934392065,-0.6088323699675672,0.09235890153389344
12.866666666666667,-46.18467372159769,-9.53773229149107,2.5864360605223427,1.910126034835787,-0.5733904807165222,0.08535799278050397,1.9655383190496072,0.3696544564747444,0.003833947835422947,DEPTH_PROPOSAL_CERTIFIED,0.42618921958314127,0,32,0,0,32,FULL_MOTION_CERTIFICATE,0,0,0,37,0,0,0,0,0,,12.916666666,1.96563833825,0.369121731504,0.00388207921133,0.949749483221,-0.308817873487,0.0510630995598,0.982819169124,0.184560865752,0.00194103960567,1.90121122147,-0.609736980035,0.0930988482911,1.9012939839184273,-0.6094788595154176,0.09309884829108593
12.883333333333333,-46.15284960257117,-9.547335120043568,2.5878693310405763,1.9094471415909675,-0.5761697131499735,0.08599623109402936,1.9654879821921887,0.36992226069327744,0.0038095802464646854,DEPTH_PROPOSAL_CERTIFIED,0.43968833531892715,0,32,0,0,32,FULL_MOTION_CERTIFICATE,0,0,0,37,0,0,0,0,0,,12.95,1.96553831905,0.369654456475,0.00383394783542,0.949749483221,-0.308817873487,0.0510630995598,0.982769159525,0.184827228237,0.00191697391771,1.90096161588,-0.610888430242,0.0944148188802,1.9011646440041696,-0.6100763488380805,0.09378273851903951
12.9,-46.12103609216984,-9.556981457229723,2.5893132310888434,1.9088106240800093,-0.5787802311692514,0.08663400289601222,1.9654374389485596,0.3701909605649831,0.0037850092868802394,DEPTH_PROPOSAL_CERTIFIED,0.453926500860383,0,32,0,0,32,FULL_MOTION_CERTIFICATE,0,0,0,37,0,0,0,0,0,,12.95,1.96553831905,0.369654456475,0.00383394783542,0.949749483221,-0.308817873487,0.0510630995598,0.982769159525,0.184827228237,0.00191697391771,1.90096161588,-0.610888430242,0.0944148188802,1.901045110446321,-0.6106285510044402,0.09441481888020284
12.916666666666666,-46.08923235502569,-9.566667632543638,2.5907695553010095,1.9082242286487694,-0.5811705188349597,0.08737945272997177,1.9653866975388925,0.3704605104056182,0.003760234989242721,DEPTH_PROPOSAL_CERTIFIED,0.4688968076637223,0,32,0,0,32,FULL_MOTION_CERTIFICATE,0,0,0,37,0,0,0,0,0,,12.966666666,1.96548798219,0.369922260693,0.00380958024646,0.954933643744,-0.27834692685,0.103076303577,0.982743991096,0.184961130347,0.00190479012323,1.90098648415,-0.61059273981,0.0964739407043,1.9010702043876406,-0.6103320283566038,0.09647394070427884
12.933333333333334,-46.057437433385786,-9.57638916720547,2.5922417550116807,1.9076952983943902,-0.5832920797099264,0.08833198264025907,1.9653357689860957,0.3707308501276931,0.003735225218045776,DEPTH_PROPOSAL_CERTIFIED,0.4845908122765751,0,32,0,0,32,FULL_MOTION_CERTIFICATE,0,0,0,38,0,0,0,0,0,,13,1.96538669754,0.370460510406,0.00376023498924,0.954933643744,-0.27834692685,0.103076303577,0.982693348769,0.185230255203,0.00188011749462,1.90148113613,-0.607404022715,0.104841319681,1.901242349290965,-0.6091751223845183,0.0999528475457635
12.95,-46.025650252162265,-9.586140815116108,2.5937347998448783,1.9072308734111763,-0.5850988746383742,0.08958268999184753,1.9652846669624968,0.37100190607171485,0.0037099182284497105,DEPTH_PROPOSAL_CERTIFIED,0.5009980908060647,0,32,0,0,32,FULL_MOTION_CERTIFICATE,0,0,0,38,0,0,0,0,0,,13.016666666,1.96533576899,0.370730850128,0.00373522521805,0.954933643744,-0.27834692685,0.103076303577,0.982667884493,0.185365425064,0.00186761260902,1.9019599175,-0.604467884609,0.111121557297,1.9015648886159657,-0.6071417727654391,0.10484131968122766
12.966666666666667,-45.993869620702164,-9.595916586862417,2.5952550402176024,1.9068378876057865,-0.5865463047784922,0.09121442236345274,1.9652334076655396,0.37127359168235036,0.0036842250989168566,DEPTH_PROPOSAL_CERTIFIED,0.5164024413697721,0,32,0,0,33,FULL_MOTION_CERTIFICATE,0,0,0,38,0,0,0,0,0,,13.033333333,1.96528466696,0.371001906072,0.00370991822845,0.954933643744,-0.27834692685,0.103076303577,0.982642333481,0.185500953036,0.00185495911422,1.90255896069,-0.600848639771,0.1183208794,1.9020434607800327,-0.6042049524879323,0.11112155729703531
12.983333333333333,-45.96209428686792,-9.605710084365818,2.5968095059148677,1.9065200300550924,-0.5876098502040908,0.09326794183590988,1.9651820097461525,0.371545807903751,0.0036580321515921805,DEPTH_PROPOSAL_CERTIFIED,0.5182417253419964,0,32,0,0,33,FULL_MOTION_CERTIFICATE,0,0,0,38,0,0,0,0,0,,13.05,1.96523340767,0.371273591682,0.00368422509892,0.954933643744,-0.27834692685,0.103076303577,0.982616703833,0.185636795841,0.00184211254946,1.90311262183,-0.597503580153,0.124974798302,1.9026421679366228,-0.6005851043963946,0.11832087939988847
13.0,-45.930323150676536,-9.615515740581236,2.5984040055218127,1.9062681714827674,-0.5883393729250427,0.09566997641669132,1.9651304932370164,0.37181844876083736,0.0036312134508907235,DEPTH_PROPOSAL_CERTIFIED,0.5159767577568138,0,32,0,0,33,FULL_MOTION_CERTIFICATE,0,0,0,38,0,0,0,0,0,,13.05,1.96523340767,0.371273591682,0.00368422509892,0.954933643744,-0.27834692685,0.103076303577,0.982616703833,0.185636795841,0.00184211254946,1.90311262183,-0.597503580153,0.124974798302,1.9031954969004032,-0.5972395501206547,0.12497479830222348
13.016666666666667,-45.89855524842936,-9.625328730296186,2.6000432711081056,1.9060741348303973,-0.588779382896939,0.09835593517756017,1.9650788755790516,0.37209142203679296,0.003603664746872879,DEPTH_PROPOSAL_CERTIFIED,0.5146662010496469,0,32,0,0,34,FULL_MOTION_CERTIFICATE,0,0,0,38,0,0,0,0,0,,13.066666666,1.96518200975,0.371545807904,0.00365803215159,0.954933643744,-0.27834692685,0.103076303577,0.982591004873,0.185772903952,0.0018290160758,1.9036243389,-0.594411934333,0.13112463206,1.9037068876714822,-0.5941475045540734,0.13112463206015834
13.033333333333333,-45.866789579350716,-9.635142587640813,2.6017310509269054,1.9059401447188158,-0.5888314406776034,0.1012667891279994,1.9650271718968086,0.37236464779913586,0.0035753009180872855,DEPTH_PROPOSAL_CERTIFIED,0.5143152049328048,0,32,0,0,36,FULL_MOTION_CERTIFICATE,0,0,0,38,0,0,0,0,0,,13.1,1.96507887558,0.372091422037,0.00360366474687,0.98253943779,0.186045711018,0.00180183237344,0.98253943779,0.186045711018,0.00180183237344,1.90490917974,-0.583465104522,0.141927599657,1.9043054653575215,-0.5894665456017094,0.1367792073233603
13.05,-45.83502510953331,-9.644949334704554,2.6034701701529386,1.905868189044163,-0.5884048238244706,0.10434715356198668,1.9649754026839887,0.3726380178475929,0.0035460543585216263,DEPTH_PROPOSAL_CERTIFIED,0.5149280965477134,0,32,0,0,36,FULL_MOTION_CERTIFICATE,0,0,0,38,0,0,0,0,0,,13.116666666,1.9650271719,0.372364647799,0.00357530091809,0.982513585948,0.1861823239,0.00178765045904,0.982513585948,0.1861823239,0.00178765045904,1.90568050176,-0.575616818304,0.146558822517,1.9049903298133999,-0.5832000982162504,0.14192759965662946
13.066666666666666,-45.80326077560487,-9.654739600536589,2.6052625869407833,1.9058600357064857,-0.5874159499221349,0.10754500727069324,1.9649235934131761,0.37291139789349564,0.0035158739126327173,DEPTH_PROPOSAL_CERTIFIED,0.5165079619757584,0,32,0,0,36,FULL_MOTION_CERTIFICATE,0,0,0,38,0,0,0,0,0,,13.133333333,1.96497540268,0.372638017848,0.00354605435852,0.982487701342,0.186319008924,0.00177302717926,0.982487701342,0.186319008924,0.00177302717926,1.90653652439,-0.566190066642,0.150661791788,1.905760564986821,-0.5753516883136389,0.14655882251691574
13.083333333333334,-45.77149548814145,-9.664502731273835,2.60710944411312,1.9059172478050443,-0.5857878442347442,0.11081143034018402,1.9648717741743713,0.37318462957663584,0.0034847238924693258,DEPTH_PROPOSAL_CERTIFIED,0.5190562581338615,0,32,0,0,36,FULL_MOTION_CERTIFICATE,0,0,0,38,0,0,0,0,0,,13.15,1.96492359341,0.372911397893,0.00351587391263,0.982461796707,0.186455698947,0.00175793695632,0.982461796707,0.186455698947,0.00175793695632,1.90747629153,-0.555188598451,0.154225286584,1.9066152354074593,-0.5659249548485793,0.15066179178796935
13.1,-45.739728134852236,-9.674226892092426,2.6090111167605117,1.9060411973530125,-0.5834496491154563,0.11410035884351777,1.964819979340063,0.3734575323320689,0.0034525831714982435,DEPTH_PROPOSAL_CERTIFIED,0.5225724523117778,0,32,0,0,36,FULL_MOTION_CERTIFICATE,0,0,0,38,0,0,0,0,0,,13.15,1.96492359341,0.372911397893,0.00351587391263,0.982461796707,0.186455698947,0.00175793695632,0.982461796707,0.186455698947,0.00175793695632,1.90747629153,-0.555188598451,0.154225286584,1.9075533818382246,-0.554923668660142,0.15422528658419202
13.116666666666667,-45.70795758355857,-9.68389916162308,2.6109672560134993,1.9062330776200602,-0.5803361718391609,0.11736835517924715,1.9647682472547277,0.3737299051185512,0.003419444350239935,DEPTH_PROPOSAL_CERTIFIED,0.5270536869403664,0,32,0,0,36,FULL_MOTION_CERTIFICATE,0,0,0,38,0,0,0,0,0,,13.166666666,1.96487177417,0.373184629577,0.00348472389247,0.982435887087,0.186592314788,0.00174236194623,0.982435887087,0.186592314788,0.00174236194623,1.90849881708,-0.54261631271,0.157237910475,1.908574016878042,-0.5423517490683587,0.1572379104751435
13.133333333333333,-45.676182684989065,-9.693505619423064,2.6129768292238134,1.9064939141700241,-0.5763874679990423,0.12057439261884685,1.964716619946793,0.37400152801935743,0.003385312989183604,DEPTH_PROPOSAL_CERTIFIED,0.5324944674823526,0,32,0,0,36,FULL_MOTION_CERTIFICATE,0,0,0,38,0,0,0,0,0,,13.2,1.96476824725,0.373729905119,0.00341944435024,0.982384123627,0.186864952559,0.00170972217512,0.982384123627,0.186864952559,0.00170972217512,1.91078801803,-0.512775748212,0.161563824651,1.909676120079585,-0.528213281149593,0.15968804938196565
13.15,-45.6444022754125,-9.703031427065858,2.615038156767502,1.9068245745934467,-0.571548458567629,0.12367965262131432,1.9646651428612414,0.374272163725426,0.0033502069048729614,DEPTH_PROPOSAL_CERTIFIED,0.5388863716151331,0,32,0,0,36,FULL_MOTION_CERTIFICATE,0,0,0,38,0,0,0,0,0,,13.216666666,1.96471661995,0.374001528019,0.00338531298918,0.982358309973,0.18700076401,0.00169265649459,0.982358309973,0.18700076401,0.00169265649459,1.91205252114,-0.495516210745,0.162853043404,1.910858631759202,-0.5125125435043909,0.16156382465141542
13.166666666666666,-45.61261517912903,-9.712460903362828,2.6171489456631893,1.9072257770086392,-0.5657685778182905,0.12664733374124698,1.9646138646111182,0.3745415589102495,0.0033141555254762004,DEPTH_PROPOSAL_CERTIFIED,0.5462177781308131,0,32,0,0,36,FULL_MOTION_CERTIFICATE,0,0,0,38,0,0,0,0,0,,13.233333333,1.96466514286,0.374272163725,0.00335020690487,0.982332571431,0.187136081863,0.00167510345244,0.982332571431,0.187136081863,0.00167510345244,1.91339542389,-0.476703389433,0.163543142865,1.912120446473988,-0.4952540326763563,0.16285304340442758
13.183333333333334,-45.58082021083991,-9.721777594195466,2.619306320176458,1.907698097347206,-0.5590014499581951,0.12944247079611235,1.9645628367463488,0.3748094455051395,0.0032771993024976517,DEPTH_PROPOSAL_CERTIFIED,0.5562394306093534,0,32,0,0,36,FULL_MOTION_CERTIFICATE,0,0,0,39,0,0,0,0,0,,13.25,1.96461386461,0.37454155891,0.00331415552548,0.982306932306,0.187270779455,0.00165707776274,0.982306932306,0.187270779455,0.00165707776274,1.91481549579,-0.45634229858,0.16362112767,1.9134604054777213,-0.4764424900650355,0.16354314286546806
13.2,-45.54901617791732,-9.730964337419707,2.6215068495595166,1.9082419753551967,-0.5512045934545362,0.13203176298350625,1.9645121135383772,0.3750755418828943,0.003239389175680381,DEPTH_PROPOSAL_CERTIFIED,0.5683561300700359,0,32,0,0,36,FULL_MOTION_CERTIFICATE,0,0,0,39,0,0,0,0,0,,13.25,1.96461386461,0.37454155891,0.00331415552548,0.982306932306,0.187270779455,0.00165707776274,0.982306932306,0.187270779455,0.00165707776274,1.91481549579,-0.45634229858,0.16362112767,1.9148772870526842,-0.45608294410989186,0.1636211276697136
13.216666666666667,-45.517201882595266,-9.740003323265139,2.623746573054618,1.9088577193233907,-0.5423391507259622,0.13438340970607848,1.9644617517791771,0.37533955395761465,0.0032007860885342916,DEPTH_PROPOSAL_CERTIFIED,0.5813838808707241,0,32,0,0,36,FULL_MOTION_CERTIFICATE,0,0,0,39,0,0,0,0,0,,13.283333333,1.96451211354,0.375075541883,0.00323938917568,0.982281418373,0.187404722753,0.00163859965125,0.982256056769,0.187537770941,0.00161969458784,1.91788211721,-0.410997082908,0.161886122875,1.916369795735358,-0.4341807494373652,0.16307349972145826
13.233333333333333,-45.48537612374454,-9.748876150673537,2.6260210221976603,1.909545531043981,-0.5323696445038986,0.1364669485825416,1.9644118105933195,0.3756011762077592,0.003161460552290453,DEPTH_PROPOSAL_CERTIFIED,0.595288187344359,0,32,0,0,36,FULL_MOTION_CERTIFICATE,0,0,0,39,0,0,0,0,0,,13.283333333,1.96451211354,0.375075541883,0.00323938917568,0.982281418373,0.187404722753,0.00163859965125,0.982256056769,0.187537770941,0.00161969458784,1.91788211721,-0.410997082908,0.161886122875,1.917936834035185,-0.4107416685947151,0.16188612287539325
13.25,-45.45353769939994,-9.757563879827028,2.628325240723046,1.9103054606757641,-0.5212637492094888,0.13825311152313643,1.9643623512614523,0.37586009263110526,0.0031214922577386043,DEPTH_PROPOSAL_CERTIFIED,0.6100302531389474,0,32,0,0,36,FULL_MOTION_CERTIFICATE,0,0,0,39,0,0,0,0,0,,13.316666666,1.96441181059,0.375601176208,0.00316146055229,0.982205905297,0.187800588104,0.00158073027615,0.982205905297,0.187800588104,0.00158073027615,1.9212406734,-0.35952815833,0.157532487505,1.9195766021835166,-0.3857718266176976,0.16004429939839226
13.266666666666667,-45.421685408858,-9.766047081387963,2.6306538018948737,1.9111374325161552,-0.508992093656063,0.13971367030965834,1.9643134370551667,0.3761159776319586,0.003080969729613225,DEPTH_PROPOSAL_CERTIFIED,0.6255669271763504,0,32,0,0,36,FULL_MOTION_CERTIFICATE,0,0,0,39,0,0,0,0,0,,13.333333333,1.96436235126,0.375860092631,0.00312149225774,0.982181175631,0.187930046316,0.00156074612887,0.982181175631,0.187930046316,0.00156074612887,1.92302513334,-0.331514344158,0.154334233309,1.9212874889689258,-0.3592778959042757,0.1575324875052247
13.283333333333333,-45.389818054804984,-9.774305882752945,2.6330008233735183,1.9120412431811118,-0.49552808189885383,0.14082128871868993,1.9642651330807985,0.3763684968534303,0.0030399900267919335,DEPTH_PROPOSAL_CERTIFIED,0.6418506722512822,0,32,0,0,36,FULL_MOTION_CERTIFICATE,0,0,0,39,0,0,0,0,0,,13.35,1.96431343706,0.376115977632,0.00308096972961,0.982156718528,0.188057988816,0.00154048486481,0.982156718528,0.188057988816,0.00154048486481,1.924877153,-0.301991339313,0.150432020877,1.923067733293583,-0.33126713846089173,0.15433423330887627
13.3,-45.35793444551722,-9.782320011695793,2.63535997961499,1.913016557265692,-0.4808477365708486,0.14154937448828692,1.9642175061314993,0.3766173079584036,0.0029986584864318904,DEPTH_PROPOSAL_CERTIFIED,0.6588295539984494,0,32,0,0,36,FULL_MOTION_CERTIFICATE,0,0,0,39,0,0,0,0,0,,13.366666666,1.96426513308,0.376368496853,0.00303999002679,0.98213256654,0.188184248427,0.0015199950134,0.98213256654,0.188184248427,0.0015199950134,1.92679453078,-0.270967941357,0.14580709101,1.9249153890975719,-0.3017475235691943,0.15043202087736968
13.316666666666666,-45.32603339718704,-9.790068837761087,2.6377245117611596,1.9140628998113471,-0.46492956391766854,0.1418719287702045,1.9641706245463812,0.37686206136544254,0.0029570885121834893,DEPTH_PROPOSAL_CERTIFIED,0.6764472480134174,0,32,0,0,36,FULL_MOTION_CERTIFICATE,0,0,0,39,0,0,0,0,0,,13.383333333,1.96421750613,0.376617307958,0.00299865848643,0.982108753066,0.188308653979,0.00149932924322,0.982108753066,0.188308653979,0.00149932924322,1.92877476533,-0.238453948361,0.14043922142,1.9268282788683404,-0.27072785754885975,0.14580709100959907
13.333333333333334,-45.294113736448146,-9.79753141178439,2.6400872349334032,1.9151796443335996,-0.4477544413981847,0.14176339033461513,1.964124558075597,0.3771024009456528,0.0029154014073267806,DEPTH_PROPOSAL_CERTIFIED,0.6946430629751206,0,32,0,0,36,FULL_MOTION_CERTIFICATE,0,0,0,39,0,0,0,0,0,,13.383333333,1.96421750613,0.376617307958,0.00299865848643,0.982108753066,0.188308653979,0.00149932924322,0.982108753066,0.188308653979,0.00149932924322,1.92877476533,-0.238453948361,0.14043922142,1.9288039275050777,-0.23821794666049334,0.1404392214204249
13.35,-45.26217430321379,-9.804686503967146,2.642440542792161,1.9163659940615005,-0.429305530965336,0.1411984715254756,1.9640793777501762,0.3773379646866929,0.002873726254496075,DEPTH_PROPOSAL_CERTIFIED,0.7133519777016888,0,32,0,0,36,FULL_MOTION_CERTIFICATE,0,0,0,39,0,0,0,0,0,,13.416666666,1.96412455808,0.377102400946,0.00291540140733,0.982062279038,0.188551200473,0.00145770070366,0.982062279038,0.188551200473,0.00145770070366,1.93291162383,-0.168999775574,0.12738480863,1.9308394607418928,-0.20422882368456807,0.13430646205397284
13.366666666666667,-45.230213954016875,-9.811512640957693,2.644776409157364,1.9176209518147056,-0.40956821943283117,0.14015198191215805,1.964035155755274,0.3775683853309186,0.002832199844560588,DEPTH_PROPOSAL_CERTIFIED,0.7325046901294141,0,32,0,0,36,FULL_MOTION_CERTIFICATE,0,0,0,39,0,0,0,0,0,,13.433333333,1.96407937775,0.377337964687,0.0028737262545,0.982039688875,0.188668982343,0.00143686312725,0.982039688875,0.188668982343,0.00143686312725,1.93506039701,-0.13208648597,0.119647807598,1.9329314364038075,-0.16877301873628525,0.1273848086296848
13.383333333333333,-45.19823275153778,-9.81800700066956,2.6470877788067537,1.9188721487459295,-0.3896615827121016,0.13868217896340887,1.9639919653054652,0.3777932909948088,0.0027909666584479778,DEPTH_PROPOSAL_CERTIFIED,0.7516364971207723,0,32,0,0,36,FULL_MOTION_CERTIFICATE,0,0,0,39,0,0,0,0,0,,13.45,1.96403515576,0.377568385331,0.00283219984456,0.982017577878,0.188784192665,0.00141609992228,0.982017577878,0.188784192665,0.00141609992228,1.93724717584,-0.093779790354,0.110997158245,1.9350755092443612,-0.13186490574793663,0.11964780759794902
13.4,-45.16623098069338,-9.824170107022645,2.649368176440473,1.920106250664277,-0.3697863811851202,0.13682385802313882,1.9639498183665633,0.3780126288793885,0.00275015374765096,DEPTH_PROPOSAL_CERTIFIED,0.7638181078003383,0,32,0,0,36,FULL_MOTION_CERTIFICATE,0,0,0,39,0,0,0,0,0,,13.45,1.96403515576,0.377568385331,0.00283219984456,0.982017577878,0.188784192665,0.00141609992228,0.982017577878,0.188784192665,0.00141609992228,1.93724717584,-0.093779790354,0.110997158245,1.9372576366549656,-0.09356344694933127,0.1109971582447059
13.416666666666666,-45.134208880235704,-9.830002469306303,2.651612432982983,1.9213260274605366,-0.34994173701945785,0.1346553925506205,1.9639087158845219,0.37822640340787134,0.0027098778488601765,DEPTH_PROPOSAL_CERTIFIED,0.7757190273587544,0,32,0,0,36,FULL_MOTION_CERTIFICATE,0,0,0,39,0,0,0,0,0,,13.483333333,1.96394981837,0.378012628879,0.00275015374765,0.981974909183,0.18900631444,0.00137507687383,0.981974909183,0.18900631444,0.00137507687383,1.94132025555,-0.022070102804,0.0946207504503,1.9393381875676954,-0.056900494492478804,0.10263416752189698
13.433333333333334,-45.10216664928021,-9.835504556616153,2.653816386723553,1.922533857329885,-0.33012523859093945,0.13223722443419905,1.9638686588192418,0.37843461887999635,0.002670232324155645,DEPTH_PROPOSAL_CERTIFIED,0.7873297971081379,0,32,0,0,36,FULL_MOTION_CERTIFICATE,0,0,0,40,0,0,0,0,0,,13.5,1.96390871588,0.378226403408,0.00270987784886,0.981954357942,0.189113201704,0.00135493892443,0.981954357942,0.189113201704,0.00135493892443,1.94321312393,0.0113472460525,0.0869691036196,1.9413225844447468,-0.02186428993068462,0.09462075045031398
13.45,-45.07010445561197,-9.840676791333173,2.655976638425089,1.9237316200946022,-0.31033408302126986,0.12961510209217392,1.9638296482249373,0.3786372790051838,0.002631292509155945,DEPTH_PROPOSAL_CERTIFIED,0.7986418945398059,0,32,0,0,36,FULL_MOTION_CERTIFICATE,0,0,0,40,0,0,0,0,0,,13.516666666,1.96386865882,0.37843461888,0.00267023232416,0.98193432941,0.18921730944,0.00133511616208,0.98193432941,0.18921730944,0.00133511616208,1.94501103661,0.0431414436328,0.0796837183717,1.9432119426622918,0.011547766908721058,0.08696910361963994
13.466666666666667,-45.03802244228794,-9.84551954981151,2.6580903745324957,1.924920799441674,-0.2905655087001272,0.1268241664444032,1.9637916852702126,0.3788343867598819,0.002593120097914443,DEPTH_PROPOSAL_CERTIFIED,0.8096476548769926,0,32,0,0,36,FULL_MOTION_CERTIFICATE,0,0,0,40,0,0,0,0,0,,13.533333333,1.96382964822,0.378637279005,0.00263129250916,0.981914824112,0.189318639503,0.00131564625458,0.981914824112,0.189318639503,0.00131564625458,1.94671423764,0.0733129693208,0.0727667582878,1.9450066969092583,0.04333665489912397,0.07968371837171404
13.483333333333333,-45.005920732694754,-9.850033165859754,2.6601552390857353,1.9261025755910706,-0.27081696289471335,0.12389187319437792,1.963754771235087,0.3790259443758531,0.002555766308431482,DEPTH_PROPOSAL_CERTIFIED,0.8203402082556481,0,32,0,0,36,FULL_MOTION_CERTIFICATE,0,0,0,40,0,0,0,0,0,,13.55,1.96379168527,0.37883438676,0.00259312009791,0.981895842635,0.18941719338,0.00129656004896,0.981895842635,0.18941719338,0.00129656004896,1.94832288904,0.101862088945,0.0662194425344,1.9467070773513309,0.07350285352568126,0.07276675828780667
13.5,-44.973799434426326,-9.854217935087169,2.662169239473373,1.9272778961055892,-0.25108615364482145,0.12084002325826185,1.9637189074991352,0.3792119533823123,0.002519274175899606,DEPTH_PROPOSAL_CERTIFIED,0.8307134267423049,0,32,0,0,36,FULL_MOTION_CERTIFICATE,0,0,0,40,0,0,0,0,0,,13.55,1.96379168527,0.37883438676,0.00259312009791,0.981895842635,0.18941719338,0.00129656004896,0.981895842635,0.18941719338,0.00129656004896,1.94832288904,0.101862088945,0.0662194425344,1.9483132321750418,0.10204662874661796,0.06621944253435114
13.516666666666667,-44.94165864228419,-9.85807411926694,2.664130675933608,1.9284475285282376,-0.23137105078621775,0.11768618761406512,1.963684095526936,0.37939241466722273,0.0024836802398853926,DEPTH_PROPOSAL_CERTIFIED,0.8407618776358592,0,32,0,0,36,FULL_MOTION_CERTIFICATE,0,0,0,40,0,0,0,0,0,,13.583333333,1.9637189075,0.379211953382,0.0025192741759,0.98185945375,0.189605976691,0.00125963708795,0.98185945375,0.189605976691,0.00125963708795,1.95125702109,0.154093717777,0.0542365364506,1.9498252717781492,0.12896814543964535,0.0600425319248745
13.533333333333333,-44.90949844062616,-9.861601950363816,2.6660380880034436,1.9296120994818813,-0.21166986581258543,0.11444472419014556,1.9636503368535538,0.37956732854199393,0.0024490158062223646,DEPTH_PROPOSAL_CERTIFIED,0.8504807808503323,0,32,0,0,36,FULL_MOTION_CERTIFICATE,0,0,0,40,0,0,0,0,0,,13.6,1.96368409553,0.379392414667,0.00248368023989,0.981842047763,0.189696207334,0.00124184011994,0.981842047763,0.189696207334,0.00124184011994,1.95258270357,0.177776416422,0.0488018190855,1.9512432880665291,0.1542675175407973,0.0542365364505569
13.55,-44.877318905227646,-9.864801634103085,2.6678902132820475,1.9307721239104614,-0.19198102435605968,0.11112751671624073,1.9636176330711794,0.3797366948026775,0.00241530790539609,DEPTH_PROPOSAL_CERTIFIED,0.859865968984449,0,32,0,0,36,FULL_MOTION_CERTIFICATE,0,0,0,40,0,0,0,0,0,,13.616666666,1.96365033685,0.379567328542,0.00244901580622,0.981825168427,0.189783664271,0.00122450790311,0.981825168427,0.189783664271,0.00122450790311,1.95381425498,0.199837118129,0.0437386491331,1.9525673635355596,0.1779448210942951,0.048801819085527054
13.566666666666666,-44.84512010477534,-9.86767335306288,2.669685955298609,1.9319280271383927,-0.1723031375876897,0.10774452099368634,1.9635859858173084,0.3799005127849485,0.0023825800304146686,DEPTH_PROPOSAL_CERTIFIED,0.8689138491767161,0,32,0,0,36,FULL_MOTION_CERTIFICATE,0,0,0,40,0,0,0,0,0,,13.633333333,1.96361763307,0.379736694803,0.0024153079054,0.981808816536,0.189868347401,0.0012076539527,0.981808816536,0.189868347401,0.0012076539527,1.9549517681,0.22027586749,0.0390472329278,1.953797577075144,0.2000001114487754,0.043738649133097794
13.583333333333334,-44.81290210208098,-9.870217269316814,2.671424358226922,1.9330801616615305,-0.15263497523599956,0.10430417569877878,1.9635553967645145,0.38005878141213667,0.002350852711644921,DEPTH_PROPOSAL_CERTIFIED,0.8776213661507517,0,32,0,0,36,FULL_MOTION_CERTIFICATE,0,0,0,40,0,0,0,0,0,,13.65,1.96358598582,0.379900512785,0.00238258003041,0.981777698382,0.190029390706,0.00117542635582,0.981792992909,0.189950256392,0.00119129001521,1.95599475475,0.239092742143,0.0347277914224,1.9549340077717472,0.2204334335935723,0.03904723292775409
13.6,-44.780664955568334,-9.872433526632987,2.673104586883961,1.9342287907590328,-0.1329754389703927,0.10081371942235665,1.9635258676117116,0.38021149923646186,0.0023201439690430535,DEPTH_PROPOSAL_CERTIFIED,0.8879975286681141,0,32,0,0,36,FULL_MOTION_CERTIFICATE,0,0,0,40,0,0,0,0,0,,13.666666666,1.96355539676,0.380058781412,0.00235085271164,0.981777698382,0.190029390706,0.00117542635582,0.981777698382,0.190029390706,0.00117542635582,1.95694402388,0.256287709111,0.0307803898226,1.9559761538040616,0.2392448655602865,0.034727791422428454
13.616666666666667,-44.74840871949415,-9.874322252395226,2.674725910694605,1.9353741644509523,-0.11332354573432057,0.09727942863863213,1.9634974000772178,0.38035866447170397,0.0022904696697417346,DEPTH_PROPOSAL_CERTIFIED,0.8994324536537055,0,32,0,0,36,FULL_MOTION_CERTIFICATE,0,0,0,40,0,0,0,0,0,,13.683333333,1.96352586761,0.380211499236,0.00232014396904,0.981762933806,0.190105749618,0.00116007198452,0.981762933806,0.190105749618,0.00116007198452,1.95779967031,0.271860790794,0.0272051405771,1.9569248104669925,0.2564343749018761,0.030780389822621886
13.633333333333333,-44.71613344467224,-9.875883559157089,2.6762876909464968,1.9365164893147562,-0.09367840571176897,0.09370681511351758,1.9634699958920143,0.3805002750253569,0.002261843814637322,DEPTH_PROPOSAL_CERTIFIED,0.910600318601084,0,32,0,0,36,FULL_MOTION_CERTIFICATE,0,0,0,40,0,0,0,0,0,,13.7,1.96349740008,0.380358664472,0.00229046966974,0.978554314376,0.205395794362,0.0156211866992,0.981748700039,0.190179332236,0.00114523483487,1.95842003329,0.286125812661,0.0246355747905,1.9577800589042058,0.27200198451720714,0.027205140577144363
13.65,-44.68383931044215,-9.877117433287001,2.677789945528562,1.9376480538048206,-0.0740324477947116,0.09013527492389685,1.9634436567946423,0.38063632852275076,0.002234278766013479,DEPTH_PROPOSAL_CERTIFIED,0.9215032475122842,0,32,0,0,36,FULL_MOTION_CERTIFICATE,0,0,0,40,0,0,0,0,0,,13.716666666,1.96346999589,0.380500275025,0.00226184381464,0.978554314376,0.205395794362,0.0156211866992,0.981734997946,0.190250137513,0.00113092190732,1.9588321601,0.298996063728,0.0229542838072,1.9584002029745864,0.28626151057660565,0.024635574790494556
13.666666666666666,-44.65152659878201,-9.878023758100502,2.6792332303258006,1.9387626996086798,-0.05437948881009197,0.08659708783433354,1.9634183850045805,0.3807668199244432,0.002207775040926242,DEPTH_PROPOSAL_CERTIFIED,0.9321434188531443,0,32,0,0,36,FULL_MOTION_CERTIFICATE,0,0,0,41,0,0,0,0,0,,13.733333333,1.96344365679,0.380636328523,0.00223427876601,0.978554314376,0.205395794362,0.0156211866992,0.981721828397,0.190318164261,0.00111713938301,1.95906336856,0.310399194912,0.0220428001789,1.9588122850768641,0.2991262432356169,0.02295428380723491
13.683333333333334,-44.61919567136127,-9.87860233680128,2.680618534240233,1.939855645244604,-0.03471472204663339,0.08311823486593599,1.9633941831256692,0.3808917420116866,0.002182323438204302,DEPTH_PROPOSAL_CERTIFIED,0.9425231160629601,0,32,0,0,36,FULL_MOTION_CERTIFICATE,0,0,0,41,0,0,0,0,0,,13.75,1.963418385,0.380766819924,0.00220777504093,0.978554314376,0.205395794362,0.0156211866992,0.981709192502,0.190383409962,0.00110388752046,1.9591419415,0.320274080186,0.0217785760376,1.9590436162252074,0.31052383474438855,0.02204280017888367
13.7,-44.58684694785705,-9.878852914946265,2.681947180887483,1.94092341025342,-0.015034688699162278,0.07971879883501443,1.963371054052121,0.3810110858596857,0.0021579069225683882,DEPTH_PROPOSAL_CERTIFIED,0.9526447666702973,0,32,0,0,36,FULL_MOTION_CERTIFICATE,0,0,0,41,0,0,0,0,0,,13.75,1.963418385,0.380766819924,0.00220777504093,0.978554314376,0.205395794362,0.0156211866992,0.981709192502,0.190383409962,0.00110388752046,1.9591419415,0.320274080186,0.0217785760376,1.9591224709044528,0.32039316063834755,0.021778576037628415
13.716666666666667,-44.55448088302292,-9.878775203210232,2.6832207263241385,1.9419638900475285,0.004662704161970593,0.07641272619935079,1.9633490008768564,0.3811248412992683,0.0021345023911280496,DEPTH_PROPOSAL_CERTIFIED,0.9625109694799787,0,32,0,0,36,FULL_MOTION_CERTIFICATE,0,0,0,41,0,0,0,0,0,,13.783333333,1.96337105405,0.38101108586,0.00215790692257,0.978554314376,0.205395794362,0.0156211866992,0.981685527026,0.19050554293,0.00107895346128,1.95897071903,0.335235736932,0.0226312062572,1.9590796195738591,0.32868172932137846,0.022028349542697365
13.733333333333333,-44.52209793734284,-9.878368903295684,2.6844408306053897,1.9429767408047527,0.02437799487288881,0.07320625687507422,1.9633280267976938,0.38123299738890026,0.0021120825146219604,DEPTH_PROPOSAL_CERTIFIED,0.9721245068349289,0,32,0,0,36,FULL_MOTION_CERTIFICATE,0,0,0,41,0,0,0,0,0,,13.8,1.96334900088,0.381124841299,0.00213450239113,0.887372659493,0.395424658039,0.237084590386,0.981674500438,0.19056242065,0.00106725119556,1.95832732395,0.342878070217,0.0244837850331,1.9589522494201388,0.3353436473746193,0.022631206257217627
13.75,-44.48969915232693,-9.877633472910155,2.68561060239591,1.943927100954639,0.04412582313176403,0.07018630743120648,1.9633081350079582,0.3813355429640937,0.002090618055303288,DEPTH_PROPOSAL_CERTIFIED,0.9814883925745288,0,32,0,0,36,FULL_MOTION_CERTIFICATE,0,0,0,41,0,0,0,0,0,,13.816666666,1.9633280268,0.381232997389,0.00211208251462,0.887372659493,0.395424658039,0.237084590386,0.981664013399,0.190616498694,0.00105604125731,1.95716541231,0.351484946779,0.0275927765467,1.95830941325614,0.3429803503649763,0.024483785033095264
13.766666666666667,-44.45728618204551,-9.87656816166661,2.686734673979995,1.9447782168851966,0.06391867461272026,0.067444295045093,1.9632893298959508,0.3814324605944368,0.0020700535214316514,DEPTH_PROPOSAL_CERTIFIED,0.9906060595633228,0,32,0,0,36,FULL_MOTION_CERTIFICATE,0,0,0,41,0,0,0,0,0,,13.833333333,1.96330813501,0.381335542964,0.0020906180553,0.887372659493,0.395424658039,0.237084590386,0.981654067504,0.190667771482,0.00104530902765,1.95548188689,0.361045809315,0.0319649423748,1.9571480597140243,0.3515815571455238,0.02759277654666048
13.783333333333333,-44.424861318373495,-9.875172077681166,2.6878192607367652,1.9454918203207539,0.08376503912665031,0.06507520540623735,1.963271616947601,0.3815237270920355,0.0020503057709386472,DEPTH_PROPOSAL_CERTIFIED,0.9994815798005783,0,32,0,0,36,FULL_MOTION_CERTIFICATE,0,0,0,41,0,0,0,0,0,,13.85,1.9632893299,0.381432460594,0.00207005352143,0.887372659493,0.395424658039,0.237084590386,0.981644664948,0.190716230297,0.00103502676072,1.95327359976,0.371549754552,0.0376071468573,1.955465101645322,0.36113670902724543,0.03196494237482102
13.8,-44.3924275065806,-9.873444287102954,2.688872196607943,1.9460287075736034,0.10366743469266493,0.06317615227068545,1.9632550025400426,0.38160931457782066,0.002031262893668687,DEPTH_PROPOSAL_CERTIFIED,1.008453677028956,0,32,0,0,36,FULL_MOTION_CERTIFICATE,0,0,0,41,0,0,0,0,0,,13.866666666,1.96327161695,0.381523727092,0.00205030577094,0.887372659493,0.395424658039,0.237084590386,0.981635808474,0.190761863546,0.00102515288547,1.95053733562,0.382985461608,0.0445263929724,1.9532574010827424,0.3716349025004839,0.03760714685732122
13.816666666666666,-44.35998834697858,-9.87138394611766,2.6899029347585532,1.9463495761213783,0.12362045911756707,0.06184428903661749,1.9632394936157953,0.38168919215727437,0.002012783526273656,DEPTH_PROPOSAL_CERTIFIED,1.018263137776014,0,32,0,0,36,FULL_MOTION_CERTIFICATE,0,0,0,41,0,0,0,0,0,,13.883333333,1.96325500254,0.381609314578,0.00203126289367,0.887372659493,0.395424658039,0.237084590386,0.98162750127,0.190804657289,0.00101563144683,1.94726979281,0.395341110505,0.0527298627812,1.9505217523767953,0.3830648182067139,0.04452639297240451
13.833333333333334,-44.327548077745945,-9.868990460911817,2.690922501152579,1.9464161539579359,0.1436091123505658,0.06117398364155626,1.9632250972356988,0.38176332821339815,0.0019946967964031793,DEPTH_PROPOSAL_CERTIFIED,1.0278047632017215,0,32,0,0,36,FULL_MOTION_CERTIFICATE,0,0,0,41,0,0,0,0,0,,13.9,1.96323949362,0.381689192157,0.00201278352627,0.887372659493,0.395424658039,0.237084590386,0.981619746808,0.190844596079,0.00100639176314,1.94346756421,0.408604280088,0.0622249576543,1.9472548631532647,0.3954146400689138,0.052729862781167126
13.85,-44.29511153418411,-9.866263665814234,2.6919433891201328,1.946192613710213,0.16360770585495707,0.06125327805322821,1.9632118200221502,0.38183169325599564,0.0019768031201261986,DEPTH_PROPOSAL_CERTIFIED,1.0370871758850948,0,32,0,0,36,FULL_MOTION_CERTIFICATE,0,0,0,41,0,0,0,0,0,,13.916666666,1.96322509724,0.381763328213,0.0019946967964,0.887372659493,0.395424658039,0.237084590386,0.981612548618,0.190881664107,0.000997348398202,1.93912711385,0.422761834193,0.0730193476605,1.9434533349370102,0.4086719537410494,0.062224957654280585
13.866666666666667,-44.26268392872087,-9.863209577879154,2.6929791332361805,1.9456563277943257,0.1832452761047688,0.062144646962870226,1.9631996675222676,0.3818942631737187,0.001958876070652327,DEPTH_PROPOSAL_CERTIFIED,1.0461243146364725,0,32,0,0,36,FULL_MOTION_CERTIFICATE,0,0,0,41,0,0,0,0,0,,13.933333333,1.96321182002,0.381831693256,0.00197680312013,0.887372659493,0.395424658039,0.237084590386,0.981605910011,0.190915846628,0.000988401560063,1.93424474958,0.437799785585,0.0851210292966,1.9391136396205018,0.42282363315245886,0.07301934766050222
13.883333333333333,-44.23027074782541,-9.859834012008601,2.694043887935983,1.944790853727673,0.20253395223315127,0.06388528198815178,1.9631886244890204,0.38195112053332875,0.0019406700498208079,DEPTH_PROPOSAL_CERTIFIED,1.0549298069823,0,32,0,0,36,FULL_MOTION_CERTIFICATE,0,0,0,42,0,0,0,0,0,,13.95,1.96319966752,0.381894263174,0.00195887607065,0.887372659493,0.395424658039,0.237084590386,0.981599833761,0.190947131587,0.000979438035326,1.928816594,0.4537031214,0.0985383855328,1.9342320701145084,0.43785580099943205,0.0851210292965881
13.9,-44.19787775139649,-9.85614124980992,2.695152396554403,1.9435797857348838,0.22156573192085516,0.06651051710517088,1.9631786764733519,0.3820023434920052,0.001921927926529536,DEPTH_PROPOSAL_CERTIFIED,1.0635158583934838,0,32,0,0,36,FULL_MOTION_CERTIFICATE,0,0,0,42,0,0,0,0,0,,13.966666666,1.96318862449,0.381951120533,0.00194067004982,0.887372659493,0.395424658039,0.237084590386,0.981594312245,0.190975560267,0.00097033502491,1.92283848756,0.47045535583,0.113280392065,1.928804756222855,0.4537534441108302,0.09853838553280213
13.916666666666666,-44.165510957284226,-9.852134176599105,2.6963199580452466,1.9420076467360854,0.24042439264887694,0.07005368945061513,1.9631698143545422,0.38204798252504385,0.0019023815851984638,DEPTH_PROPOSAL_CERTIFIED,1.0718933988263484,0,32,0,0,36,FULL_MOTION_CERTIFICATE,0,0,0,42,0,0,0,0,0,,13.983333333,1.96317867647,0.382002343492,0.00192192792653,0.887372659493,0.395424658039,0.237084590386,0.981589338237,0.191001171746,0.000960963963265,1.91629971168,0.488012054604,0.129370088955,1.9228275509507453,0.47050005353075697,0.11328039206503775
13.933333333333334,-44.13317663526522,-9.847814443310387,2.6975624139799095,1.94005932114023,0.25918399732300057,0.07454735607976282,1.963162033874025,0.38208806283772245,0.0018817525127433467,DEPTH_PROPOSAL_CERTIFIED,1.0800722478730496,0,32,0,0,36,FULL_MOTION_CERTIFICATE,0,0,0,42,0,0,0,0,0,,14,1.96316981435,0.382047982525,0.0019023815852,0.887372659493,0.395424658039,0.237084590386,0.981584907177,0.191023991263,0.000951190792599,1.9091859317,0.506308697018,0.146838057117,1.9162897488707955,0.4880511743472964,0.1293700889553616
13.95,-44.10088130604007,-9.84318264149772,2.698896146052245,1.9377197535090402,0.2779081087600337,0.08002392434014056,1.9631553350883708,0.38212258718439623,0.0018597520184506417,DEPTH_PROPOSAL_CERTIFIED,1.0880612858061567,0,32,0,0,36,FULL_MOTION_CERTIFICATE,0,0,0,42,0,0,0,0,0,,14.016666666,1.96316203387,0.382088062838,0.00188175251274,0.887372659493,0.395424658039,0.237084590386,0.981581016937,0.191044031419,0.000940876256372,1.9014762593,0.525237777068,0.165728244434,1.9091770284085228,0.506342268291852,0.14683805711675313
13.966666666666667,-44.068631699662006,-9.838238853148605,2.700337974995219,1.9349763826840356,0.29662730094682976,0.08650973657842999,1.9631497217784597,0.3821515389040713,0.001836081263633278,DEPTH_PROPOSAL_CERTIFIED,1.09586889871401,0,32,0,0,37,FULL_MOTION_CERTIFICATE,0,0,0,42,0,0,0,0,0,,14.033333333,1.96315533509,0.382122587184,0.00185975201845,0.887372659493,0.395424658039,0.237084590386,0.981577667544,0.191061293592,0.000929876009225,1.89313669506,0.544564215126,0.186109446753,1.9014685142373138,0.5252658151086936,0.16572824443377007
13.983333333333333,-44.03643366506734,-9.832989476218476,2.701902551978588,1.9318820756798427,0.31496261580773455,0.09387461900215158,1.9631451995503304,0.3821748916589744,0.0018104330820930751,DEPTH_PROPOSAL_CERTIFIED,1.1035079134218784,0,32,0,0,37,FULL_MOTION_CERTIFICATE,0,0,0,42,0,0,0,0,0,,14.05,1.96314972178,0.382151538904,0.00183608126363,0.887372659493,0.395424658039,0.237084590386,0.981574860889,0.191075769452,0.000918040631817,1.88418328181,0.56323877657,0.207896360378,1.8931302182678704,0.5445867307163808,0.18610944675301053
14.0,-44.00429296228483,-9.827441693910592,2.703604163282307,1.9284421669506802,0.3328669384730007,0.10209667822311982,1.963141751804584,0.3821927326298066,0.001782539365871182,DEPTH_PROPOSAL_CERTIFIED,1.1109913899584425,0,32,0,0,38,FULL_MOTION_CERTIFICATE,0,0,0,42,0,0,0,0,0,,14.066666666,1.96314519955,0.382174891659,0.00181043308209,0.887372659493,0.395424658039,0.237084590386,0.981572599775,0.191087445829,0.000905216541047,1.87571914951,0.580856493836,0.228491020724,1.8841781644174245,0.5632558953348102,0.2078963603775154
14.016666666666667,-43.972214297644385,-9.821602113527657,2.7054544899632944,1.9247198784266495,0.3503748229761039,0.11101960085922452,1.963139359109754,0.38220516313287917,0.0017521383263987655,DEPTH_PROPOSAL_CERTIFIED,1.1232909360527095,0,32,0,0,38,FULL_MOTION_CERTIFICATE,0,0,0,42,0,0,0,0,0,,14.083333333,1.9631417518,0.38219273263,0.00178253936587,0.887372659493,0.395424658039,0.237084590386,0.981570875902,0.191096366315,0.000891269682936,1.86775024332,0.597435141628,0.247880335452,1.8757154730434284,0.5808683658741873,0.2284910207236143
14.033333333333333,-43.94020154287732,-9.815476704708551,2.707463148904982,1.920765286024159,0.36752452914640255,0.12051953650124544,1.9631380031644345,0.3822122780839208,0.001719015257665881,DEPTH_PROPOSAL_CERTIFIED,1.1362245084716904,0,32,0,0,40,FULL_MOTION_CERTIFICATE,0,0,0,42,0,0,0,0,0,,14.1,1.96313935911,0.382205163133,0.0017521383264,0.887372659493,0.395424658039,0.237084590386,0.981569679555,0.191102581566,0.000876069163199,1.86027768614,0.612978127453,0.266061833992,1.8677480797097448,0.5974419056349974,0.2478803354522345
14.05,-43.90825790922817,-9.809070808886707,2.709638122077761,1.9166180189488,0.38435374931065736,0.13049839036673136,1.9631376671663432,0.38221416416460785,0.0016829927625568739,DEPTH_PROPOSAL_CERTIFIED,1.1490363857120556,0,32,0,0,40,FULL_MOTION_CERTIFICATE,0,0,0,42,0,0,0,0,0,,14.116666666,1.96313800316,0.382212278084,0.00171901525767,0.887372659493,0.395424658039,0.237084590386,0.981569001582,0.191106139042,0.000859507628833,1.85330183977,0.627486551761,0.283034720442,1.8602770990449544,0.6129799091622969,0.26606183399155714
14.066666666666666,-43.876386081303835,-9.802389179533874,2.7119860867788987,1.912309675460153,0.40089776116997444,0.14087788206828217,1.963138335906923,0.3822108993864264,0.001643922996170606,DEPTH_PROPOSAL_CERTIFIED,1.1617353887499873,0,32,0,0,40,FULL_MOTION_CERTIFICATE,0,0,0,42,0,0,0,0,0,,14.133333333,1.96313766717,0.382214164165,0.00168299276256,0.887372659493,0.395424658039,0.237084590386,0.981568833583,0.191107082082,0.000841496381278,1.84682285398,0.64096087558,0.298798665594,1.8533028852833433,0.6274834637811489,0.28303472044229794
14.083333333333334,-43.84458831965259,-9.79543603389356,2.7145126689594035,1.9078656990748557,0.41718873841875326,0.15159493083026562,1.9631399957323037,0.3822025533299176,0.0016016816979300072,DEPTH_PROPOSAL_CERTIFIED,1.1743295463463295,0,32,0,0,40,FULL_MOTION_CERTIFICATE,0,0,0,42,0,0,0,0,0,,14.15,1.96313833591,0.382210899386,0.00164392299617,0.857167248915,0.421577543171,0.29586598737,0.981569167953,0.191105449693,0.000821961498085,1.8395609991,0.654840806995,0.315976957404,1.8468255810678615,0.6409530178610687,0.29879866559413043
14.1,-43.81286723548151,-9.788216101473042,2.7172237951429326,1.903265050264552,0.4331959452311632,0.1626675710117644,1.9631426344426068,0.3821891876918412,0.0015561636136351307,DEPTH_PROPOSAL_CERTIFIED,1.186826940264098,0,32,0,0,40,FULL_MOTION_CERTIFICATE,0,0,0,42,0,0,0,0,0,,14.166666666,1.96313999573,0.38220255333,0.00160168169793,0.857167248915,0.421577543171,0.29586598737,0.981569997866,0.191101276665,0.000800840848965,1.83144570807,0.668868910238,0.334579140101,1.8395654596925184,0.6548282762773321,0.31597695740380394
14.116666666666667,-43.7812258355237,-9.780734683991248,2.7201256753565604,1.8984839974688814,0.4488850489075876,0.17411281281766156,1.9631462382480722,0.3821708720272715,0.0015072578936860294,DEPTH_PROPOSAL_CERTIFIED,1.1992356901015246,0,32,0,0,40,FULL_MOTION_CERTIFICATE,0,0,0,43,0,0,0,0,0,,14.183333333,1.96314263444,0.382189187692,0.00155616361364,0.857167248915,0.421577543171,0.29586598737,0.981571317221,0.191094593846,0.000778081806818,1.82257364651,0.682072408692,0.354060415842,1.8314519508173723,0.6688518165849422,0.3345791401013555
14.133333333333333,-43.749667620098904,-9.772997730217421,2.7232247677605583,1.8934929254877886,0.4642172264296762,0.18594554423989307,1.963150791590883,0.38214768466161214,0.001454848397167457,DEPTH_PROPOSAL_CERTIFIED,1.2115639114615784,0,32,0,0,40,FULL_MOTION_CERTIFICATE,0,0,0,43,0,0,0,0,0,,14.2,1.96314623825,0.382170872027,0.00150725789369,0.857167248915,0.421577543171,0.29586598737,0.981573119124,0.191085436014,0.000753628946843,1.8142895079,0.694400953833,0.372250730191,1.82258170513477,0.6820508747679523,0.35406041584232706
14.15,-43.71819552606516,-9.765010484303058,2.726526463376526,1.8883256420244925,0.4792347548617798,0.19810173695804903,1.963156276951073,0.3821197136841724,0.0013988143296798563,DEPTH_PROPOSAL_CERTIFIED,1.223818841153792,0,32,0,0,40,FULL_MOTION_CERTIFICATE,0,0,0,43,0,0,0,0,0,,14.216666666,1.96315079159,0.382147684662,0.00145484839717,0.857167248915,0.421577543171,0.29586598737,0.981575395795,0.191073842331,0.000727424198584,1.80659329265,0.705854545027,0.389150082212,1.8142994042255465,0.6943750967384819,0.37225073019133925
14.166666666666666,-43.68681203473838,-9.756777566399156,2.7300352964950996,1.8830094796067052,0.49397507423409415,0.21052998711444007,1.9631626787439052,0.3820870368395587,0.001339054226355147,DEPTH_PROPOSAL_CERTIFIED,1.2360069392272486,0,32,0,0,40,FULL_MOTION_CERTIFICATE,0,0,0,43,0,0,0,0,0,,14.233333333,1.96315627695,0.382119713684,0.00139881432968,0.857167248915,0.421577543171,0.29586598737,0.981578138476,0.191059856842,0.00069940716484,1.79948499988,0.716433183596,0.404758473854,1.8066050441737445,0.705824466941692,0.3891500822118885
14.183333333333334,-43.65551925499365,-9.74830304610008,2.733755105447929,1.8775667846839086,0.5084712179445714,0.22318853716974235,1.9631699831233131,0.38204972256096753,0.0012754821431117717,DEPTH_PROPOSAL_CERTIFIED,1.248133976698624,0,32,0,0,40,FULL_MOTION_CERTIFICATE,0,0,0,43,0,0,0,0,0,,14.25,1.96316267874,0.38208703684,0.00133905422636,0.857167248915,0.421577543171,0.29586598737,0.981581339372,0.19104351842,0.000669527113178,1.79296463005,0.726136868852,0.419075904105,1.7994986198301959,0.7163989730337998,0.4047584738544395
14.2,-43.62431898761109,-9.739590506898168,2.7376891562637287,1.8720160429536594,0.522752352114767,0.2360430489479818,1.9631781777919652,0.3820078309637526,0.0012080247466617728,DEPTH_PROPOSAL_CERTIFIED,1.260205109669522,0,32,0,0,40,FULL_MOTION_CERTIFICATE,0,0,0,43,0,0,0,0,0,,14.266666666,1.96316998312,0.382049722561,0.00127548214311,0.857167248915,0.421577543171,0.29586598737,0.981584991562,0.19102486128,0.000637741071556,1.78700780209,0.735001884974,0.432155908933,1.7929801274203498,0.7260986018320632,0.4190759041050311
14.216666666666667,-43.59321278129895,-9.73064311369803,2.7418402490700733,1.8663723787283648,0.5368435920083096,0.24906556838067234,1.963187251828471,0.381961414746634,0.0011366190766587331,DEPTH_PROPOSAL_CERTIFIED,1.273089705168409,0,32,0,0,40,FULL_MOTION_CERTIFICATE,0,0,0,43,0,0,0,0,0,,14.283333333,1.96317817779,0.382007830964,0.00120802474666,0.857167248915,0.421577543171,0.29586598737,0.981589088896,0.191003915482,0.000604012373331,1.78150224862,0.743195309483,0.444245005069,1.7870251824878494,0.734959626639466,0.4321559089328985
14.233333333333333,-43.562201996802415,-9.721463712859562,2.7462108373068372,1.8606470697922635,0.5507640503080845,0.26223529420585107,1.9631971954978085,0.3819105201766,0.0010612106188200804,DEPTH_PROPOSAL_CERTIFIED,1.289013045509683,0,32,0,0,40,FULL_MOTION_CERTIFICATE,0,0,0,43,0,0,0,0,0,,14.3,1.96318725183,0.381961414747,0.00113661907666,0.857167248915,0.421577543171,0.29586598737,0.981593625914,0.190980707373,0.000568309538329,1.77641378255,0.750768020003,0.455418260571,1.7815215179094543,0.7431491176860111,0.4442450050690914
14.25,-43.53128783973276,-9.712054879140933,2.750803089264102,1.854849424179231,0.5645300231177264,0.27553511743587655,1.9632079999553669,0.38185518861990964,0.0009817511407330317,DEPTH_PROPOSAL_CERTIFIED,1.3048802040973217,0,32,0,0,40,FULL_MOTION_CERTIFICATE,0,0,0,43,0,0,0,0,0,,14.316666666,1.9631971955,0.381910520177,0.00106121061882,0.857167248915,0.421577543171,0.29586598737,0.981598597749,0.190955260088,0.00053060530941,1.77171080663,0.7577670399,0.465745056685,1.776434944707127,0.7507179456545462,0.4554182605705893
14.266666666666667,-43.50047138662677,-9.702418954911066,2.7556189367184176,1.8489871863593064,0.5781554537919611,0.288950847258898,1.9632196571105898,0.3817954572486308,0.0008981975773393585,DEPTH_PROPOSAL_CERTIFIED,1.3206947456590554,0,32,0,0,40,FULL_MOTION_CERTIFICATE,0,0,0,43,0,0,0,0,0,,14.333333333,1.96320799996,0.38185518862,0.000981751140733,0.857167248915,0.421577543171,0.29586598737,0.981603999978,0.19092759431,0.000490875570367,1.76736411648,0.764235831427,0.475289520365,1.771733863989513,0.7577131279494834,0.46574505668543675
14.283333333333333,-43.46975360588968,-9.692558083119685,2.7606601138629556,1.8430668442254488,0.5916523074828137,0.30247062867228414,1.963232159512087,0.3817313596355207,0.0008105111501732667,DEPTH_PROPOSAL_CERTIFIED,1.3364599420552734,0,32,0,0,40,FULL_MOTION_CERTIFICATE,0,0,0,43,0,0,0,0,0,,14.35,1.96321965711,0.381795457249,0.000898197577339,0.857167248915,0.421577543171,0.29586598737,0.981609828555,0.190897728624,0.00044909878867,1.76334672105,0.770214562979,0.4841109186,1.7673890699529027,0.7641781216861196,0.47528952036524175
14.3,-43.439135374829505,-9.682474235229694,2.7659281888531995,1.8370938636104672,0.6050308733993779,0.31608449941462785,1.9632455002503166,0.38166292625756265,0.0007186566624330585,DEPTH_PROPOSAL_CERTIFIED,1.3521787952011035,0,32,0,0,40,FULL_MOTION_CERTIFICATE,0,0,0,43,0,0,0,0,0,,14.366666666,1.96323215951,0.381731359636,0.000810511150173,0.857167248915,0.421577543171,0.29586598737,0.981616079756,0.190865679818,0.000405255575087,1.75963367398,0.775740359983,0.492264028588,1.763373570271764,0.7701530908307386,0.48411091860029715
14.316666666666666,-43.40861491074675,-9.672174927385687,2.771418712743914,1.8312278449655686,0.6179584706405439,0.32943143344289166,1.963259672874605,0.3815901849250569,0.0006226019278072466,DEPTH_PROPOSAL_CERTIFIED,1.367857793787723,0,32,0,0,40,FULL_MOTION_CERTIFICATE,0,0,0,43,0,0,0,0,0,,14.383333333,1.96324550025,0.381662926258,0.000718656662433,0.857167248915,0.421577543171,0.29586598737,0.981622750125,0.190831463129,0.000359328331217,1.75620191814,0.780847536324,0.499799479204,1.7596624174977993,0.7756751569827786,0.4922640285877202
14.333333333333334,-43.37818913774331,-9.661670038408241,2.77712434780352,1.8255463802060754,0.6302933386467379,0.3423381035763433,1.9632746500931106,0.381513270246494,0.0005224247308610303,DEPTH_PROPOSAL_CERTIFIED,1.3835047408468597,0,32,0,0,40,FULL_MOTION_CERTIFICATE,0,0,0,44,0,0,0,0,0,,14.4,1.96325967287,0.381590184925,0.000622601927807,0.857167248915,0.421577543171,0.29586598737,0.981629836437,0.190795092463,0.000311300963904,1.75303014381,0.785567805359,0.506764062339,1.7562325101402627,0.7807787283222962,0.49979947920444473
14.35,-43.34785488476846,-9.650969187032802,2.783037591396916,1.8200551784915169,0.6420510825263551,0.35479461560380054,1.9632903956065795,0.3814323630488934,0.0004182557799794298,DEPTH_PROPOSAL_CERTIFIED,1.3991270148468027,0,32,0,0,40,FULL_MOTION_CERTIFICATE,0,0,0,44,0,0,0,0,0,,14.416666666,1.96327465009,0.381513270246,0.000522424730861,0.857167248915,0.421577543171,0.29586598737,0.981637325047,0.190756635123,0.000261212365431,1.7500986556,0.789930477986,0.513201025142,1.7530625175738985,0.7854955578576943,0.5067640623387879
14.366666666666667,-43.3176089176962,-9.640081714610963,2.7891508430831644,1.814758024335371,0.6532483453103444,0.36679510117487235,1.963306873907117,0.3813476401225741,0.00031022896027315755,DEPTH_PROPOSAL_CERTIFIED,1.4147315704139019,0,32,0,0,40,FULL_MOTION_CERTIFICATE,0,0,0,44,0,0,0,0,0,,14.433333333,1.96329039561,0.381432363049,0.000418255779979,0.857167248915,0.421577543171,0.29586598737,0.981645197803,0.190716181524,0.00020912788999,1.74738924965,0.793962645367,0.519150339624,1.7501327436303928,0.7898549512750059,0.5132010251419409
14.383333333333333,-43.28744796708873,-9.629016671925132,2.795456462494727,1.8096570364481377,0.6639025611498214,0.37833716469377154,1.9633240503664329,0.38125927379985247,0.00019848010886412844,DEPTH_PROPOSAL_CERTIFIED,1.4303249418665982,0,32,0,0,40,FULL_MOTION_CERTIFICATE,0,0,0,44,0,0,0,0,0,,14.45,1.96330687391,0.381347640123,0.000310228960273,0.857167248915,0.421577543171,0.29586598737,0.981653436954,0.190673820061,0.000155114480137,1.74488510174,0.797689345515,0.524648948455,1.7474249842238887,0.7938839943914494,0.5191503396243501
14.4,-43.25736875211398,-9.617782809594546,2.801946819006999,1.8047528984849501,0.6740317398351614,0.3894213907362999,1.963341891306438,0.381167431620291,8.314595684632441e-05,DEPTH_PROPOSAL_CERTIFIED,1.4462270459773061,0,32,0,0,40,FULL_MOTION_CERTIFICATE,0,0,0,44,0,0,0,0,0,,14.466666666,1.96332405037,0.3812592738,0.000198480108864,0.857167248915,0.421577543171,0.29586598737,0.981662025183,0.1906296369,9.92400544321e-05,1.74257066214,0.801133719682,0.529730995698,1.7449224153340654,0.7976077197963027,0.5246489484551384
14.416666666666666,-43.22736800104154,-9.606388571603052,2.808614334111393,1.8000450643464874,0.6836542794896934,0.4000509062636715,1.963360364054296,0.3810722760718781,-3.563678019329278e-05,DEPTH_PROPOSAL_CERTIFIED,1.4628843360472676,0,32,0,0,40,FULL_MOTION_CERTIFICATE,0,0,0,44,0,0,0,0,0,,14.483333333,1.96334189131,0.38116743162,8.31459568463e-05,0.857167248915,0.421577543171,0.29586598737,0.981670945653,0.19058371581,4.15729784232e-05,1.74043155874,0.804317156614,0.534428039658,1.7426094878572391,0.8010492632749902,0.5297309956976131
14.433333333333334,-43.19744246869856,-9.594842091529973,2.8154515173135084,1.795531940578599,0.6927888043847357,0.4102309921269041,1.9633794369838442,0.38097396439856934,-0.00015773217950713753,DEPTH_PROPOSAL_CERTIFIED,1.4789533563952904,0,32,0,0,40,FULL_MOTION_CERTIFICATE,0,0,0,44,0,0,0,0,0,,14.5,1.96336036405,0.381072276072,-3.56367801933e-05,0.843162429844,0.451442664676,0.292021638597,0.981680182027,0.190536138036,-1.78183900966e-05,1.73761242453,0.808986978379,0.538799513006,1.7404718306103626,0.8042300081042455,0.5344280396583351
14.45,-43.167590014352605,-9.583149009802884,2.8224510345066323,1.791147260757484,0.7015849036253189,0.4199710315874498,1.9633990795450906,0.3808726484656321,-0.0002830057711477236,DEPTH_PROPOSAL_CERTIFIED,1.4923807713931445,0,32,0,0,40,FULL_MOTION_CERTIFICATE,0,0,0,44,0,0,0,0,0,,14.516666666,1.96337943698,0.380973964399,-0.000157732179507,0.843162429844,0.451442664676,0.292021638597,0.981689718492,0.190486982199,-7.88660897536e-05,1.73416495755,0.815096796923,0.542614763541,1.7376541669398777,0.8088973143604405,0.5387995130061148
14.466666666666667,-43.13780945273748,-9.57131272119698,2.829605404896668,1.7868336969073937,0.7101773163542136,0.4292622234021256,1.9634192704584872,0.3807684325194976,-0.00041132579155831524,DEPTH_PROPOSAL_CERTIFIED,1.5058517464920926,0,32,0,0,40,FULL_MOTION_CERTIFICATE,0,0,0,44,0,0,0,0,0,,14.533333333,1.96339907955,0.380872648466,-0.000283005771148,0.843162429844,0.451442664676,0.292021638597,0.981699539773,0.190436324233,-0.000141502885574,1.73054070764,0.821747443453,0.545753287366,1.7342082179362945,0.815004751646722,0.5426147635411644
14.483333333333333,-43.10809991156323,-9.559335680350292,2.8369068599634244,1.782572470455108,0.7186224508013429,0.4380873040054147,1.9634399967734193,0.38066137800099126,-0.0005425576310707828,DEPTH_PROPOSAL_CERTIFIED,1.5193653200114607,0,32,0,0,40,FULL_MOTION_CERTIFICATE,0,0,0,44,0,0,0,0,0,,14.55,1.96341927046,0.380768432519,-0.000411325791558,0.843162429844,0.451442664676,0.292021638597,0.981709635229,0.19038421626,-0.000205662895779,1.72719102213,0.827894253113,0.548654044229,1.7305855077372194,0.8216530910563267,0.5457532873655476
14.5,-43.078460237985034,-9.547220792058365,2.844347919500161,1.7783804146917352,0.7268932975155928,0.4464635722041551,1.96346124897613,0.3805515287500205,-0.0006765612443821302,DEPTH_PROPOSAL_CERTIFIED,1.5329210306501784,0,32,0,0,40,FULL_MOTION_CERTIFICATE,0,0,0,44,0,0,0,0,0,,14.566666666,1.96343999677,0.380661378001,-0.000542557631071,0.843162429844,0.451442664676,0.292021638597,0.981719998387,0.190330689,-0.000271278815535,1.72409510085,0.833575395025,0.551335046619,1.727237334378591,0.827797627429437,0.5486540442287828
14.516666666666667,-43.048889046125474,-9.534971328968401,2.8519213925146936,1.7742715115734549,0.7349677853978037,0.4544083808719424,1.9634830158352532,0.38043893758326236,-0.0008132017077259553,DEPTH_PROPOSAL_CERTIFIED,1.5465188221195376,0,32,0,0,40,FULL_MOTION_CERTIFICATE,0,0,0,44,0,0,0,0,0,,14.583333333,1.96346124898,0.38055152875,-0.000676561244382,0.843162429844,0.451442664676,0.292021638597,0.981730624488,0.190275764375,-0.000338280622191,1.72123371889,0.838826147731,0.553812942924,1.7241428935304364,0.8334765375607704,0.551335046618942
14.533333333333333,-43.019384759006826,-9.52259085916017,2.8596203763398975,1.7702572271188555,0.7428281884939033,0.46193902951226606,1.96350528471627,0.38032366468863754,-0.0009523492443578876,DEPTH_PROPOSAL_CERTIFIED,1.5601589601140171,0,32,0,0,40,FULL_MOTION_CERTIFICATE,0,0,0,44,0,0,0,0,0,,14.6,1.96348301584,0.380438937583,-0.000813201707726,0.843162429844,0.451442664676,0.292021638597,0.981741507918,0.190219468792,-0.000406600853863,1.71858910829,0.843679116133,0.556103119809,1.721282956772739,0.8387251062663241,0.5538129429242203
14.55,-42.98994564546621,-9.510083182590565,2.867438254218507,1.7663468124368575,0.7504605941762768,0.46907267271654,1.9635280418583467,0.3802057762109681,-0.0010938792170517,DEPTH_PROPOSAL_CERTIFIED,1.573841960259995,0,32,0,0,40,FULL_MOTION_CERTIFICATE,0,0,0,44,0,0,0,0,0,,14.616666666,1.96350528472,0.380323664689,-0.000952349244358,0.843162429844,0.451442664676,0.292021638597,0.981752642358,0.190161832344,-0.000476174622179,1.71614484713,0.848164435137,0.558219798314,1.718639753316484,0.8435759435012276,0.5561031198086779
14.566666666666666,-42.96056985257391,-9.497452275473,2.8753686915991326,1.76254757353788,0.7578544270539009,0.4758262428375474,1.9635512726173985,0.38008534300915514,-0.0012376720924098992,DEPTH_PROPOSAL_CERTIFIED,1.587568525812273,0,32,0,0,40,FULL_MOTION_CERTIFICATE,0,0,0,44,0,0,0,0,0,,14.633333333,1.96352804186,0.380205776211,-0.00109387921705,0.843162429844,0.451442664676,0.292021638597,0.981764020929,0.190102888105,-0.000546939608526,1.71388575713,0.852309957508,0.560176122511,1.7161968589703507,0.8480591881609212,0.5582197983138422
14.583333333333334,-42.93125543402483,-9.484702241753132,2.8834056313530834,1.7588651129449755,0.7650020231920217,0.48221638523702065,1.9635749616788991,0.3799624395670209,-0.0013836133812912229,DEPTH_PROPOSAL_CERTIFIED,1.6013394939916927,0,32,0,0,40,FULL_MOTION_CERTIFICATE,0,0,0,45,0,0,0,0,0,,14.65,1.96355127262,0.380085343009,-0.00123767209241,0.843162429844,0.451442664676,0.292021638597,0.981775636309,0.190042671505,-0.000618836046205,1.71179781031,0.856141425149,0.561984240326,1.7139390937115444,0.8522026960770905,0.5601761225105906
14.6,-42.90200037492606,-9.471837270926923,2.891543288095782,1.7553035459260422,0.7718982495725496,0.48825940456193034,1.9635990932436034,0.37983714304168253,-0.0015315935591663588,DEPTH_PROPOSAL_CERTIFIED,1.6151557899710642,0,32,0,0,40,FULL_MOTION_CERTIFICATE,0,0,0,45,0,0,0,0,0,,14.666666666,1.96357496168,0.379962439567,-0.00138361338129,0.843162429844,0.451442664676,0.292021638597,0.981787480839,0.189981219784,-0.000691806690646,1.7098680414,0.859682629871,0.563655379416,1.7118524282950531,0.8560322114149952,0.5619842403258334
14.616666666666667,-42.872802613364335,-9.458861601517395,2.8997761417764276,1.7518656937033137,0.7785401645715758,0.49397122083873146,1.9636236511890421,0.3797095324349427,-0.0016815079697484498,DEPTH_PROPOSAL_CERTIFIED,1.6290183876158806,0,32,0,0,40,FULL_MOTION_CERTIFICATE,0,0,0,45,0,0,0,0,0,,14.683333333,1.96359909324,0.379837143042,-0.00153159355917,0.843162429844,0.451442664676,0.292021638597,0.981799546622,0.189918571521,-0.000765796779583,1.70808446699,0.862955561716,0.565199917157,1.709923896586028,0.859571527559692,0.5636553794157014
14.633333333333333,-42.84366005909935,-9.445779489594038,2.9080989306796967,1.7485532558990688,0.7849267154014572,0.49936733419618357,1.9636486192093767,0.3795796878745314,-0.0018332567148830546,DEPTH_PROPOSAL_CERTIFIED,1.6429282761793993,0,32,0,0,40,FULL_MOTION_CERTIFICATE,0,0,0,45,0,0,0,0,0,,14.7,1.96362365119,0.379709532435,-0.00168150796975,0.843162429844,0.451442664676,0.292021638597,0.981811825595,0.189854766217,-0.000840753984874,1.70643601186,0.865980544173,0.566627444461,1.7081415146872794,0.8628426355260141,0.5651999171571036
14.65,-42.814570609693824,-9.432595181781963,2.9165066439646146,1.7453669643312832,0.7910584687244994,0.5044627970950495,1.963673980935962,0.3794476899933234,-0.00198674453332379,DEPTH_PROPOSAL_CERTIFIED,1.6568864322376395,0,32,0,0,40,FULL_MOTION_CERTIFICATE,0,0,0,45,0,0,0,0,0,,14.716666666,1.96364861921,0.379579687875,-0.00183325671488,0.843162429844,0.451442664676,0.292021638597,0.981824309605,0.189789843937,-0.000916628357442,1.70491243979,0.86877636112,0.567946825676,1.706494207204301,0.8658658592656091,0.5666274444612108
14.666666666666666,-42.78553216436192,-9.419312892260352,2.924994513851275,1.74230671991452,0.796937371296652,0.5092721931996746,1.9636997200407187,0.3793136193958704,-0.0021418806706829064,DEPTH_PROPOSAL_CERTIFIED,1.6722073120938825,0,32,0,0,40,FULL_MOTION_CERTIFICATE,0,0,0,45,0,0,0,0,0,,14.733333333,1.96367398094,0.379447689993,-0.00198674453332,0.843162429844,0.451442664676,0.292021638597,0.981836990468,0.189723844997,-0.000993372266662,1.70350428975,0.871360373917,0.569166253846,1.704971738030004,0.8686599826769184,0.5679468256761053
14.683333333333334,-42.75654263578937,-9.405936783300016,2.933558007551884,1.7393717143524514,0.8025665376201158,0.5138096220365043,1.9637258203242116,0.37917755620258753,-0.0022985787425849314,DEPTH_PROPOSAL_CERTIFIED,1.6888903699814852,0,32,0,0,40,FULL_MOTION_CERTIFICATE,0,0,0,45,0,0,0,0,0,,14.75,1.96369972004,0.379313619396,-0.00214188067068,0.843162429844,0.451442664676,0.292021638597,0.98184986002,0.189656809698,-0.00107094033534,1.70220281775,0.873748628164,0.570293301092,1.703564646495219,0.8712423667663696,0.5691662538458232
14.7,-42.72759996015269,-9.392470948937099,2.942192819029077,1.736560538201133,0.8079500617750919,0.5180886886315981,1.963752265790167,0.37903957966290264,-0.002456756592794597,DEPTH_PROPOSAL_CERTIFIED,1.7056121043071366,0,32,0,0,40,FULL_MOTION_CERTIFICATE,0,0,0,45,0,0,0,0,0,,14.766666666,1.96372582032,0.379177556203,-0.00229857874258,0.843162429844,0.451442664676,0.292021638597,0.981862910162,0.189588778101,-0.00114928937129,1.70099994219,0.875955953923,0.571334965906,1.7022641891550465,0.8736290564658041,0.5702933010917451
14.716666666666667,-42.69870210554259,-9.378919401418718,2.950894860654345,1.7338712766059035,0.8130928511027582,0.5221224975160488,1.9637790407079543,0.3788997678295797,-0.002616336147844932,DEPTH_PROPOSAL_CERTIFIED,1.7223739958292326,0,32,0,0,40,FULL_MOTION_CERTIFICATE,0,0,0,45,0,0,0,0,0,,14.783333333,1.96375226579,0.379039579663,-0.00245675659279,0.843162429844,0.451442664676,0.292021638597,0.981876132895,0.189519789831,-0.0012283782964,1.69988819349,0.877996058163,0.572297716781,1.7010622851441026,0.8758348809002843,0.5713349659063442
14.733333333333333,-42.669847078976474,-9.365286060093801,2.959660254829189,1.731301593966703,0.8180004794950508,0.5259236504906478,1.9638061296644314,0.37875819728717264,-0.002777243269508057,DEPTH_PROPOSAL_CERTIFIED,1.7391774435801133,0,32,0,0,40,FULL_MOTION_CERTIFICATE,0,0,0,45,0,0,0,0,0,,14.8,1.96377904071,0.37889976783,-0.00261633614784,0.843162429844,0.451442664676,0.292021638597,0.981889520354,0.189449883915,-0.00130816807392,1.69886066818,0.879881609049,0.573187531981,1.6999514657684531,0.8778735458810241,0.5722977167807589
14.75,-42.64103293216468,-9.351574742457347,2.968485325622077,1.7288488087076619,0.8226790581872863,0.5295042475732815,1.9638335176064015,0.3786149429282881,-0.002939407606265683,DEPTH_PROPOSAL_CERTIFIED,1.756023755323468,0,32,0,0,40,FULL_MOTION_CERTIFICATE,0,0,0,45,0,0,0,0,0,,14.816666666,1.96380612966,0.378758197287,-0.00277724326951,0.843162429844,0.451442664676,0.292021638597,0.981903064832,0.189379098644,-0.00138862163475,1.69791098576,0.881624315062,0.574009936889,1.6989248285473626,0.8797577182325551,0.5731875319814108
14.766666666666667,-42.61225776617944,-9.33778915708508,2.9773665904671316,1.7265099591141175,0.8271351223359416,0.5328758907032525,1.9638611898748,0.3784700777720037,-0.003102762444762634,DEPTH_PROPOSAL_CERTIFIED,1.7729141401419977,0,32,0,0,40,FULL_MOTION_CERTIFICATE,0,0,0,45,0,0,0,0,0,,14.833333333,1.96383351761,0.378614942928,-0.00293940760627,0.843162429844,0.451442664676,0.292021638597,0.981916758803,0.189307471464,-0.00146970380313,1.69703324892,0.883234997995,0.574770038442,1.6979759940728774,0.8814991049495335,0.5740099368888966
14.783333333333333,-42.58351973515999,-9.323932898223068,2.986300751963371,1.7242818611671697,0.8313755317207767,0.5360496897743997,1.9638891322316168,0.3783236728193448,-0.003267244562096461,DEPTH_PROPOSAL_CERTIFIED,1.7898497028685907,0,32,0,0,40,FULL_MOTION_CERTIFICATE,0,0,0,45,0,0,0,0,0,,14.85,1.96386118987,0.378470077772,-0.00310276244476,0.911058930524,0.376079490884,0.168925550611,0.981930594937,0.189235038886,-0.00155138122238,1.69686570781,0.88405407688,0.574246877339,1.6970990662144056,0.8831085262157687,0.5747700384423983
14.8,-42.55481623648297,-9.310010287316617,2.9952831422317887,1.7222099206207984,0.8353566543870793,0.5389434161050413,1.9639173308804658,0.3781757969412542,-0.0034327940796669973,DEPTH_PROPOSAL_CERTIFIED,1.8068318815775344,0,32,0,0,40,FULL_MOTION_CERTIFICATE,0,0,0,45,0,0,0,0,0,,14.866666666,1.96388913223,0.378323672819,-0.0032672445621,0.911058930524,0.376079490884,0.168925550611,0.981944566116,0.18916183641,-0.00163362228105,1.69740915612,0.884077139892,0.572443626343,1.6969322459550678,0.8839263509159686,0.5742468773388659
14.816666666666666,-42.526143967102506,-9.296026323475012,3.004307830745455,1.7203361628281668,0.8390378304963129,0.5414813108200015,1.9639457691044169,0.37802653461169416,-0.0035993258166046537,DEPTH_PROPOSAL_CERTIFIED,1.823862425653846,0,32,0,0,40,FULL_MOTION_CERTIFICATE,0,0,0,45,0,0,0,0,0,,14.883333333,1.96391733088,0.378175796941,-0.00343279407967,0.911058930524,0.376079490884,0.168925550611,0.98195866544,0.189087898471,-0.00171639703983,1.69866444686,0.883299407424,0.569363744913,1.69747631775806,0.8839481790289647,0.5724436263425189
14.833333333333334,-42.49749897554623,-9.281986638154205,3.013367724352674,1.7186994933767181,0.8423811192483506,0.5435936164331165,1.963974427482699,0.3778759848544629,-0.003766731245265513,DEPTH_PROPOSAL_CERTIFIED,1.8409433773525694,0,32,0,0,40,FULL_MOTION_CERTIFICATE,0,0,0,46,0,0,0,0,0,,14.9,1.9639457691,0.378026534612,-0.0035993258166,0.911058930524,0.376079490884,0.168925550611,0.981972884552,0.189013267306,-0.0017996629083,1.70063251401,0.881715597987,0.565011083958,1.6987321260690438,0.8831692420232078,0.569363744913119
14.85,-42.468876709869335,-9.267897453907098,3.022454660216868,1.7173359406136088,0.8453510548264352,0.5452161518516857,1.964003284089489,0.37772426027815614,-0.003934880305908175,DEPTH_PROPOSAL_CERTIFIED,1.8580770567364904,0,32,0,0,40,FULL_MOTION_CERTIFICATE,0,0,0,46,0,0,0,0,0,,14.916666666,1.96397442748,0.377875984854,-0.00376673124527,0.911058930524,0.376079490884,0.168925550611,0.981987213741,0.188937992427,-0.00188336562263,1.70331440427,0.879319730436,0.559390040357,1.7007005969036737,0.8815842688790703,0.5650110839582305
14.866666666666667,-42.44027206183254,-9.253765547142809,3.031559492404934,1.7162788822079311,0.8479144058573687,0.5462899312839284,1.9640323146754588,0.3775714861957467,-0.004103623093598191,DEPTH_PROPOSAL_CERTIFIED,1.8752660499607736,0,32,0,0,40,FULL_MOTION_CERTIFICATE,0,0,0,46,0,0,0,0,0,,14.933333333,1.96400328409,0.377724260278,-0.00393488030591,0.911058930524,0.376079490884,0.168925550611,0.982001642045,0.188862130139,-0.00196744015295,1.70671132703,0.876104812671,0.552505800581,1.7033827696586636,0.8791872884347547,0.5593900403572896
14.883333333333333,-42.41167430034467,-9.23960315059445,3.040661893826565,1.7158656892719417,0.8497437929015831,0.5461440852978886,1.9640614928324234,0.3774177998270147,-0.00427279143056075,DEPTH_PROPOSAL_CERTIFIED,1.892515565345262,0,32,0,0,40,FULL_MOTION_CERTIFICATE,0,0,0,46,0,0,0,0,0,,14.95,1.96403231468,0.377571486196,-0.0041036230936,0.911058930524,0.376079490884,0.168925550611,0.982016157338,0.188785743098,-0.0020518115468,1.71082473545,0.872062314841,0.544364764268,1.710824735452871,0.8720623148410012,0.5443647642682029
14.9,-42.38308281721525,-9.225412743772745,3.049762048630735,1.7154889877652746,0.8514244093022688,0.5460092882501851,1.964090770324472,0.3772634549839757,-0.004442010780691507,DEPTH_PROPOSAL_CERTIFIED,1.9108746868174622,0,32,0,0,40,FULL_MOTION_CERTIFICATE,0,0,0,46,0,0,0,0,0,,14.966666666,1.96406149283,0.377417799827,-0.00427279143056,0.911058930524,0.376079490884,0.168925550611,0.982030746416,0.188708899914,-0.00213639571528,1.71565647902,0.867181168566,0.534975353508,1.7108932293839363,0.8719279293906335,0.5443647642682029
14.916666666666666,-42.35449103627006,-9.211202612881163,3.0588482716991185,1.7155068567111529,0.8526078534949434,0.5451733841030593,1.9641201382057591,0.3771084973175508,-0.004611284581008292,DEPTH_PROPOSAL_CERTIFIED,1.9300170438308717,0,32,0,0,40,FULL_MOTION_CERTIFICATE,0,0,0,46,0,0,0,0,0,,14.983333333,1.96409077032,0.377263454984,-0.00444201078069,0.911058930524,0.376079490884,0.168925550611,0.982045385162,0.188631727492,-0.00222100539035,1.72120913365,0.861445532418,0.524349854321,1.7157248578508686,0.8670458726455748,0.5349753535081235
14.933333333333334,-42.32589196947178,-9.196981495170052,3.06790820243192,1.7159440078966033,0.8532670626665815,0.5435958439680694,1.9641495642824336,0.3769530964602039,-0.004780397283831669,DEPTH_PROPOSAL_CERTIFIED,1.9495855767613604,0,32,0,0,40,FULL_MOTION_CERTIFICATE,0,0,0,46,0,0,0,0,0,,15,1.96412013821,0.377108497318,-0.00461128458101,0.911058930524,0.376079490884,0.168925550611,0.982060069103,0.188554248659,-0.0023056422905,1.72748692021,0.854828190721,0.512510041736,1.7212772523590982,0.861309414560566,0.524349854321194
14.95,-42.297278242799216,-9.182758579118202,3.0769288834144275,1.7168236003539739,0.8533749631110474,0.541240858950482,1.9641790146730134,0.37679743168286567,-0.004949120664105366,DEPTH_PROPOSAL_CERTIFIED,1.9705599562653364,0,32,0,0,40,FULL_MOTION_CERTIFICATE,0,0,0,46,0,0,0,0,0,,15.016666666,1.96414956428,0.37695309646,-0.00478039728383,0.911058930524,0.376079490884,0.168925550611,0.982074782141,0.18847654823,-0.00239019864192,1.73450018437,0.847253046774,0.499521550814,1.727554628333895,0.8546913485335329,0.5125100417359149
14.966666666666667,-42.26864211243671,-9.168543566319151,3.0858968885028246,1.718167821750422,0.8529007679430332,0.5380803053038051,1.964208453828029,0.3766416918219811,-0.005117215256154722,DEPTH_PROPOSAL_CERTIFIED,1.9915892763969762,0,32,0,0,41,FULL_MOTION_CERTIFICATE,0,0,0,46,0,0,0,0,0,,15.033333333,1.96417901467,0.376797431683,-0.00494912066411,0.911058930524,0.376079490884,0.168925550611,0.982089507337,0.188398715841,-0.00247456033205,1.74113788728,0.840048950796,0.487273789237,1.7345673227870888,0.8471155868932589,0.49952155081434907
14.983333333333333,-42.23997689548595,-9.154344954642287,3.094800743949722,1.7199130170453054,0.8519167006119024,0.5342313268138722,1.964237844328828,0.3764860763393748,-0.005284432705735937,DEPTH_PROPOSAL_CERTIFIED,2.012676997660869,0,32,0,0,41,FULL_MOTION_CERTIFICATE,0,0,0,46,0,0,0,0,0,,15.05,1.96420845383,0.376641691822,-0.00511721525615,0.911058930524,0.376079490884,0.168925550611,0.982104226914,0.188320845911,-0.00255860762808,1.7472727339,0.833390619675,0.475953888403,1.7412043996428859,0.8399110791721056,0.48727378923668746
15.0,-42.21127705028608,-9.140169908834737,3.1036310167723644,1.721990711992464,0.8505027484529077,0.5298163693585153,1.9642671535750398,0.376330759806843,-0.005450560468020293,DEPTH_PROPOSAL_CERTIFIED,2.033825933338144,0,32,0,0,42,FULL_MOTION_CERTIFICATE,0,0,0,46,0,0,0,0,0,,15.066666666,1.96423784433,0.376486076339,-0.00528443270574,0.911058930524,0.376079490884,0.168925550611,0.982118922164,0.18824303817,-0.00264221635287,1.75294281906,0.827236707959,0.465491556459,1.747338590347797,0.8332525321131736,0.4759538884031635
15.016666666666667,-42.182538041844296,-9.126024413752369,3.112380071396902,1.7243405065069195,0.8487297049421,0.5249432774722256,1.9642963542544307,0.37617588928832246,-0.005615423482782757,DEPTH_PROPOSAL_CERTIFIED,2.0550383285756926,0,32,0,0,42,FULL_MOTION_CERTIFICATE,0,0,0,46,0,0,0,0,0,,15.083333333,1.96426715358,0.376330759807,-0.00545056046802,0.911058930524,0.376079490884,0.168925550611,0.982133576788,0.188165379903,-0.00272528023401,1.75818335265,0.821549001315,0.455821824809,1.7530079995832741,0.8270985741102459,0.4654915564594948
15.033333333333333,-42.15375622110587,-9.111913412025702,3.121041851459995,1.7269092443054894,0.8466601035999957,0.5197068037855999,1.9643254237228678,0.37602158749879494,-0.0057788797237779965,DEPTH_PROPOSAL_CERTIFIED,2.0763159307287284,0,32,0,0,42,FULL_MOTION_CERTIFICATE,0,0,0,46,0,0,0,0,0,,15.1,1.96429635425,0.376175889288,-0.00561542348278,0.911058930524,0.376079490884,0.168925550611,0.982148177127,0.188087944644,-0.00280771174139,1.76302687611,0.816292181548,0.446884648601,1.7582478454480441,0.8214109672263221,0.45582182480876154
15.05,-42.12492871674129,-9.097840927636888,3.1296116843574513,1.7296502618748855,0.8443490633288082,0.5141899738473545,1.9643543434481299,0.37586795564302405,-0.005940816206545921,DEPTH_PROPOSAL_CERTIFIED,2.097660051839501,0,32,0,0,44,FULL_MOTION_CERTIFICATE,0,0,0,46,0,0,0,0,0,,15.116666666,1.96432542372,0.376021587499,-0.00577887972378,0.911058930524,0.376079490884,0.168925550611,0.982162711861,0.188010793749,-0.00288943986189,1.7675034657,0.811433606001,0.438624531706,1.7630906762215146,0.8161543720203235,0.44688464860076527
15.066666666666666,-42.09605333824546,-9.08381017675382,3.1380861063431116,1.7325227097494817,0.8418450529841078,0.5084653191396427,1.9643830985115278,0.3757150759643855,-0.006101145410913743,DEPTH_PROPOSAL_CERTIFIED,2.119071624062041,0,32,0,0,44,FULL_MOTION_CERTIFICATE,0,0,0,46,0,0,0,0,0,,15.133333333,1.96435434345,0.375867955643,-0.00594081620655,0.911058930524,0.376079490884,0.168925550611,0.982177171724,0.187933977822,-0.00297040810327,1.77164091998,0.806943104075,0.430990180759,1.7675665738195572,0.8112961267787613,0.43862453170555327
15.083333333333334,-42.06712848925505,-9.069823667043895,3.1464627061843524,1.7354909394247282,0.8391905825954045,0.5025959904744198,1.9644116771617872,0.37556301403140613,-0.0062598020783037125,DEPTH_PROPOSAL_CERTIFIED,2.140551248770877,0,32,0,0,44,FULL_MOTION_CERTIFICATE,0,0,0,47,0,0,0,0,0,,15.15,1.96438309851,0.375715075964,-0.00610114541091,0.911058930524,0.376079490884,0.168925550611,0.982191549256,0.187857537982,-0.00305057270546,1.77546493074,0.802792791696,0.423934189744,1.7717033414627326,0.8068060438532253,0.43099018075870504
15.1,-42.03815309009375,-9.055883286574664,3.154739985570124,1.7385239496780145,0.8364228281538699,0.49663676314633076,1.964440070416154,0.37541182078710195,-0.006416740347621538,DEPTH_PROPOSAL_CERTIFIED,2.162099240021785,0,32,0,0,44,FULL_MOTION_CERTIFICATE,0,0,0,47,0,0,0,0,0,,15.166666666,1.96441167716,0.375563014031,-0.0062598020783,0.911058930524,0.376079490884,0.168925550611,0.982205838581,0.187781507016,-0.00312990103915,1.7789992435,0.798956897158,0.417412743904,1.7755266747681082,0.8026562239671468,0.4239341897436398
15.116666666666667,-42.00912650864373,-9.041990383310297,3.162917234628571,1.7415948870010376,0.8335741958619648,0.4906349435067918,1.964468271704133,0.3752615343838481,-0.006571931196926835,DEPTH_PROPOSAL_CERTIFIED,2.1837156629709904,0,32,0,0,44,FULL_MOTION_CERTIFICATE,0,0,0,47,0,0,0,0,0,,15.183333333,1.96444007042,0.375411820787,-0.00641674034762,0.911058930524,0.376079490884,0.168925550611,0.982220035208,0.187705910394,-0.00320837017381,1.7822658055,0.795411600467,0.411385346611,1.779060322341917,0.7988208819007245,0.41741274390442074
15.133333333333333,-41.980048498725395,-9.028145836119387,3.170994421064674,1.7446805951004989,0.8306728314546454,0.4846311861662026,1.9644962765496812,0.37511218182450695,-0.006725360160998996,DEPTH_PROPOSAL_CERTIFIED,2.2062388264859427,0,32,0,0,44,FULL_MOTION_CERTIFICATE,0,0,0,47,0,0,0,0,0,,15.2,1.9644682717,0.375261534384,-0.00657193119693,0.913995340166,0.393510936015,0.0988011203914,0.982234135852,0.187630767192,-0.00328596559846,1.78556347592,0.792324745795,0.403755875293,1.7823262339139276,0.7952761856853474,0.4113853466110095
15.15,-41.950918793491574,-9.014349878427927,3.178969492209271,1.747782314029309,0.8277574614875783,0.4785042686757919,1.9645240822880554,0.37496378042862777,-0.006877025297689245,DEPTH_PROPOSAL_CERTIFIED,2.2292106600368995,0,32,0,0,44,FULL_MOTION_CERTIFICATE,0,0,0,47,0,0,0,0,0,,15.216666666,1.96449627655,0.375112181825,-0.006725360161,0.913995340166,0.393510936015,0.0988011203914,0.982248138275,0.187556090912,-0.0033626800805,1.78884463576,0.789768893044,0.394546676007,1.7856232849607883,0.7921899478893619,0.40375587529278495
15.166666666666666,-41.92173716710634,-9.000602055508946,3.186838556292417,1.7508975831141291,0.8248693751389311,0.4721438449887622,1.9645516885692138,0.3748163360847978,-0.007026887206962807,DEPTH_PROPOSAL_CERTIFIED,2.252245144684867,0,32,0,0,44,FULL_MOTION_CERTIFICATE,0,0,0,47,0,0,0,0,0,,15.233333333,1.96452408229,0.374963780429,-0.00687702529769,0.913995340166,0.393510936015,0.0988011203914,0.982262041144,0.187481890214,-0.00343851264884,1.79204073227,0.787845926055,0.383797996512,1.7889038659489378,0.7896347216854325,0.3945466760069953
15.183333333333334,-41.892503518179645,-8.986901147981966,3.1945960725870823,1.7540189356018052,0.822054451618789,0.46545097767991067,1.9645790975446826,0.3746698422577919,-0.007174872336331474,DEPTH_PROPOSAL_CERTIFIED,2.2753397507234285,0,32,0,0,44,FULL_MOTION_CERTIFICATE,0,0,0,47,0,0,0,0,0,,15.25,1.96455168857,0.374816336085,-0.00702688720696,0.913995340166,0.393510936015,0.0988011203914,0.982275844285,0.187408168042,-0.00351344360348,1.79503314044,0.786724815952,0.371602487864,1.7920994359514522,0.7877123846730572,0.3837979965119259
15.2,-41.86321801009691,-8.973245016399332,3.202235093313798,1.7571304849641096,0.8193678949581051,0.45834124360297235,1.964606314181246,0.3745242783146523,-0.0073208764548909995,DEPTH_PROPOSAL_CERTIFIED,2.298577364112899,0,32,0,0,44,FULL_MOTION_CERTIFICATE,0,0,0,47,0,0,0,0,0,,15.266666666,1.96457909754,0.374669842258,-0.00717487233633,0.913995340166,0.393510936015,0.0988011203914,0.982289548772,0.187334921129,-0.00358743616817,1.79752992366,0.7867473202,0.358420651491,1.7950913871842253,0.7865919036977599,0.3716024878643193
15.216666666666667,-41.83388141952805,-8.959630239429782,3.2097479516767375,1.7601954341317414,0.8168866181730303,0.45077150177634306,1.96463334687522,0.37437960623984046,-0.007464769090359435,DEPTH_PROPOSAL_CERTIFIED,2.3220289664333764,0,32,0,0,44,FULL_MOTION_CERTIFICATE,0,0,0,47,0,0,0,0,0,,15.283333333,1.96460631418,0.374524278315,-0.00732087645489,0.913995340166,0.393510936015,0.0988011203914,0.982303157091,0.187262139157,-0.00366043822745,1.79983755679,0.786768119581,0.346237438315,1.7975878139768473,0.7866150413951198,0.3584206514914708
15.233333333333333,-41.80449470309839,-8.946053657139345,3.2171288225858112,1.7632029857795264,0.8145949374262375,0.44285225454444815,1.9646602088726364,0.37423576293106775,-0.007606406242772612,DEPTH_PROPOSAL_CERTIFIED,2.3454614369796083,0,32,0,0,44,FULL_MOTION_CERTIFICATE,0,0,0,47,0,0,0,0,0,,15.3,1.96463334688,0.37437960624,-0.00746476909036,0.913995340166,0.393510936015,0.0988011203914,0.982316673438,0.18718980312,-0.00373238454518,1.80197036922,0.786787343252,0.334977195853,1.7998951158825043,0.786636432315363,0.34623743831532455
15.25,-41.775058965665025,-8.932512351022709,3.2243734876126995,1.7661442460020624,0.8124783669981527,0.4346799016132623,1.9646869125420041,0.3740926892625816,-0.007745677921132779,DEPTH_PROPOSAL_CERTIFIED,2.3688748038016767,0,32,0,0,44,FULL_MOTION_CERTIFICATE,0,0,0,47,0,0,0,0,0,,15.316666666,1.96466020887,0.374235762931,-0.00760640624277,0.913995340166,0.393510936015,0.0988011203914,0.982330104436,0.187117881466,-0.00380320312139,1.80394160483,0.786805110583,0.324570002703,1.802027620717,0.7866562077755195,0.3349771958528003
15.266666666666667,-41.745575432366934,-8.91900362555981,3.2314791249894483,1.769011997885434,0.8105235277738554,0.4263382426049217,1.9647134694258273,0.373950329843595,-0.007882503827774098,DEPTH_PROPOSAL_CERTIFIED,2.3922696454814045,0,32,0,0,44,FULL_MOTION_CERTIFICATE,0,0,0,47,0,0,0,0,0,,15.333333333,1.96468691254,0.374092689263,-0.00774567792113,0.913995340166,0.393510936015,0.0988011203914,0.982343456271,0.187046344631,-0.00387283896057,1.80576350453,0.786821531905,0.314951232668,1.8039985708625652,0.7866744892374298,0.324570002703172
15.283333333333333,-41.71604542405883,-8.905524991181164,3.2384441222021354,1.7718004984867535,0.8087180627188695,0.41789983276124154,1.9647398902898112,0.37380863279054655,-0.00801682950069448,DEPTH_PROPOSAL_CERTIFIED,2.4156469937026666,0,32,0,0,44,FULL_MOTION_CERTIFICATE,0,0,0,47,0,0,0,0,0,,15.35,1.96471346943,0.373950329844,-0.00788250382777,0.913995340166,0.393510936015,0.0988011203914,0.982356734713,0.186975164922,-0.00394125191389,1.80744738152,0.786836709187,0.306061157348,1.805820205822854,0.7866913890480396,0.31495123266833724
15.3,-41.68647033577722,-8.892074148534338,3.2452679089660688,1.7745052968961426,0.8070505588095127,0.4094272058359717,1.9647661851697944,0.3736675495124885,-0.008148622869250489,DEPTH_PROPOSAL_CERTIFIED,2.4390082488006937,0,32,0,0,44,FULL_MOTION_CERTIFICATE,0,0,0,47,0,0,0,0,0,,15.366666666,1.96473989029,0.373808632791,-0.00801682950069,0.913995340166,0.393510936015,0.0988011203914,0.982369945145,0.186904316395,-0.00400841475035,1.80900369197,0.786850736675,0.297844573088,1.8075038374906889,0.7867070111153611,0.3060611573476851
15.316666666666666,-41.65685161791998,-8.878648973952243,3.251950808567441,1.7771230714345359,0.805510474925749,0.400973976082345,1.964792363416464,0.3735270345089182,-0.008277871182862186,DEPTH_PROPOSAL_CERTIFIED,2.462355106751144,0,32,0,0,44,FULL_MOTION_CERTIFICATE,0,0,0,47,0,0,0,0,0,,15.383333333,1.96476618517,0.373667549512,-0.00814862286925,0.913995340166,0.393510936015,0.0988011203914,0.982383092585,0.186833774756,-0.00407431143463,1.81044210021,0.786863701475,0.290250456852,1.809059920802935,0.7867214515438301,0.29784457308809265
15.333333333333334,-41.62719075985127,-8.86524750603139,3.2584939057455435,1.779651484122687,0.8040880752511614,0.39258583068614183,1.9648184337378856,0.37338704517940186,-0.008404578275976573,DEPTH_PROPOSAL_CERTIFIED,2.4856894962340657,0,32,0,0,44,FULL_MOTION_CERTIFICATE,0,0,0,48,0,0,0,0,0,,15.4,1.96479236342,0.373527034509,-0.00827787118286,0.913995340166,0.393510936015,0.0988011203914,0.982396181708,0.186763517254,-0.00413893559143,1.81177153812,0.786875684093,0.283231652464,1.8104981189181282,0.7867347992211943,0.2902504568524691
15.35,-41.59748927567332,-8.851867933235408,3.2648989294662947,1.7820890506770872,0.8027743677589773,0.3843014232451,1.9648444042399054,0.37324754164436147,-0.008528762135976916,DEPTH_PROPOSAL_CERTIFIED,2.508666199219053,0,32,0,0,44,FULL_MOTION_CERTIFICATE,0,0,0,48,0,0,0,0,0,,15.416666666,1.96481843374,0.373387045179,-0.00840457827598,0.982409216869,0.18669352259,-0.00420228913799,0.982409216869,0.18669352259,-0.00420228913799,1.81357280876,0.785447041378,0.275520208768,1.811827362640774,0.7867471363543296,0.28323165246438387
15.366666666666667,-41.56774796914499,-8.838510400321788,3.271166603168768,1.7844783916995763,0.8014519748171708,0.37606042214837265,1.9648702824644628,0.3731084865764213,-0.008650452743939451,DEPTH_PROPOSAL_CERTIFIED,2.527797197611386,0,32,0,0,44,FULL_MOTION_CERTIFICATE,0,0,0,48,0,0,0,0,0,,15.433333333,1.96484440424,0.373247541644,-0.00852876213598,0.98242220212,0.186623770822,-0.00426438106799,0.98242220212,0.186623770822,-0.00426438106799,1.81584432399,0.782567620976,0.267136535133,1.8136283521739416,0.7853187809271328,0.27552020876830435
15.383333333333333,-41.53796698951952,-8.825176872912229,3.277296746710867,1.7868587775283342,0.8000116445735784,0.36780861252596575,1.9648960688826629,0.37296988018883026,-0.0087696614180469,DEPTH_PROPOSAL_CERTIFIED,2.5467703146276275,0,32,0,0,44,FULL_MOTION_CERTIFICATE,0,0,0,48,0,0,0,0,0,,15.45,1.96487028246,0.373108486576,-0.00865045274394,0.982435141232,0.186554243288,-0.00432522637197,0.982435141232,0.186554243288,-0.00432522637197,1.81858424576,0.77822661527,0.258103137157,1.8158994846391827,0.7824396156017508,0.267136535132595
15.4,-41.50814588346621,-8.811871013152922,3.2832883732386127,1.7892663631982384,0.798351585558377,0.35949759166471484,1.9649217573934603,0.3728317576663669,-0.008886382683858524,DEPTH_PROPOSAL_CERTIFIED,2.565566377165149,0,32,0,0,44,FULL_MOTION_CERTIFICATE,0,0,0,48,0,0,0,0,0,,15.466666666,1.96489606888,0.372969880189,-0.00876966141805,0.982448034441,0.186484940094,-0.00438483070902,0.982448034441,0.186484940094,-0.00438483070902,1.82179044756,0.772412597418,0.248444764074,1.8186389083710668,0.7780988655729214,0.25810313715745914
15.416666666666666,-41.478283643421285,-8.798598065578837,3.2891397815497023,1.7917344026957887,0.7963768544451775,0.35108449866540475,1.964947335780995,0.3726941868044882,-0.009000596053104912,DEPTH_PROPOSAL_CERTIFIED,2.584187874948408,0,32,0,0,44,FULL_MOTION_CERTIFICATE,0,0,0,48,0,0,0,0,0,,15.483333333,1.96492175739,0.372831757666,-0.00888638268386,0.982460878697,0.186415878833,-0.00444319134193,0.982460878697,0.186415878833,-0.00444319134193,1.82546042753,0.765113359902,0.238189053339,1.821844484565904,0.7722851348641412,0.24844476407381533
15.433333333333334,-41.44837875274781,-8.785364752612477,3.294848645106592,1.7942934404088002,0.7939987779815112,0.3425318134133777,1.9649727861338877,0.37255726584003024,-0.009112267721476022,DEPTH_PROPOSAL_CERTIFIED,2.60278744042434,0,32,0,0,44,FULL_MOTION_CERTIFICATE,0,0,0,48,0,0,0,0,0,,15.5,1.96494733578,0.372694186804,-0.0090005960531,0.98247366789,0.186347093402,-0.00450029802655,0.98247366789,0.186347093402,-0.00450029802655,1.82959117815,0.756315712221,0.227367449167,1.8255137005075388,0.7649862451247842,0.23818905333865298
15.45,-41.418429228110966,-8.772179179222421,3.3004120991126658,1.7969714782106725,0.7911344034033986,0.3338072403644452,1.9649980852286455,0.37242112146229883,-0.009221352206774492,DEPTH_PROPOSAL_CERTIFIED,2.6212033150945797,0,32,0,0,44,FULL_MOTION_CERTIFICATE,0,0,0,48,0,0,0,0,0,,15.516666666,1.96497278613,0.37255726584,-0.00911226772148,0.982486393067,0.18627863292,-0.00455613386074,0.982486393067,0.18627863292,-0.00455613386074,1.83417898826,0.746005213551,0.216016549872,1.8296435393935153,0.7561890335504222,0.2273674491674622
15.466666666666667,-41.38843265952938,-8.759050746384936,3.3058268274994314,1.7997941148950738,0.7877059702490338,0.32488370320591664,1.9650232048789869,0.3722859069949764,-0.009327793953662693,DEPTH_PROPOSAL_CERTIFIED,2.6394209063148146,0,32,0,0,44,FULL_MOTION_CERTIFICATE,0,0,0,48,0,0,0,0,0,,15.533333333,1.96499808523,0.372421121462,-0.00922135220677,0.982499042614,0.186210560731,-0.00461067610339,0.982499042614,0.186210560731,-0.00461067610339,1.83921912152,0.734165819822,0.204180197727,1.8342302824447676,0.745879085765786,0.21601654987187427
15.483333333333333,-41.35838624868446,-8.745990073127173,3.311089152470187,1.8027846506950076,0.7836403954658194,0.31573949824536035,1.9650481122524608,0.37215180074118326,-0.009431528939381494,DEPTH_PROPOSAL_CERTIFIED,2.657428346784124,0,32,0,0,44,FULL_MOTION_CERTIFICATE,0,0,0,48,0,0,0,0,0,,15.55,1.96502320488,0.372285906995,-0.00932779395366,0.982511602439,0.186142953497,-0.00466389697683,0.982511602439,0.186142953497,-0.00466389697683,1.84470525193,0.7207794329,0.191912943501,1.8392691874542022,0.7340403831106018,0.20418019772656704
15.5,-41.32828684633233,-8.733008927070696,3.3161951307809123,1.8059641411277183,0.7788687633885311,0.3063586986434886,1.965072770155244,0.3720190044860184,-0.009532486329757419,DEPTH_PROPOSAL_CERTIFIED,2.67521661804146,0,32,0,0,44,FULL_MOTION_CERTIFICATE,0,0,0,48,0,0,0,0,0,,15.566666666,1.96504811225,0.372151800741,-0.00943152893938,0.982524056126,0.186075900371,-0.00471576446969,0.982524056126,0.186075900371,-0.00471576446969,1.85062838444,0.705825364237,0.179286277087,1.8447539244067859,0.7206548520456157,0.19191294350065918
15.516666666666667,-41.298123036982915,-8.720140898106958,3.321124395160884,1.8098285609650826,0.7720817378241757,0.2957558627983058,1.965097137285556,0.37188774215250625,-0.009630590263546436,DEPTH_PROPOSAL_CERTIFIED,2.692790942106128,0,32,0,0,44,FULL_MOTION_CERTIFICATE,0,0,0,48,0,0,0,0,0,,15.583333333,1.96507277016,0.372019004486,-0.00953248632976,0.982536385078,0.186009502243,-0.00476624316488,0.982536385078,0.186009502243,-0.00476624316488,1.85697448298,0.689280025939,0.166401265487,1.8569744829809258,0.6892800259390445,0.16640126548708262
15.533333333333333,-41.26789964282924,-8.707377570673813,3.325890333029099,1.8134036492206613,0.7657996459887237,0.28595627209291063,1.9651210941014692,0.37175865957833504,-0.009725458650595773,DEPTH_PROPOSAL_CERTIFIED,2.710137403046947,0,32,0,0,44,FULL_MOTION_CERTIFICATE,0,0,0,48,0,0,0,0,0,,15.6,1.96509713729,0.371887742153,-0.00963059026355,0.982548568643,0.185943871076,-0.00481529513177,0.982548568643,0.185943871076,-0.00481529513177,1.86371806132,0.671119027217,0.153419149802,1.857019725938723,0.6891581255962058,0.16640126548708262
15.55,-41.23761266562565,-8.694733941539358,3.330488926045937,1.817218632215705,0.758617748067234,0.27591558101027125,1.9651446717458738,0.3716315903915524,-0.00981733832803033,DEPTH_PROPOSAL_CERTIFIED,2.727256197457546,0,32,0,0,44,FULL_MOTION_CERTIFICATE,0,0,0,48,0,0,0,0,0,,15.616666666,1.9651210941,0.371758659578,-0.0097254586506,0.982560547051,0.185879329789,-0.0048627293253,0.982560547051,0.185879329789,-0.0048627293253,1.87079756874,0.651340856434,0.140659924367,1.8637614247552337,0.670998593425064,0.15341914980207755
15.566666666666666,-41.20725798607341,-8.682225912902954,3.334916741718528,1.8212807731344367,0.7504817181842368,0.26566894035547883,1.9651678173851297,0.37150682048988615,-0.00990615178868642,DEPTH_PROPOSAL_CERTIFIED,2.7441506031885172,0,32,0,0,44,FULL_MOTION_CERTIFICATE,0,0,0,48,0,0,0,0,0,,15.633333333,1.96514467175,0.371631590392,-0.00981733832803,0.982572335873,0.185815795196,-0.00490866916402,0.982572335873,0.185815795196,-0.00490866916402,1.87793486511,0.630362788731,0.129055985453,1.8708388923429669,0.6512221536116649,0.14065992436700359
15.583333333333334,-41.17683172413456,-8.669869696891569,3.3391720662864444,1.8255757163308375,0.7413729606831012,0.2553194740749706,1.9651904749687925,0.3713846528571889,-0.009991832368311944,DEPTH_PROPOSAL_CERTIFIED,2.732850839233977,0,32,0,0,44,FULL_MOTION_CERTIFICATE,0,0,0,49,0,0,0,0,0,,15.65,1.96516781739,0.37150682049,-0.00990615178869,0.982583908693,0.185753410245,-0.00495307589434,0.982583908693,0.185753410245,-0.00495307589434,1.88458773483,0.610637857874,0.118438330911,1.8779740233269246,0.6302461191692529,0.12905598545277683
15.6,-41.146330905317676,-8.65767869476337,3.343254561128143,1.8300491290130083,0.731460127692029,0.24494969050192564,1.9652125873796136,0.37126539559913113,-0.010074345405352767,DEPTH_PROPOSAL_CERTIFIED,2.713202918353874,0,32,0,0,44,FULL_MOTION_CERTIFICATE,0,0,0,49,0,0,0,0,0,,15.666666666,1.96519047497,0.371384652857,-0.00999183236831,0.982595237484,0.185692326429,-0.00499591618416,0.982595237484,0.185692326429,-0.00499591618416,1.89076353428,0.592309124394,0.108595801421,1.884624763735496,0.6105235652009396,0.11843833091076979
15.616666666666667,-41.11575338275182,-8.645663529284574,3.347164891968477,1.8346513539512905,0.7209099287276362,0.2346198504200289,1.9652341075187358,0.37114930336692753,-0.010153681858433301,DEPTH_PROPOSAL_CERTIFIED,2.6940493721216243,0,32,0,0,44,FULL_MOTION_CERTIFICATE,0,0,0,49,0,0,0,0,0,,15.683333333,1.96521258738,0.371265395599,-0.0100743454054,0.982617053759,0.185574651683,-0.00507684092922,0.98260629369,0.1856326978,-0.00503717270268,1.89646214233,0.575386888628,0.0995094638415,1.8907984981983303,0.5921975013620515,0.10859580142089541
15.633333333333333,-41.08509777462029,-8.633832242279848,3.3509046288863633,1.8393364878920822,0.7098772202836287,0.22438421507317427,1.9652549981689533,0.37103657813202257,-0.010229851417685521,DEPTH_PROPOSAL_CERTIFIED,2.675369287890203,0,32,0,0,44,FULL_MOTION_CERTIFICATE,0,0,0,49,0,0,0,0,0,,15.7,1.96523410752,0.371149303367,-0.0101536818584,0.982617053759,0.185574651683,-0.00507684092922,0.982617053759,0.185574651683,-0.00507684092922,1.90168633081,0.559872239728,0.0911790384847,1.8964951219697428,0.5752781772667294,0.09950946384154022
15.65,-41.05436340268701,-8.622190488843868,3.354476177449971,1.8440623159967156,0.6985052061587013,0.21429291381647028,1.9652752312825794,0.37092737288750405,-0.010302880664119966,DEPTH_PROPOSAL_CERTIFIED,2.6571416853151586,0,32,0,0,44,FULL_MOTION_CERTIFICATE,0,0,0,49,0,0,0,0,0,,15.716666666,1.96525499817,0.371036578132,-0.0102298514177,0.982627499084,0.185518289066,-0.00511492570884,0.982627499084,0.185518289066,-0.00511492570884,1.90650213875,0.545566508362,0.0834965471327,1.9017174188732389,0.5597666338345939,0.09117903848468831
15.666666666666666,-41.02355015561495,-8.610741969061,3.3578825790859477,1.8487948243239183,0.6869111869721523,0.20438409815861078,1.9652947872804905,0.3708217952916496,-0.010372811808269633,DEPTH_PROPOSAL_CERTIFIED,2.639345704465202,0,32,0,0,44,FULL_MOTION_CERTIFICATE,0,0,0,49,0,0,0,0,0,,15.733333333,1.96527523128,0.370927372888,-0.0103028806641,0.982637615641,0.185463686444,-0.00515144033206,0.982637615641,0.185463686444,-0.00515144033206,1.91095464585,0.532336270561,0.0763905297333,1.9065314259157966,0.5454641528962454,0.08349654713271723
15.683333333333334,-40.992658389101884,-8.5994887446271,3.3611273726809836,1.8535059907836111,0.6751934660339224,0.19468761570214438,1.9653136535076328,0.37071991586860953,-0.01043969898281949,DEPTH_PROPOSAL_CERTIFIED,2.621960747127316,0,32,0,0,44,FULL_MOTION_CERTIFICATE,0,0,0,49,0,0,0,0,0,,15.75,1.96529478728,0.370821795292,-0.0103728118083,0.98264739364,0.185410897646,-0.00518640590413,0.98264739364,0.185410897646,-0.00518640590413,1.91507132331,0.52010032522,0.069817549182,1.9109822215918606,0.5322372705875256,0.07639052973326073
15.7,-40.961688855813755,-8.588431465538518,3.364214502050615,1.8581719972879223,0.6634367453149854,0.18522776217789066,1.9653318231006884,0.3706217740170928,-0.01050360567360667,DEPTH_PROPOSAL_CERTIFIED,2.6049665878312713,0,32,0,0,44,FULL_MOTION_CERTIFICATE,0,0,0,49,0,0,0,0,0,,15.766666666,1.96531365351,0.370719915869,-0.0104396989828,0.982656826754,0.185359957934,-0.00521984949141,0.982656826754,0.185359957934,-0.00521984949141,1.9188775603,0.508783627995,0.0637374548673,1.915097276640523,0.5200047525439456,0.06981754918198822
15.716666666666667,-40.93064264325626,-8.577569571828679,3.3671482345675816,1.8627727534495835,0.6517136225902651,0.17602395101799334,1.965349294178548,0.37052738230157145,-0.010564603003804062,DEPTH_PROPOSAL_CERTIFIED,2.5883434659839346,0,32,0,0,44,FULL_MOTION_CERTIFICATE,0,0,0,49,0,0,0,0,0,,15.783333333,1.9653318231,0.370621774017,-0.0105036056736,0.982656826754,0.185359957934,-0.00521984949141,0.98266591155,0.185310887009,-0.0052518028368,1.92239544622,0.498324255655,0.0581179734026,1.918901978621847,0.5086915253486854,0.06373745486725203
15.733333333333333,-40.89952112052019,-8.566901463449698,3.36993309590069,1.8672913641643154,0.6400865027389491,0.16709167998652347,1.9653660691230164,0.370436730272804,-0.010622768223880537,DEPTH_PROPOSAL_CERTIFIED,2.5720721613275392,0,32,0,0,44,FULL_MOTION_CERTIFICATE,0,0,0,49,0,0,0,0,0,,15.8,1.96534929418,0.370527382302,-0.0105646030038,0.982674647089,0.185263691151,-0.0052823015019,0.982674647089,0.185263691151,-0.0052823015019,1.92564952567,0.488642674146,0.0529147478132,1.922418414884047,0.49823564055288405,0.05811797340258426
15.75,-40.86832588596315,-8.556424679516173,3.3725737944406506,1.8717140734222737,0.6286070360114643,0.15844191239763394,1.9653821539731682,0.3703497876885016,-0.010678183500522926,DEPTH_PROPOSAL_CERTIFIED,2.5561340556566017,0,32,0,0,44,FULL_MOTION_CERTIFICATE,0,0,0,49,0,0,0,0,0,,15.816666666,1.96536606912,0.370436730273,-0.0106227682239,0.982683034562,0.185218365136,-0.00531138411194,0.982683034562,0.185218365136,-0.00531138411194,1.9286583546,0.479687678757,0.0481012998211,1.9256711263693627,0.4885575419361573,0.0529147478131873
15.766666666666667,-40.83705872641549,-8.546136028195951,3.375075174025338,1.8760295728596337,0.6173190792132348,0.15008277508122936,1.9653975577901144,0.3702665079063954,-0.010730934509930063,DEPTH_PROPOSAL_CERTIFIED,2.540511179821289,0,32,0,0,44,FULL_MOTION_CERTIFICATE,0,0,0,49,0,0,0,0,0,,15.833333333,1.96538215397,0.370349787689,-0.0106781835005,0.982691076987,0.185174893844,-0.00533909175026,0.982691076987,0.185174893844,-0.00533909175026,1.93144046067,0.471404505025,0.0436483085713,1.928678665995422,0.479606006274842,0.048101299821098877
15.783333333333333,-40.80572157951305,-8.536031711252146,3.377442166657361,1.8802288141468624,0.6062590166282804,0.14201955792138746,1.965412292195181,0.37018683035024696,-0.010781109558932085,DEPTH_PROPOSAL_CERTIFIED,2.5251862503516485,0,32,0,0,44,FULL_MOTION_CERTIFICATE,0,0,0,49,0,0,0,0,0,,15.85,1.96539755779,0.370266507906,-0.0107309345099,0.982698778895,0.185133253953,-0.00536546725497,0.982698778895,0.185133253953,-0.00536546725497,1.93401296808,0.463742535393,0.0395286688616,1.9314595578510563,0.4713262530918289,0.04364830857131012
15.8,-40.77431650065567,-8.526107433911045,3.3796797516011776,1.8843047314422638,0.5954566404660404,0.1342550966289752,1.9654263709287056,0.3701106828728957,-0.010828798704215357,DEPTH_PROPOSAL_CERTIFIED,2.506243784183886,0,32,0,0,44,FULL_MOTION_CERTIFICATE,0,0,0,49,0,0,0,0,0,,15.866666666,1.9654122922,0.37018683035,-0.0107811095589,0.982706146098,0.185093415175,-0.00539055477947,0.982706146098,0.185093415175,-0.00539055477947,1.93639170466,0.456654982264,0.035717322164,1.9340309224461603,0.46366765128671894,0.03952866886155065
15.816666666666666,-40.74284563410581,-8.516358501568096,3.3817929201630936,1.8882519929916457,0.5849359405770123,0.1267901137149599,1.965439809461443,0.3700379838419605,-0.010874092989464127,DEPTH_PROPOSAL_CERTIFIED,2.48674501715519,0,32,0,0,44,FULL_MOTION_CERTIFICATE,0,0,0,49,0,0,0,0,0,,15.883333333,1.96542637093,0.370110682873,-0.0108287987042,0.982713185464,0.185055341436,-0.00541439935211,0.982713185464,0.185055341436,-0.00541439935211,1.93859130063,0.450098595816,0.0321911008156,1.936408583894106,0.45658340193086033,0.03571732216396796
15.833333333333334,-40.711311187788596,-8.506779904698304,3.3837866455269046,1.892066779032904,0.5747158121874674,0.11962352182864068,1.9654526246530695,0.36996864397667073,-0.010917083787599431,DEPTH_PROPOSAL_CERTIFIED,2.467563451195697,0,32,0,0,44,FULL_MOTION_CERTIFICATE,0,0,0,50,0,0,0,0,0,,15.9,1.96543980946,0.370037983842,-0.0108740929895,0.982719904731,0.185018991921,-0.00543704649473,0.982719904731,0.185018991921,-0.00543704649473,1.94062527861,0.444033397818,0.0289285860681,1.9386071687362527,0.45003024583502677,0.032191100815550856
15.85,-40.679715411399464,-8.49736639320104,3.3856658570829365,1.8957465833479208,0.5648106898359506,0.11275269336193362,1.9654648344528176,0.3699025679615689,-0.010957862236569095,DEPTH_PROPOSAL_CERTIFIED,2.448698227135821,0,32,0,0,44,FULL_MOTION_CERTIFICATE,0,0,0,50,0,0,0,0,0,,15.916666666,1.96545262465,0.369968643977,-0.0109170837876,0.982726312327,0.184984321988,-0.0054585418938,0.982726312327,0.184984321988,-0.0054585418938,1.94250613809,0.438422431842,0.0259099748361,1.940640195991128,0.4439681971474395,0.02892858606810246
15.866666666666667,-40.648060577461955,-8.488112541295283,3.3874354187418403,1.8992900362503455,0.5552311143453671,0.10617369953422183,1.9654764576377808,0.369839655860263,-0.010996518758336354,DEPTH_PROPOSAL_CERTIFIED,2.430147547145097,0,32,0,0,44,FULL_MOTION_CERTIFICATE,0,0,0,50,0,0,0,0,0,,15.933333333,1.96546483445,0.369902567962,-0.0109578622366,0.982732417226,0.184951283981,-0.00547893111828,0.982732417226,0.184951283981,-0.00547893111828,1.9442454333,0.433231532959,0.0231169568202,1.942520161659925,0.4383602933602545,0.025909974836142234
15.883333333333333,-40.61634695083756,-8.479018792920353,3.389096847702542,1.9028175974638255,0.5456249024958376,0.09968573764208749,1.9654875135848369,0.3697798043502683,-0.011033142651697005,DEPTH_PROPOSAL_CERTIFIED,2.4119070534038944,0,32,0,0,44,FULL_MOTION_CERTIFICATE,0,0,0,50,0,0,0,0,0,,15.95,1.96547645764,0.36983965586,-0.0109965187583,0.982738228819,0.18491982793,-0.00549825937917,0.982738228819,0.18491982793,-0.00549825937917,1.94585384427,0.428429117932,0.020532602558,1.9458538442682825,0.428429117931571,0.02053260255804361
15.9,-40.58457896990112,-8.470073089953665,3.390658335836117,1.9060788561861866,0.5367421780012605,0.09368928801450811,1.9654980006701184,0.3697230234086755,-0.011067760537505038,DEPTH_PROPOSAL_CERTIFIED,2.3939750740724492,0,32,0,0,44,FULL_MOTION_CERTIFICATE,0,0,0,50,0,0,0,0,0,,15.966666666,1.96548751358,0.36977980435,-0.0110331426517,0.982743756792,0.184889902175,-0.00551657132585,0.982743756792,0.184889902175,-0.00551657132585,1.9473412434,0.423985988293,0.0181412583196,1.9458662125989903,0.42837293916742514,0.02053260255804361
15.916666666666666,-40.55275887530913,-8.461269823350445,3.3921244350433093,1.9092056755197706,0.5281959961931877,0.08796595243156283,1.965507961922328,0.36966908172020924,-0.011100524315308414,DEPTH_PROPOSAL_CERTIFIED,2.3763478222241265,0,32,0,0,44,FULL_MOTION_CERTIFICATE,0,0,0,50,0,0,0,0,0,,15.983333333,1.96549800067,0.369723023409,-0.0110677605375,0.982749000335,0.184861511704,-0.00553388026875,0.982749000335,0.184861511704,-0.00553388026875,1.94871675534,0.419875157537,0.0159284538165,1.947352871389498,0.4239325781346934,0.01814125831962613
15.933333333333334,-40.52088728685229,-8.452608127870109,3.393496992396317,1.9122953074100493,0.5197017288201444,0.08235344118046486,1.9655174173100862,0.36961787235396126,-0.011131517741014545,DEPTH_PROPOSAL_CERTIFIED,2.3590192677254542,0,32,0,0,44,FULL_MOTION_CERTIFICATE,0,0,0,50,0,0,0,0,0,,16,1.96550796192,0.36966908172,-0.0111005243153,0.982753980961,0.18483454086,-0.00555026215765,0.982753980961,0.18483454086,-0.00555026215765,1.94998881647,0.416071666869,0.0138808039171,1.949988816471448,0.41607166686902153,0.013880803917073413
15.95,-40.488968092628795,-8.444077339133862,3.3947830943992447,1.915151653409982,0.5118473241748543,0.07716612017566278,1.9655263698296097,0.3695693799962164,-0.011160773882143109,DEPTH_PROPOSAL_CERTIFIED,2.341986521070912,0,32,0,0,44,FULL_MOTION_CERTIFICATE,0,0,0,50,0,0,0,0,0,,16.016666666,1.96551741731,0.369617872354,-0.011131517741,0.985416651689,0.169440258201,-0.0156211866992,0.982758708655,0.184808936177,-0.00556575887051,1.95146720318,0.410894545028,0.010912098316,1.9499990746091636,0.41602358750230883,0.013880803917073413
15.966666666666667,-40.4570030333101,-8.435674073632354,3.395985542334168,1.917903559121434,0.504195930090459,0.07214687609538785,1.9655348574895948,0.3695234000115739,-0.0111884242521265,DEPTH_PROPOSAL_CERTIFIED,2.325243876111774,0,32,0,0,44,FULL_MOTION_CERTIFICATE,0,0,0,50,0,0,0,0,0,,16.033333333,1.96552636983,0.369569379996,-0.0111607738821,0.985416651689,0.169440258201,-0.0156211866992,0.982763184915,0.184784689998,-0.00558038694107,1.95293433201,0.405438936689,0.00771857766775,1.9514768088011454,0.410848922260841,0.010912098316036957
15.983333333333333,-40.42499373188724,-8.4273955558837,3.39710664140744,1.9205580853715751,0.49671106491923755,0.06726594439632443,1.9655428924940608,0.3694798672564879,-0.011214519972304635,DEPTH_PROPOSAL_CERTIFIED,2.3087848855538926,0,32,0,0,44,FULL_MOTION_CERTIFICATE,0,0,0,50,0,0,0,0,0,,16.05,1.96553485749,0.369523400012,-0.0111884242521,0.985416651689,0.169440258201,-0.0156211866992,0.982767428745,0.184761700006,-0.00559421212606,1.95429031472,0.400396632021,0.00476699040674,1.952943305623299,0.40539570983032985,0.007718577667747072
16.0,-40.39294182869152,-8.419238698881667,3.3981488276600182,1.9231141917432244,0.48941142012195243,0.06253117515468916,1.9655504849379224,0.36943872797337074,-0.011239102887488747,DEPTH_PROPOSAL_CERTIFIED,2.2917140529966793,0,32,0,0,45,FULL_MOTION_CERTIFICATE,0,0,0,50,0,0,0,0,0,,16.066666666,1.96554289249,0.369479867256,-0.0112145199723,0.985416651689,0.169440258201,-0.0156211866992,0.982771446247,0.184739933628,-0.00560725998615,1.95554357138,0.395736320418,0.00203900840942,1.954298689477345,0.400355753595079,0.004766990406742058
16.016666666666666,-40.36084896945119,-8.411200167237732,3.3991146349141808,1.9255715544198058,0.48231189863615404,0.05794843524974469,1.9655576459709099,0.36939992261159343,-0.011262217359148653,DEPTH_PROPOSAL_CERTIFIED,2.2715572186449,0,32,0,0,45,FULL_MOTION_CERTIFICATE,0,0,0,50,0,0,0,0,0,,16.083333333,1.96555048494,0.369438727973,-0.0112391028875,0.985416651689,0.169440258201,-0.0156211866992,0.982775242469,0.184719363987,-0.00561955144374,1.95670188444,0.391429062452,-0.000482308444623,1.9555513790741017,0.3956977365094081,0.0020390084094187555
16.033333333333335,-40.32871679505806,-8.403276432544176,3.40000666597681,1.9279304635877286,0.4754240816133174,0.05352186375774647,1.965564387579519,0.3693633870082794,-0.011283909647091212,DEPTH_PROPOSAL_CERTIFIED,2.2513307167443144,0,32,0,0,45,FULL_MOTION_CERTIFICATE,0,0,0,50,0,0,0,0,0,,16.1,1.96555764597,0.369399922612,-0.0112622173591,0.985416651689,0.169440258201,-0.0156211866992,0.982778822985,0.184699961306,-0.00563110867957,1.9577724465,0.387448111914,-0.00281261644226,1.956709155436383,0.39139271393472497,-0.00048230844462264456
16.05,-40.29654693285408,-8.395463821772434,3.4008275676452473,1.9301917322386906,0.46875664630451,0.0492541001062307,1.9655707223960663,0.3693290534238685,-0.011304227370142052,DEPTH_PROPOSAL_CERTIFIED,2.2312231743287314,0,32,0,0,45,FULL_MOTION_CERTIFICATE,0,0,0,50,0,0,0,0,0,,16.116666666,1.96556438758,0.369363387008,-0.0112839096471,0.807558307681,0.585858438455,-0.0679666814449,0.98278219379,0.184681693504,-0.00564195482355,1.95819972191,0.384997793151,-0.0052882749205,1.9577792097804272,0.387413935537055,-0.0028126164422649738
16.066666666666666,-40.264341699068105,-8.387757007610048,3.4015796026785496,1.932314027158418,0.4624088497432307,0.045122101998145286,1.96557666353198,0.36929685144761176,-0.011323219037447985,DEPTH_PROPOSAL_CERTIFIED,2.2113159759015097,0,32,0,0,46,FULL_MOTION_CERTIFICATE,0,0,0,50,0,0,0,0,0,,16.133333333,1.9655707224,0.369329053424,-0.0113042273701,0.807558307681,0.585858438455,-0.0679666814449,0.982785361198,0.184664526712,-0.00565211368507,1.95798452128,0.384078922841,-0.00790417505153,1.9582060251790943,0.38496573169561843,-0.00528827492049983
16.083333333333332,-40.232104045602576,-8.380149132797717,3.40226468534184,1.9342592079318126,0.45647248873990137,0.041104959797412785,1.9655822302405195,0.3692666781089133,-0.01134092593720062,DEPTH_PROPOSAL_CERTIFIED,2.191511554478378,0,32,0,0,46,FULL_MOTION_CERTIFICATE,0,0,0,51,0,0,0,0,0,,16.149999999,1.96557666353,0.369296851448,-0.0113232190374,0.807558307681,0.585858438455,-0.0679666814449,0.982788331766,0.184648425724,-0.00566160951872,1.95712765918,0.384692300428,-0.0106552210009,1.9579904133672288,0.3840488844992788,-0.007904175051526734
16.1,-40.19983751084659,-8.372631925065374,3.402884414241496,1.9359920853585344,0.4510324639405509,0.03718373397935557,1.965587447461952,0.36923840027274124,-0.011357382798678008,DEPTH_PROPOSAL_CERTIFIED,2.1718114364183245,0,32,0,0,46,FULL_MOTION_CERTIFICATE,0,0,0,51,0,0,0,0,0,,16.166666666,1.96558223024,0.369266678109,-0.0113409259372,0.807558307681,0.585858438455,-0.0679666814449,0.98279111512,0.184633339054,-0.0056704629686,1.95562995701,0.386838711135,-0.0135363118577,1.9571331899645357,0.3846641613884863,-0.010655221000934297
16.116666666666667,-40.167546174206514,-8.36519580337578,3.4034401026792365,1.937480198404899,0.44616730137562416,0.03334130626443075,1.9655923454034778,0.3692118568544173,-0.011372618404254136,DEPTH_PROPOSAL_CERTIFIED,2.1522172639270454,0,32,0,0,46,FULL_MOTION_CERTIFICATE,0,0,0,51,0,0,0,0,0,,16.183333333,1.96558744746,0.369238400273,-0.0113573827987,0.807558307681,0.585858438455,-0.0679666814449,0.982793723731,0.184619200136,-0.00567869139934,1.95349224655,0.390518928484,-0.016542321008,1.9556351775705496,0.38681231808351385,-0.013536311857654932
16.133333333333333,-40.13523461406746,-8.357829976131077,3.4039328067391077,1.9386936083436592,0.44194963468219467,0.02956224359227428,1.9655969591512097,0.36918686086738267,-0.011386656155580085,DEPTH_PROPOSAL_CERTIFIED,2.132730875015357,0,32,0,0,46,FULL_MOTION_CERTIFICATE,0,0,0,51,0,0,0,0,0,,16.2,1.9655923454,0.369211856854,-0.0113726184043,0.807558307681,0.585858438455,-0.0679666814449,0.982796172702,0.184605928427,-0.00568630920213,1.95071537309,0.395733717227,-0.0196680769037,1.9534972095965353,0.39049410102235177,-0.016542321008037493
16.15,-40.10290786892177,-8.350522531947565,3.4043633513034033,1.9396047087414827,0.4384466510107646,0.02583267385773249,1.9656013283116853,0.3691632013165326,-0.011399514597886474,DEPTH_PROPOSAL_CERTIFIED,2.113354375383783,0,32,0,0,48,FULL_MOTION_CERTIFICATE,0,0,0,51,0,0,0,0,0,,16.216666666,1.96559695915,0.369186860867,-0.0113866561556,0.807558307681,0.585858438455,-0.0679666814449,0.982798479576,0.184593430434,-0.00569332807779,1.94730019926,0.402483835384,-0.0229083420036,1.9507201335949291,0.3957102502193149,-0.019668076903680148
16.166666666666668,-40.070571401419265,-8.343260523559238,3.404732354181005,1.9401880501499025,0.43572050329956064,0.022140172656112032,1.9656054966805896,0.3691406449487478,-0.011411207906027305,DEPTH_PROPOSAL_CERTIFIED,2.0940902025740895,0,32,0,0,48,FULL_MOTION_CERTIFICATE,0,0,0,51,0,0,0,0,0,,16.233333333,1.96560132831,0.369163201317,-0.0113995145979,0.807558307681,0.585858438455,-0.0679666814449,0.982800664156,0.184581600658,-0.00569975729894,1.94324760804,0.410770038607,-0.0262577917082,1.9473048153326233,0.40246150122287816,-0.022908342003649954
16.183333333333334,-40.03823106511404,-8.336030045365215,3.405040248517743,1.940420178313813,0.43382869164137206,0.018473660204273868,1.9656095119365224,0.3691189378714,-0.011421746335657568,DEPTH_PROPOSAL_CERTIFIED,2.0749411826856394,0,32,0,0,48,FULL_MOTION_CERTIFICATE,0,0,0,51,0,0,0,0,0,,16.25,1.96560549668,0.369140644949,-0.011411207906,0.807558307681,0.585858438455,-0.0679666814449,0.98280274834,0.184570322474,-0.00570560395301,1.93855850829,0.420593079881,-0.0297109897022,1.9432521419135218,0.41074858941146997,-0.026257791708154503
16.2,-40.00589307369615,-8.32881630510303,3.4052873036500535,1.940279485073662,0.4328244157310908,0.014823307938628951,1.9656134253578117,0.3690978070487376,-0.011431136642682582,DEPTH_PROPOSAL_CERTIFIED,2.0559105799132458,0,32,0,0,48,FULL_MOTION_CERTIFICATE,0,0,0,51,0,0,0,0,0,,16.266666666,1.96560951194,0.369118937871,-0.0114217463357,0.807558307681,0.585858438455,-0.0679666814449,0.982804755968,0.184559468936,-0.00571087316783,1.93323383907,0.431953712836,-0.0332623629526,1.9385630275438175,0.42057224962565887,-0.029710989702241765
16.216666666666665,-39.97356397251457,-8.321603690088724,3.405473644551441,1.9397460708951568,0.43275690085844987,0.011180454083235713,1.9656172915605081,0.3690769616854283,-0.011439382473967537,DEPTH_PROPOSAL_CERTIFIED,2.038853428928916,0,32,0,0,48,FULL_MOTION_CERTIFICATE,0,0,0,51,0,0,0,0,0,,16.283333333,1.96561342536,0.369097807049,-0.0114311366427,0.807558307681,0.585858438455,-0.0679666814449,0.982806712679,0.184548903524,-0.00571556832134,1.92727457371,0.444852696703,-0.0369061741254,1.9332384179173938,0.43193321941223045,-0.03326236295256454
16.233333333333334,-39.941250612212265,-8.314375828429135,3.405599270013171,1.9388016181380738,0.433671699575284,0.007537527703796279,1.9656211682558373,0.36905609450574695,-0.011446484732079923,DEPTH_PROPOSAL_CERTIFIED,2.0221925135903205,0,32,0,0,48,FULL_MOTION_CERTIFICATE,0,0,0,51,0,0,0,0,0,,16.3,1.96561729156,0.369076961685,-0.011439382474,0.807558307681,0.585858438455,-0.0679666814449,0.98280864578,0.184538480843,-0.00571969123698,1.92068172803,0.459290794321,-0.0406364886314,1.927279294501663,0.4448322439206587,-0.036906174125357294
16.25,-39.90896012430309,-8.307115645589908,3.4056640696966998,1.9374292745504011,0.4356109703535902,0.003887981011737465,1.9656251160255345,0.3690348829362185,-0.011452441916691335,DEPTH_PROPOSAL_CERTIFIED,2.005504963583529,0,32,0,0,48,FULL_MOTION_CERTIFICATE,0,0,0,51,0,0,0,0,0,,16.316666666,1.96562116826,0.369056094506,-0.0114464847321,0.807558307681,0.585858438455,-0.0679666814449,0.982810584128,0.184528047253,-0.00572324236604,1.91345636646,0.475268776308,-0.044447139316,1.920686682780794,0.459270073848927,-0.04063648863138279
16.266666666666666,-39.876699898535335,-8.299805416665832,3.4056678401878955,1.935613546065579,0.4386137354446683,0.0002262294717550739,1.9656291981135576,0.36901299019911143,-0.011457250445196897,DEPTH_PROPOSAL_CERTIFIED,1.9887949521534245,0,32,0,0,48,FULL_MOTION_CERTIFICATE,0,0,0,51,0,0,0,0,0,,16.333333333,1.96562511603,0.369034882936,-0.0114524419167,0.807558307681,0.585858438455,-0.0679666814449,0.982812558013,0.184517441468,-0.00572622095835,1.90559960874,0.492787426933,-0.0483316858653,1.9134616585507465,0.47524746955582364,-0.04444713931603284
16.283333333333335,-39.84447756189808,-8.292426814671758,3.4056103001799283,1.9333401982347702,0.44271611964433716,-0.003452400478022289,1.9656334802328266,0.3689900663234703,-0.01146090495497556,DEPTH_PROPOSAL_CERTIFIED,1.9720667928360993,0,32,0,0,48,FULL_MOTION_CERTIFICATE,0,0,0,51,0,0,0,0,0,,16.35,1.96562919811,0.369012990199,-0.0114572504452,0.807558307681,0.585858438455,-0.0679666814449,0.982814599057,0.1845064951,-0.0057286252226,1.89711264238,0.511847540576,-0.0522833653342,1.905605354698908,0.4927652068802889,-0.048331685865298527
16.3,-39.81230095913019,-8.284960955160129,3.4054911049133043,1.9305961660735316,0.4479515706977902,-0.007151715997426209,1.9656380303857404,0.3689657490798325,-0.011463398589659514,DEPTH_PROPOSAL_CERTIFIED,1.9553249380073479,0,32,0,0,48,FULL_MOTION_CERTIFICATE,0,0,0,51,0,0,0,0,0,,16.366666666,1.96563348023,0.368990066323,-0.011460904955,0.807558307681,0.585858438455,-0.0679666814449,0.982816740116,0.184495033162,-0.00573045247749,1.88799673302,0.532449926854,-0.0562950361545,1.8971189737064187,0.511824073549921,-0.052283365334156805
16.316666666666666,-39.78017813460465,-8.277388437436935,3.4053098600000173,1.9273694715326721,0.4543510633916436,-0.010874694797207405,1.965642918697262,0.3689396648445508,-0.011464723271817074,DEPTH_PROPOSAL_CERTIFIED,1.9385739782984146,0,32,0,0,48,FULL_MOTION_CERTIFICATE,0,0,0,51,0,0,0,0,0,,16.383333333,1.96563803039,0.36896574908,-0.0114633985897,0.807558307681,0.585858438455,-0.0679666814449,0.982819015193,0.18448287454,-0.00573169929483,1.87825323663,0.554595417416,-0.0603591112553,1.8880037981341855,0.5324248742566599,-0.056295036154540797
16.333333333333332,-39.748117315468846,-8.269689382625339,3.40506613476292,1.9236491481481175,0.461943288695756,-0.014623514225849128,1.9656482172595107,0.368911429398991,-0.011464869964430139,DEPTH_PROPOSAL_CERTIFIED,1.921818642887661,0,32,0,0,48,FULL_MOTION_CERTIFICATE,0,0,0,52,0,0,0,0,0,,16.399999999,1.9656429187,0.368939664845,-0.0114647232718,0.807558307681,0.585858438455,-0.0679666814449,0.982821459349,0.184469832422,-0.00573236163591,1.86788362074,0.578284859212,-0.064467474605,1.8782612028565477,0.5545684374059334,-0.06035911125528098
16.35,-39.716126895918606,-8.261843468824297,3.4047594752324146,1.9194251730139784,0.47075482806237445,-0.0183995718303282,1.9656539999868652,0.3688806486684375,-0.011463828923630922,DEPTH_PROPOSAL_CERTIFIED,1.9050638006889842,0,32,0,0,48,FULL_MOTION_CERTIFICATE,0,0,0,52,0,0,0,0,0,,16.416666666,1.96564821726,0.368911429399,-0.0114648699644,0.807558307681,0.585858438455,-0.0679666814449,0.98282410863,0.184455714699,-0.00573243498222,1.85688948103,0.603519127767,-0.068611382996,1.8678926763774917,0.5782556083351011,-0.06446747460496507
16.366666666666667,-39.68421542249916,-8.253829963565567,3.4043894169504374,1.914688405166965,0.48081031552388853,-0.022203496918637343,1.9656603424806056,0.36884691940553477,-0.011461589945377328,DEPTH_PROPOSAL_CERTIFIED,1.8883144624808543,0,32,0,0,48,FULL_MOTION_CERTIFICATE,0,0,0,52,0,0,0,0,0,,16.433333333,1.96565399999,0.368880648668,-0.0114638289236,0.807558307681,0.585858438455,-0.0679666814449,0.982826999993,0.184440324334,-0.00573191446182,1.84527257261,0.630299119011,-0.0727813397755,1.8568998374333978,0.6034872625543675,-0.06861138299601173
16.383333333333333,-39.65240704701279,-8.245591943861676,3.4039502129088066,1.908502529182406,0.4942811822334373,-0.02635224249785074,1.965667321902271,0.36880982982223703,-0.011458142608901326,DEPTH_PROPOSAL_CERTIFIED,1.8715823014400743,0,32,0,0,48,FULL_MOTION_CERTIFICATE,0,0,0,52,0,0,0,0,0,,16.45,1.96566034248,0.368846919406,-0.0114615899454,0.807558307681,0.585858438455,-0.0679666814449,0.98283017124,0.184423459703,-0.00573079497269,1.83303484217,0.65862575609,-0.0769669385643,1.8330348421707807,0.6586257560899424,-0.07696693856425729
16.4,-39.62069394141809,-8.237146467344802,3.4034471014226475,1.9027863356821415,0.5067285910125023,-0.03018668916954799,1.9656751504674381,0.3687682511110608,-0.011453375367307244,DEPTH_PROPOSAL_CERTIFIED,1.8548655923278239,0,32,0,0,48,FULL_MOTION_CERTIFICATE,0,0,0,52,0,0,0,0,0,,16.466666666,1.9656673219,0.368809829822,-0.0114581426089,0.729328789964,0.676337996065,-0.103181544903,0.982833660951,0.184404914911,-0.00572907130445,1.81964627967,0.688087675771,-0.081558111734,1.833048774978911,0.6585869781171049,-0.07696693856425729
16.416666666666668,-39.589085790426346,-8.228472055545554,3.40287912702921,1.8964890595044477,0.5204647079548459,-0.034078463606247396,1.9656837644175225,0.3687225184871426,-0.011447386857126457,DEPTH_PROPOSAL_CERTIFIED,1.839506667437342,0,32,0,0,48,FULL_MOTION_CERTIFICATE,0,0,0,52,0,0,0,0,0,,16.483333333,1.96567515047,0.368768251111,-0.0114533753673,0.729328789964,0.676337996065,-0.103181544903,0.982837575234,0.184384125556,-0.00572668768365,1.80509125437,0.718666709228,-0.0865606307069,1.8196622901365955,0.6880453346514094,-0.08155811173397215
16.433333333333334,-39.557593017473266,-8.219547447044809,3.402244887273272,1.8895663771846665,0.5354765100447959,-0.03805438535629531,1.9656932443648625,0.3686722010963722,-0.011440157214703676,DEPTH_PROPOSAL_CERTIFIED,1.8266946618099138,0,32,0,0,48,FULL_MOTION_CERTIFICATE,0,0,0,52,0,0,0,0,0,,16.5,1.96568376442,0.368722518487,-0.0114473868571,0.729328789964,0.676337996065,-0.103181544903,0.982841882209,0.184361259244,-0.00572369342856,1.78935315504,0.750342930411,-0.0919806337559,1.8051096528833293,0.7186204955421969,-0.08656063070688287
16.45,-39.52622674969465,-8.210351606165602,3.4015425588198593,1.8819760667171934,0.551750452752369,-0.04213970720475312,1.9657036707186084,0.3686168690103604,-0.011431657989432381,DEPTH_PROPOSAL_CERTIFIED,1.8138986755041224,0,32,0,0,48,FULL_MOTION_CERTIFICATE,0,0,0,52,0,0,0,0,0,,16.516666666,1.96569324436,0.368672201096,-0.0114401572147,0.729328789964,0.676337996065,-0.103181544903,0.982846622182,0.184336100548,-0.00572007860735,1.77241424011,0.783094324966,-0.0978246825845,1.7893742790140161,0.7502925537847729,-0.09198063375594152
16.466666666666665,-39.49499878698138,-8.200863733640814,3.4007699210540987,1.8736777627965895,0.569272351487315,-0.0463582659456455,1.965715123617157,0.36855609351259233,-0.011421852630932951,DEPTH_PROPOSAL_CERTIFIED,1.8011227477141118,0,32,0,0,48,FULL_MOTION_CERTIFICATE,0,0,0,52,0,0,0,0,0,,16.533333333,1.96570367072,0.36861686901,-0.0114316579894,0.729328789964,0.676337996065,-0.103181544903,0.982851835359,0.184308434505,-0.00571582899472,1.75425546139,0.81689637267,-0.104099829071,1.7724384549652143,0.7830395160536691,-0.0978246825845357
16.483333333333334,-39.46391252994839,-8.191082034592355,3.3999287516513124,1.865175421979228,0.5869019429074653,-0.05047016416716249,1.9657276828554882,0.3684894474081781,-0.01141069692916891,DEPTH_PROPOSAL_CERTIFIED,1.7883694880610697,0,32,0,0,48,FULL_MOTION_CERTIFICATE,0,0,0,52,0,0,0,0,0,,16.55,1.96571512362,0.368556093513,-0.0114218526309,0.729328789964,0.676337996065,-0.103181544903,0.982857561809,0.184278046756,-0.00571092631547,1.73519691396,0.851440535301,-0.110693209226,1.7542831614289482,0.8168368851960948,-0.10409982907139684
16.5,-39.4329702911087,-8.181007222797563,3.399020838042448,1.8565343303812598,0.6044887076876445,-0.05447481653186639,1.9657413569888014,0.3684168806309857,-0.01139822310533917,DEPTH_PROPOSAL_CERTIFIED,1.7756409098382084,0,32,0,0,48,FULL_MOTION_CERTIFICATE,0,0,0,52,0,0,0,0,0,,16.566666666,1.96572768286,0.368489447408,-0.0114106969292,0.729328789964,0.676337996065,-0.103181544903,0.982863841428,0.184244723704,-0.00570534846458,1.71613836767,0.88598469586,-0.117286588984,1.7352283501070798,0.8513764668699095,-0.11069320922567215
16.516666666666666,-39.40217394254774,-8.170639896331199,3.3980476381057474,1.847780913657986,0.6220395879818102,-0.05839199620205352,1.9657561451807979,0.36833839288170134,-0.011384463678836425,DEPTH_PROPOSAL_CERTIFIED,1.7629386015667765,0,32,0,0,48,FULL_MOTION_CERTIFICATE,0,0,0,52,0,0,0,0,0,,16.583333333,1.96574135699,0.368416880631,-0.0113982231053,0.729328789964,0.676337996065,-0.103181544903,0.982870678494,0.184208440315,-0.00569911155267,1.69707982023,0.920528858492,-0.123879969139,1.7161737481009653,0.8859161611608621,-0.11728658898434466
16.533333333333335,-39.37152502114646,-8.159980559880438,3.397010356091127,1.8389352840765747,0.6395601870455108,-0.062236920877212484,1.9657720466819097,0.36825398328381626,-0.011369445000504708,DEPTH_PROPOSAL_CERTIFIED,1.7502638299594904,0,32,0,0,48,FULL_MOTION_CERTIFICATE,0,0,0,52,0,0,0,0,0,,16.6,1.96575614518,0.368338392882,-0.0113844636788,0.729328789964,0.676337996065,-0.103181544903,0.98287807259,0.184169196441,-0.00569223183942,1.67881537896,0.953633680985,-0.130198625114,1.6971193533998785,0.920455971722439,-0.12387996913861996
16.55,-39.34102475666985,-8.14902962627095,3.3959099604735283,1.8300158685966874,0.657056016569308,-0.0660237370559208,1.9657890608124784,0.3681636504285861,-0.011353188675078759,DEPTH_PROPOSAL_CERTIFIED,1.7376175620756693,0,32,0,0,48,FULL_MOTION_CERTIFICATE,0,0,0,52,0,0,0,0,0,,16.616666666,1.96577204668,0.368253983284,-0.0113694450005,0.729328789964,0.676337996065,-0.103181544903,0.982886023341,0.184126991642,-0.00568472250025,1.66134504485,0.985299161526,-0.136242556565,1.6788592074451978,0.9535565194168649,-0.13019862511430597
16.566666666666666,-39.31067415060109,-8.137787437645954,3.3947472432062953,1.8210363641258998,0.6745313174998114,-0.06976303603399199,1.9658071869738114,0.36806739230479396,-0.011335711890282322,DEPTH_PROPOSAL_CERTIFIED,1.7250005451218153,0,32,0,0,48,FULL_MOTION_CERTIFICATE,0,0,0,52,0,0,0,0,0,,16.633333333,1.96578906081,0.368163650429,-0.0113531886751,0.729328789964,0.676337996065,-0.103181544903,0.982894530406,0.184081825214,-0.00567659433754,1.64466881584,1.01552530383,-0.1420117642,1.661393298586868,0.985217794781329,-0.13624255656525025
16.583333333333332,-39.28047403062528,-8.126254280828613,3.3935228610545454,1.812007198548815,0.6919894090405484,-0.0734629291049867,1.9658264246199106,0.3679652064141156,-0.011317028528537365,DEPTH_PROPOSAL_CERTIFIED,1.7124133618175077,0,32,0,0,48,FULL_MOTION_CERTIFICATE,0,0,0,53,0,0,0,0,0,,16.649999999,1.96580718697,0.368067392305,-0.0113357118903,0.729328789964,0.676337996065,-0.103181544903,0.982903593487,0.184033696152,-0.00566785594514,1.62878669391,1.04431210435,-0.147506247343,1.6447216120967405,1.0154397939950779,-0.14201176420024114
16.6,-39.25042508935557,-8.114430398668107,3.392237365199157,1.802936476181977,0.709432929630243,-0.07712975132330739,1.9658467732353602,0.3678570898641235,-0.011297149942393942,DEPTH_PROPOSAL_CERTIFIED,1.699856469874939,0,32,0,0,48,FULL_MOTION_CERTIFICATE,0,0,0,53,0,0,0,0,0,,16.666666666,1.96582642462,0.367965206414,-0.0113170285285,0.729328789964,0.676337996065,-0.103181544903,0.98291321231,0.183982603207,-0.00565851426427,1.61369867717,1.07165956646,-0.152726006638,1.628844137218782,1.0442225060717902,-0.14750624734345721
16.616666666666667,-39.22052791252674,-8.102315998560384,3.3908912229263724,1.7938306097301453,0.7268640064634904,-0.0807685363670804,1.965868232318071,0.3677430394422124,-0.01127608550985817,DEPTH_PROPOSAL_CERTIFIED,1.6873302308200557,0,32,0,0,48,FULL_MOTION_CERTIFICATE,0,0,0,53,0,0,0,0,0,,16.683333333,1.96584677324,0.367857089864,-0.0112971499424,0.729328789964,0.676337996065,-0.103181544903,0.982923386618,0.183928544932,-0.0056485749712,1.5994047666,1.09756768844,-0.157671041753,1.613760859356269,1.0715659270016826,-0.152726006637753
16.633333333333333,-39.1907829999478,-8.089911258944575,3.3894848338332495,1.7846947547366363,0.7442843769486001,-0.0843833455873644,1.9658908013657703,0.36762305167420173,-0.011253843041213052,DEPTH_PROPOSAL_CERTIFIED,1.6739956756578835,0,32,0,0,48,FULL_MOTION_CERTIFICATE,0,0,0,53,0,0,0,0,0,,16.7,1.96586823232,0.367743039442,-0.0112760855099,0.729328789964,0.676337996065,-0.103181544903,0.982934116159,0.183871519721,-0.00563804275493,1.58590496218,1.12203647027,-0.162341352691,1.5994717666949072,1.0974700477302022,-0.15767104175345947
16.65,-39.16119078135347,-8.07721633432386,3.3880185421433313,1.7755331156601426,0.7616954772430052,-0.08797750139508648,1.9659144798653423,0.36749712287090425,-0.011230429082938415,DEPTH_PROPOSAL_CERTIFIED,1.658746845365508,0,32,0,0,48,FULL_MOTION_CERTIFICATE,0,0,0,53,0,0,0,0,0,,16.716666666,1.96589080137,0.367623051674,-0.0112538430412,0.729328789964,0.676337996065,-0.103181544903,0.982945400683,0.183811525837,-0.00562692152061,1.57319926464,1.14506591067,-0.166736939202,1.5859768464401047,1.121934860967611,-0.16234135269057667
16.666666666666668,-39.131751628582336,-8.064231359192945,3.386492646205134,1.7663491662678066,0.7790985078547318,-0.09155375629182477,1.9659392672843587,0.36736524916531704,-0.011205849148649302,DEPTH_PROPOSAL_CERTIFIED,1.6434033131020258,0,32,0,0,48,FULL_MOTION_CERTIFICATE,0,0,0,53,0,0,0,0,0,,16.733333333,1.96591447987,0.367497122871,-0.0112304290829,0.729328789964,0.676337996065,-0.103181544903,0.982957239933,0.183748561435,-0.00561521454147,1.5612876725,1.16665601232,-0.170857801798,1.5732760864853275,1.1449603581561716,-0.16673693920185284
16.683333333333334,-39.102465865057894,-8.050956451142909,3.3849074059115214,1.7571458114665175,0.7964944830021787,-0.09511441761676825,1.9659651630642863,0.3672274265424934,-0.011180107897179626,DEPTH_PROPOSAL_CERTIFIED,1.6279621800003934,0,32,0,0,48,FULL_MOTION_CERTIFICATE,0,0,0,53,0,0,0,0,0,,16.75,1.96593926728,0.367365249165,-0.0112058491486,0.729328789964,0.676337996065,-0.103181544903,0.982969633642,0.183682624583,-0.00560292457432,1.55017018651,1.18680677383,-0.174703940216,1.561369472506836,1.166546534730501,-0.17085780179827492
16.7,-39.073333773252934,-8.037391713337799,3.3832630485576196,1.7479255082978982,0.8138842683066813,-0.09866144123411442,1.965992166614998,0.3670836508636802,-0.011153209271659786,DEPTH_PROPOSAL_CERTIFIED,1.612420509585312,0,32,0,0,48,FULL_MOTION_CERTIFICATE,0,0,0,53,0,0,0,0,0,,16.766666666,1.96596516306,0.367227426542,-0.0111801078972,0.729328789964,0.676337996065,-0.103181544903,0.982982581532,0.183613713271,-0.00559005394859,1.53984680725,1.20551819416,-0.178275354258,1.5502569923949823,1.1866933820796775,-0.1747039402161077
16.716666666666665,-39.04435560062077,-8.023537236504689,3.381559773506788,1.7386903579301938,0.8312686099866079,-0.1021965030498979,1.9660202773103088,0.3669339178859259,-0.011125156609300175,DEPTH_PROPOSAL_CERTIFIED,1.596775334679538,0,32,0,0,48,FULL_MOTION_CERTIFICATE,0,0,0,53,0,0,0,0,0,,16.783333333,1.96599216661,0.367083650864,-0.0111532092717,0.729328789964,0.676337996065,-0.103181544903,0.982996083307,0.183541825432,-0.00557660463583,1.53031753354,1.22279027547,-0.181572044335,1.539938633825149,1.205400891947,-0.17827535425754976
16.733333333333334,-39.01553156434161,-8.009393100541427,3.3797977559320644,1.7294421767495756,0.8486481577955455,-0.10572105448340545,1.966049494484311,0.36677822327808013,-0.01109595272881248,DEPTH_PROPOSAL_CERTIFIED,1.581023662821687,0,32,0,0,48,FULL_MOTION_CERTIFICATE,0,0,0,53,0,0,0,0,0,,16.8,1.96602027731,0.366933917886,-0.0111251566093,0.729328789964,0.676337996065,-0.103181544903,0.983010138655,0.183466958943,-0.00556257830465,1.52158236598,1.23862301665,-0.184594010233,1.5304143826862096,1.222669059276246,-0.18157204433468738
16.75,-38.98686185513802,-7.994959375819456,3.3779771498287343,1.7201825522153684,0.8660234833183088,-0.10923636619980741,1.9660798174283616,0.3666165626338919,-0.011065600000484479,DEPTH_PROPOSAL_CERTIFIED,1.5651946144523516,0,32,0,0,48,FULL_MOTION_CERTIFICATE,0,0,0,53,0,0,0,0,0,,16.816666666,1.96604949448,0.366778223278,-0.0110959527288,0.702825372346,0.707606073862,-0.0730078093147,0.983024747242,0.183389111639,-0.00554797636441,1.51283488194,1.25381963799,-0.186075528487,1.5216842266540196,1.2384978757313723,-0.18459401023323568
16.766666666666666,-38.95834694772054,-7.9802360769446,3.376099147487651,1.7108944450486596,0.8833979324914492,-0.11268014046500703,1.9661112453885883,0.3664489314827387,-0.011034100402576996,DEPTH_PROPOSAL_CERTIFIED,1.5493027077245398,0,32,0,0,48,FULL_MOTION_CERTIFICATE,0,0,0,53,0,0,0,0,0,,16.833333333,1.96607981743,0.366616562634,-0.0110656000005,0.702825372346,0.707606073862,-0.0730078093147,0.983039908714,0.183308281317,-0.00553280000024,1.50427957964,1.26810663641,-0.186173779515,1.512941798621332,1.253690623166651,-0.18607552848744643
16.783333333333335,-38.92998754360093,-7.965223180106998,3.374165802076192,1.7015642471764958,0.900773810255972,-0.11600072468751293,1.9661437778143214,0.3662753233484126,-0.011001475721168401,DEPTH_PROPOSAL_CERTIFIED,1.5332767398729041,0,32,0,0,48,FULL_MOTION_CERTIFICATE,0,0,0,53,0,0,0,0,0,,16.85,1.96611124539,0.366448931483,-0.0110341004026,0.702825372346,0.707606073862,-0.0730078093147,0.983055622694,0.183224465741,-0.00551705020129,1.49611913279,1.28124829118,-0.185127454163,1.5043915682258062,1.2679737790982388,-0.1861737795148109
16.8,-38.90178450285371,-7.949920644835505,3.3721798146235624,1.6921824448333516,0.9181521162896109,-0.1191592471578016,1.966177414280614,0.3660957302691944,-0.010967764196185472,DEPTH_PROPOSAL_CERTIFIED,1.5171109276134263,0,32,0,0,48,FULL_MOTION_CERTIFICATE,0,0,0,54,0,0,0,0,0,,16.866666666,1.96614377781,0.366275323348,-0.0110014757212,0.702825372346,0.707606073862,-0.0730078093147,0.983071888907,0.183137661674,-0.00550073786058,1.48853385689,1.29307265111,-0.183237510097,1.4962361804406195,1.2811116014948756,-0.18512745416291146
16.816666666666666,-38.873738771981145,-7.934328434316398,3.370144299750584,1.6827438523539573,0.9355326311464534,-0.12213089237871118,1.9662121543921427,0.3659101434385367,-0.010933016482133916,DEPTH_PROPOSAL_CERTIFIED,1.5007994236688567,0,32,0,0,48,FULL_MOTION_CERTIFICATE,0,0,0,54,0,0,0,0,0,,16.883333333,1.96617741428,0.366095730269,-0.0109677641962,0.702825372346,0.707606073862,-0.0730078093147,0.98308870714,0.183047865135,-0.00548388209809,1.48166701162,1.30348277461,-0.180836128617,1.4886559247721045,1.2929321180121693,-0.18323751009676592
16.833333333333332,-38.84585131476158,-7.918446529784836,3.3680625470032517,1.673247433173964,0.952914271893763,-0.12490516483996605,1.966247997691651,0.3657185538336442,-0.010897291195614877,DEPTH_PROPOSAL_CERTIFIED,1.4843360902244473,0,32,0,0,48,FULL_MOTION_CERTIFICATE,0,0,0,54,0,0,0,0,0,,16.899999999,1.96621215439,0.365910143439,-0.0109330164821,0.702825372346,0.707606073862,-0.0730078093147,0.983106077196,0.182955071719,-0.00546650824107,1.47562034837,1.31245261135,-0.178259660653,1.481794039684217,1.3033383677996093,-0.18083612861749118
16.85,-38.818123049692254,-7.902274936810965,3.365937787549389,1.663695904159311,0.9702955784320788,-0.12748556723173887,1.9662849435910041,0.365520952724808,-0.010860650370542764,DEPTH_PROPOSAL_CERTIFIED,1.4677142935191398,0,32,0,0,48,FULL_MOTION_CERTIFICATE,0,0,0,54,0,0,0,0,0,,16.916666666,1.96624799769,0.365718553834,-0.0108972911956,0.702825372346,0.707606073862,-0.0730078093147,0.983123998846,0.182859276917,-0.00544864559781,1.47031962071,1.32023742487,-0.175816930148,1.4757522609308205,1.3123042840404484,-0.17825966065293894
16.866666666666667,-38.79055480556034,-7.885813684435883,3.3637730050772867,1.654094647914731,0.9876751425050159,-0.1298869483261388,1.9663229913335951,0.3653173320123093,-0.010823155007264669,DEPTH_PROPOSAL_CERTIFIED,1.4514190754516927,0,32,0,0,48,FULL_MOTION_CERTIFICATE,0,0,0,54,0,0,0,0,0,,16.933333333,1.96628494359,0.365520952725,-0.0108606503705,0.702825372346,0.707606073862,-0.0730078093147,0.983142471796,0.182760476362,-0.00543032518527,1.46542046334,1.32743247977,-0.173559254988,1.4704563550145782,1.3200851309900785,-0.1758169301477617
16.883333333333333,-38.76314734106188,-7.869062822079184,3.3615709790939836,1.6444478699076954,1.0050517414020164,-0.13212155899820102,1.9663621399881808,0.36510768436783386,-0.010784861457634373,DEPTH_PROPOSAL_CERTIFIED,1.436026263161612,0,32,0,0,48,FULL_MOTION_CERTIFICATE,0,0,0,54,0,0,0,0,0,,16.95,1.96632299133,0.365317332012,-0.0108231550073,0.702825372346,0.707606073862,-0.0730078093147,0.983161495667,0.182658666006,-0.00541157750363,1.46089245426,1.33408245475,-0.171472615828,1.4655620087908983,1.3272762037773371,-0.17355925498758687
16.9,-38.73590135371114,-7.852022415369814,3.359334307624509,1.6347592410445115,1.0224244025622427,-0.13420028816848695,1.966402388467486,0.3648920031100477,-0.010745822244227729,DEPTH_PROPOSAL_CERTIFIED,1.42065939643131,0,32,0,0,48,FULL_MOTION_CERTIFICATE,0,0,0,54,0,0,0,0,0,,16.966666666,1.96636213999,0.365107684368,-0.0107848614576,0.702825372346,0.707606073862,-0.0730078093147,0.983181069994,0.182553842184,-0.00539243072882,1.45670747643,1.34022864337,-0.169544055511,1.4610387993822866,1.3339221812696929,-0.1714726158278157
16.916666666666668,-38.70881748748552,-7.8346925428712195,3.357065427324384,1.625031973537307,1.0397923499154775,-0.1361328180074987,1.9664437355457611,0.36467028209733077,-0.010706086487888783,DEPTH_PROPOSAL_CERTIFIED,1.4053205060274225,0,32,0,0,48,FULL_MOTION_CERTIFICATE,0,0,0,54,0,0,0,0,0,,16.983333333,1.96640238847,0.36489200311,-0.0107458222442,0.702825372346,0.707606073862,-0.0730078093147,0.983201194234,0.182446001555,-0.00537291112211,1.45283954213,1.34590921199,-0.167761598136,1.4568586090779485,1.3400643572374928,-0.16954405551114482
16.933333333333334,-38.681896339431,-7.817073293517498,3.354766631415984,1.6152688832711648,1.0571549612233606,-0.13792775450400252,1.9664861798727278,0.3644425156413034,-0.010665700286655255,DEPTH_PROPOSAL_CERTIFIED,1.3900115387183292,0,32,0,0,48,FULL_MOTION_CERTIFICATE,0,0,0,54,0,0,0,0,0,,17,1.96644373555,0.364670282097,-0.0107060864879,0.702825372346,0.707606073862,-0.0730078093147,0.983221867773,0.182335141049,-0.00535304324394,1.44926463316,1.3511594345,-0.166114175413,1.4529954496804685,1.345740898280781,-0.16776159813597563
16.95,-38.65513846541126,-7.799164764619958,3.3524400858011965,1.605472441184155,1.0745117338524877,-0.139592736887274,1.966529719984633,0.3642086984370106,-0.010624707053801759,DEPTH_PROPOSAL_CERTIFIED,1.3747343691760177,0,32,0,0,48,FULL_MOTION_CERTIFICATE,0,0,0,54,0,0,0,0,0,,17.016666666,1.96648617987,0.364442515641,-0.0106657002867,0.702825372346,0.707606073862,-0.0730078093147,0.983243089936,0.182221257821,-0.00533285014333,1.44596055083,1.35601191258,-0.164591557536,1.4494253026718886,1.3509870785263218,-0.16611417541314116
16.966666666666665,-38.628544385151834,-7.780967060336668,3.35008784365993,1.5956448155659118,1.0918622569974694,-0.14113452847599495,1.966574354312992,0.36396882550655624,-0.010583147821647137,DEPTH_PROPOSAL_CERTIFIED,1.3594908108225434,0,32,0,0,48,FULL_MOTION_CERTIFICATE,0,0,0,54,0,0,0,0,0,,17.033333333,1.96652971998,0.364208698437,-0.0106247070538,0.702825372346,0.707606073862,-0.0730078093147,0.983264859992,0.182104349219,-0.0053123535269,1.44290677758,1.36049677897,-0.163184289409,1.446125969177509,1.3558354999400182,-0.16459155753588975
16.983333333333334,-38.6021145867058,-7.762480290523236,3.347711858810721,1.5857879067614224,1.1092061888057587,-0.1425590909525182,1.966620081191445,0.3637228921536966,-0.010541061516969489,DEPTH_PROPOSAL_CERTIFIED,1.344282625855414,0,32,0,0,48,FULL_MOTION_CERTIFICATE,0,0,0,54,0,0,0,0,0,,17.05,1.96657435431,0.363968825507,-0.0105831478216,0.702825372346,0.707606073862,-0.0730078093147,0.983287177156,0.181984412753,-0.00529157391082,1.44008435079,1.36464188275,-0.161883632506,1.443076931561529,1.3603162955599257,-0.16318428940877397
17.0,-38.575849530448835,-7.743704569903741,3.3453139980859916,1.5759033754180698,1.1265432371697368,-0.14387164348377765,1.9666668988610658,0.3634708939274578,-0.010498485213249982,DEPTH_PROPOSAL_CERTIFIED,1.3291115346694846,0,32,0,0,49,FULL_MOTION_CERTIFICATE,0,0,0,54,0,0,0,0,0,,17.066666666,1.96662008119,0.363722892154,-0.010541061517,0.702825372346,0.707606073862,-0.0730078093147,0.983310040596,0.181861446077,-0.00527053075848,1.43747574437,1.36847296327,-0.16068151029,1.440259227239929,1.3644573147892616,-0.1618836325055416
17.016666666666666,-38.54974965269765,-7.724640017517779,3.342896052963847,1.565992665071432,1.1438731431577893,-0.1450767073286667,1.9667148054743837,0.36321282659329107,-0.010455454364526549,DEPTH_PROPOSAL_CERTIFIED,1.3139792248889712,0,32,0,0,49,FULL_MOTION_CERTIFICATE,0,0,0,55,0,0,0,0,0,,17.083333333,1.96666689886,0.363470893927,-0.0104984852132,0.702825372346,0.707606073862,-0.0730078093147,0.983333449431,0.181735446964,-0.00524924260662,1.4350647595,1.37201381065,-0.15957045787,1.4376553302282093,1.368284297333513,-0.16068151029028852
17.033333333333335,-38.52381485527878,-7.705287652138763,3.3404598076516256,1.5560878451320868,1.1611419227408273,-0.1461747187332771,1.9667637990982967,0.3629486861106327,-0.01041200302544628,DEPTH_PROPOSAL_CERTIFIED,1.2988871543957436,0,32,0,0,49,FULL_MOTION_CERTIFICATE,0,0,0,55,0,0,0,0,0,,17.1,1.96671480547,0.363212826593,-0.0104554543645,0.702825372346,0.707606073862,-0.0730078093147,0.983357402737,0.181606413297,-0.00522772718226,1.432836425,1.37528641201,-0.158543576088,1.435249041872097,1.3718210336538559,-0.15957045786952137
17.05,-38.49803543976238,-7.685665150898759,3.3380079450952693,1.546764930983886,1.177350074400323,-0.1471117533813905,1.9668138743217298,0.3626784869911159,-0.010368165188770675,DEPTH_PROPOSAL_CERTIFIED,1.2838328294224992,0,32,0,0,49,FULL_MOTION_CERTIFICATE,0,0,0,55,0,0,0,0,0,,17.116666666,1.9667637991,0.362948686111,-0.0104120030254,0.702825372346,0.707606073862,-0.0730078093147,0.983381899549,0.181474343055,-0.00520600151272,1.43077690385,1.37831108884,-0.15759448844,1.4330253783758307,1.3750895246461823,-0.15854357608837455
17.066666666666666,-38.47240222963441,-7.665789164473829,3.3355428467623236,1.5379926076785193,1.1925591854958064,-0.14790589997674405,1.9668649625729677,0.3624025857746157,-0.010323992769750783,DEPTH_PROPOSAL_CERTIFIED,1.2688137868896014,0,32,0,0,50,FULL_MOTION_CERTIFICATE,0,0,0,55,0,0,0,0,0,,17.133333333,1.96681387432,0.362678486991,-0.0103681651888,0.702825372346,0.707606073862,-0.0730078093147,0.983406937161,0.181339243496,-0.00518408259439,1.4288734069,1.38110662366,-0.156717301316,1.4309702633530401,1.3781103408607158,-0.15759448844005816
17.083333333333332,-38.4469065468887,-7.645675371150297,3.333066622922637,1.5297409647428772,1.2068275994120243,-0.14857343038120677,1.9669169992318234,0.3621213185611829,-0.010279531914878738,DEPTH_PROPOSAL_CERTIFIED,1.2538276023702932,0,32,0,0,50,FULL_MOTION_CERTIFICATE,0,0,0,55,0,0,0,0,0,,17.149999999,1.96686496257,0.362402585775,-0.0103239927698,0.702825372346,0.707606073862,-0.0730078093147,0.983432481286,0.181201292887,-0.00516199638488,1.42711411438,1.38369037538,-0.155906567811,1.4290709209280374,1.380902249189895,-0.15671730131565245
17.1,-38.42154018916892,-7.625338528591273,3.3305811400710432,1.5219814631862134,1.2202105535412537,-0.1491289710956041,1.966969923427528,0.3618350020629034,-0.010234823576561712,DEPTH_PROPOSAL_CERTIFIED,1.2388718968476768,0,32,0,0,50,FULL_MOTION_CERTIFICATE,0,0,0,55,0,0,0,0,0,,17.166666666,1.96691699923,0.362121318561,-0.0102795319149,0.705640003257,0.708165575537,-0.0239521069423,0.983458499616,0.181060659281,-0.00513976595744,1.42548100305,1.38624911237,-0.153434139179,1.4273155441949312,1.383482593917825,-0.15590656781125056
17.116666666666667,-38.396295416443515,-7.604792307778167,3.328090221401163,1.5146863635246197,1.2327732487864198,-0.1494551201928122,1.9670236778442518,0.36154393461355716,-0.010189904033953472,DEPTH_PROPOSAL_CERTIFIED,1.2245787308242162,0,32,0,0,50,FULL_MOTION_CERTIFICATE,0,0,0,55,0,0,0,0,0,,17.183333333,1.96696992343,0.361835002063,-0.0102348235766,0.705640003257,0.708165575537,-0.0239521069423,0.983484961714,0.180917501031,-0.00511741178828,1.42401502096,1.38872393819,-0.149305569027,1.4256861476531713,1.3860381307774539,-0.15343413917875118
17.133333333333333,-38.37116486427264,-7.584049449728705,3.3255994915585125,1.5078331302522898,1.2445714829678103,-0.14944379055904305,1.9670782090670411,0.361248393061706,-0.010144847161851529,DEPTH_PROPOSAL_CERTIFIED,1.2140354087458676,0,32,0,0,50,FULL_MOTION_CERTIFICATE,0,0,0,55,0,0,0,0,0,,17.2,1.96702367784,0.361543934614,-0.010189904034,0.705640003257,0.708165575537,-0.0239521069423,0.983511838922,0.180771967307,-0.00509495201698,1.4227805046,1.3910217177,-0.143536006427,1.4242236843298612,1.3885099399807828,-0.14930556902705933
17.15,-38.34614143412503,-7.563121953574955,3.3231162210392604,1.5014058088569606,1.2556497692251074,-0.1489962311551256,1.9671334670079024,0.3609486359511813,-0.010099761504696188,DEPTH_PROPOSAL_CERTIFIED,1.2035072548380241,0,32,0,0,52,FULL_MOTION_CERTIFICATE,0,0,0,55,0,0,0,0,0,,17.216666666,1.96707820907,0.361248393062,-0.0101448471619,0.705640003257,0.708165575537,-0.0239521069423,0.983539104534,0.180624196531,-0.00507242358093,1.42190925478,1.39293909894,-0.136291173949,1.4229924878339402,1.3908048615641393,-0.1435360064273326
17.166666666666668,-38.32121810684748,-7.542021389565652,3.320648992258905,1.4953996366528182,1.2660338405579645,-0.1480337268213082,1.9671894042112403,0.3606449073681339,-0.010054787340095449,DEPTH_PROPOSAL_CERTIFIED,1.1930074482372524,0,32,0,0,52,FULL_MOTION_CERTIFICATE,0,0,0,55,0,0,0,0,0,,17.233333333,1.96713346701,0.360948635951,-0.0100997615047,0.705640003257,0.708165575537,-0.0239521069423,0.983566733504,0.180474317976,-0.00504988075235,1.42110400868,1.39471122414,-0.129595191992,1.4221243357622917,1.392719510818799,-0.13629117394873771
17.183333333333334,-38.29638831193348,-7.520758634612468,3.31820504445687,1.4897876948406015,1.2757652971911069,-0.14663686812210144,1.9672459747037885,0.36033744338280044,-0.010010090313676313,DEPTH_PROPOSAL_CERTIFIED,1.1825408503375048,0,32,0,0,52,FULL_MOTION_CERTIFICATE,0,0,0,55,0,0,0,0,0,,17.25,1.96718940421,0.360644907368,-0.0100547873401,0.705640003257,0.708165575537,-0.0239521069423,0.983594702106,0.180322453684,-0.00502739367005,1.42035976608,1.39634909742,-0.123406481405,1.4213220047315527,1.394489068115451,-0.12959519199177796
17.2,-38.271645899835086,-7.499343910934212,3.3157904279511947,1.4845447259037343,1.2848834206954125,-0.14487699034052867,1.9673031353792587,0.3600264659026585,-0.009965810382480749,DEPTH_PROPOSAL_CERTIFIED,1.1721114533496384,0,32,0,0,52,FULL_MOTION_CERTIFICATE,0,0,0,55,0,0,0,0,0,,17.266666666,1.9672459747,0.360337443383,-0.0100100903137,0.705640003257,0.708165575537,-0.0239521069423,0.983622987352,0.180168721691,-0.00500504515684,1.41967190554,1.3978628893,-0.117686612883,1.4205805048739515,1.3961245274479475,-0.12340648140533939
17.216666666666665,-38.24698511589485,-7.477786822825266,3.3134101427301883,1.4796470364139576,1.293425286536848,-0.1428171132603799,1.9673608458284708,0.35971218346367023,-0.009922064748993426,DEPTH_PROPOSAL_CERTIFIED,1.1617224785294078,0,32,0,0,52,FULL_MOTION_CERTIFICATE,0,0,0,55,0,0,0,0,0,,17.283333333,1.96730313538,0.360026465903,-0.00996581038248,0.705640003257,0.708165575537,-0.0239521069423,0.98365156769,0.180013232951,-0.00498290519124,1.4190361556,1.39926200007,-0.112400067398,1.419895224638678,1.397636049802369,-0.1176866128825636
17.233333333333334,-38.222400575811214,-7.4560963916102745,3.3110682628701187,1.4750724050181871,1.3014258728992862,-0.14051279160415378,1.9674190681785735,0.3593947919828532,-0.009878950498723617,DEPTH_PROPOSAL_CERTIFIED,1.1513764650522338,0,32,0,0,52,FULL_MOTION_CERTIFICATE,0,0,0,55,0,0,0,0,0,,17.3,1.96736084583,0.359712183464,-0.00992206474899,0.705640003257,0.708165575537,-0.0239521069423,0.983680422914,0.179856091732,-0.0049610323745,1.41844856853,1.4005551176,-0.107514017792,1.4192619019897987,1.399033026521014,-0.11240006739819972
17.25,-38.19788724255444,-7.434281088849614,3.3087680481284996,1.4707999954069133,1.308918165639675,-0.13801288449716298,1.967477766941002,0.35907447547350047,-0.00983654696937388,DEPTH_PROPOSAL_CERTIFIED,1.14107535032592,0,32,0,0,52,FULL_MOTION_CERTIFICATE,0,0,0,55,0,0,0,0,0,,17.316666666,1.96741906818,0.359394791983,-0.00987895049872,0.705640003257,0.708165575537,-0.0239521069423,0.983709534089,0.179697395991,-0.00493947524936,1.41790549567,1.4017502716,-0.102998123737,1.4186765981493705,1.400324137072421,-0.10751401779187332
17.266666666666666,-38.17344040465429,-7.412348867859609,3.3065120439433957,1.466810274008836,1.3159332594003914,-0.13536025110625005,1.9675369088677959,0.3587514067244076,-0.009794917877016867,DEPTH_PROPOSAL_CERTIFIED,1.1308205424776197,0,32,0,0,52,FULL_MOTION_CERTIFICATE,0,0,0,56,0,0,0,0,0,,17.333333333,1.96747776694,0.359074475474,-0.00983654696937,0.705640003257,0.708165575537,-0.0239521069423,0.983738883471,0.179537237737,-0.00491827348469,1.41740356467,1.4028548837,-0.0988243426042,1.4181356729522911,1.4015174032811393,-0.10299812373711023
17.283333333333335,-38.14905565578431,-7.390307193612083,3.3043021709558946,1.4630849321986175,1.3225004548513624,-0.1325923792500339,1.967596462815915,0.3584257479444546,-0.009754113222473878,DEPTH_PROPOSAL_CERTIFIED,1.1206129856948595,0,32,0,0,52,FULL_MOTION_CERTIFICATE,0,0,0,56,0,0,0,0,0,,17.35,1.96753690887,0.358751406724,-0.00979491787702,0.705640003257,0.708165575537,-0.0239521069423,0.983768454434,0.179375703362,-0.00489745893851,1.41693965874,1.40387581307,-0.094966757018,1.417635762113959,1.4026202393531952,-0.09882434260420264
17.3,-38.12472887557051,-7.368163071078408,3.302139805067172,1.4596068128280129,1.328647352020581,-0.1297419533233641,1.9676563996191776,0.35809765137389116,-0.009714170998966267,DEPTH_PROPOSAL_CERTIFIED,1.110453219045029,0,32,0,0,52,FULL_MOTION_CERTIFICATE,0,0,0,56,0,0,0,0,0,,17.366666666,1.96759646282,0.358425747944,-0.00975411322247,0.705640003257,0.708165575537,-0.0239521069423,0.983798231408,0.179212873972,-0.00487705661124,1.41651089722,1.40481939925,-0.0914014129838,1.4171737565066336,1.4036394974850532,-0.09496675701799075
17.316666666666666,-38.10045621155636,-7.345923072081782,3.3000258489516052,1.4563598408491942,1.3343999397976205,-0.12683736693400585,1.967716691967464,0.3577672598636872,-0.009675118720127357,DEPTH_PROPOSAL_CERTIFIED,1.1003414293519314,0,32,0,0,52,FULL_MOTION_CERTIFICATE,0,0,0,56,0,0,0,0,0,,17.383333333,1.96765639962,0.358097651374,-0.00971417099897,0.705640003257,0.708165575537,-0.0239521069423,0.98382819981,0.179048825687,-0.00485708549948,1.41611461762,1.40569150167,-0.0881061705619,1.4167467827076037,1.404581510677507,-0.09140141298383311
17.333333333333332,-38.07623406225912,-7.323593360720974,3.2979607958617607,1.45332895783463,1.3397826816485758,-0.12390318539066666,1.9677773142928296,0.35743470742427363,-0.009636974785775871,DEPTH_PROPOSAL_CERTIFIED,1.0902774986618138,0,32,0,0,52,FULL_MOTION_CERTIFICATE,0,0,0,56,0,0,0,0,0,,17.4,1.96771669197,0.357767259864,-0.00967511872013,0.705640003257,0.708165575537,-0.0239521069423,0.983858345984,0.178883629932,-0.00483755936006,1.41574835919,1.40649753574,-0.0850605677224,1.4163521850569434,1.405452132230236,-0.08810617056192638
17.35,-38.05205906125548,-7.301179717428215,3.295944786481093,1.450500060218416,1.3448185975653133,-0.12096056284004218,1.967838242662183,0.3571001197449869,-0.009599749701243852,DEPTH_PROPOSAL_CERTIFIED,1.080261046785843,0,32,0,0,52,FULL_MOTION_CERTIFICATE,0,0,0,56,0,0,0,0,0,,17.416666666,1.96777731429,0.357434707424,-0.00963697478578,0.705640003257,0.708165575537,-0.0239521069423,0.983888657146,0.178717353712,-0.00481848739289,1.41540984764,1.40724250657,-0.0822456925443,1.4159875093006096,1.406256771749501,-0.08506056772242962
17.366666666666667,-38.027928062237926,-7.278687561722098,3.2939776595124153,1.447859941053171,1.3495293423671169,-0.11802761812066646,1.9678994546761928,0.35676361468551554,-0.009563447164547956,DEPTH_PROPOSAL_CERTIFIED,1.0702914693689813,0,32,0,0,52,FULL_MOTION_CERTIFICATE,0,0,0,56,0,0,0,0,0,,17.433333333,1.96783824266,0.357100119745,-0.00959974970124,0.705640003257,0.708165575537,-0.0239521069423,0.983919121331,0.178550059872,-0.00479987485062,1.41509698088,1.40793104025,-0.0796440653211,1.41565048723718,1.4070004289491234,-0.08224569254428059
17.383333333333333,-38.00383812498615,-7.25612197371489,3.2920589966255553,1.445396235106415,1.3539352804325508,-0.11511977321160559,1.9679609293740983,0.35642530274060885,-0.009528065034419674,DEPTH_PROPOSAL_CERTIFIED,1.0603679718978045,0,32,0,0,52,FULL_MOTION_CERTIFICATE,0,0,0,56,0,0,0,0,0,,17.45,1.96789945468,0.356763614686,-0.00956344716455,0.705640003257,0.708165575537,-0.0239521069423,0.983949727338,0.178381807343,-0.00478172358227,1.41480781615,1.4085674123,-0.0772395310732,1.4153390225559903,1.4076877248308493,-0.07964406532106075
17.4,-37.97978650220052,-7.233487714432835,3.290188162327254,1.4430973671382425,1.3580555569234045,-0.11225005789809311,1.9680226471441238,0.3560852874792758,-0.009493596190993709,DEPTH_PROPOSAL_CERTIFIED,1.0546348867406674,0,32,0,0,52,FULL_MOTION_CERTIFICATE,0,0,0,56,0,0,0,0,0,,17.466666666,1.96796092937,0.356425302741,-0.00952806503442,0.705640003257,0.708165575537,-0.0239521069423,0.983980464687,0.17821265137,-0.00476403251721,1.41454055786,1.4091555743,-0.0750171586478,1.4150511779265385,1.4083229301118214,-0.0772395310732388
17.416666666666668,-37.95577062714753,-7.210789245005589,3.2883643392653794,1.4409525031792796,1.3619081656345013,-0.1094293837124677,1.9680845896391788,0.3557436659596809,-0.009460029299816196,DEPTH_PROPOSAL_CERTIFIED,1.0500997217529007,0,32,0,0,52,FULL_MOTION_CERTIFICATE,0,0,0,56,0,0,0,0,0,,17.483333333,1.96802264714,0.356085287479,-0.00949359619099,0.705640003257,0.708165575537,-0.0239521069423,0.984011323572,0.17804264374,-0.0047467980955,1.41429354639,1.40969917862,-0.0729631476399,1.4147851628799353,1.4089099919098733,-0.0750171586478435
17.433333333333334,-37.93178810206998,-7.188030744779454,3.2865865594308694,1.4389515046528698,1.3655100135682392,-0.106666790070603,1.9681467396975771,0.35540052912089626,-0.009427349488875218,DEPTH_PROPOSAL_CERTIFIED,1.0470808899457722,0,32,0,0,52,FULL_MOTION_CERTIFICATE,0,0,0,56,0,0,0,0,0,,17.5,1.96808458964,0.35574366596,-0.00946002929982,0.705640003257,0.708165575537,-0.0239521069423,0.98404229482,0.17787183298,-0.00473001464991,1.41406524791,1.41020160078,-0.0710647435295,1.4145393226306682,1.4094525583598445,-0.07296314763985151
17.45,-37.90783668731663,-7.165216128407499,3.2848537316753257,1.4370848852008333,1.3688769823173503,-0.10396966533264206,1.9682090812684898,0.35505596215263635,-0.009395538947438307,DEPTH_PROPOSAL_CERTIFIED,1.0451956023746787,0,32,0,0,52,FULL_MOTION_CERTIFICATE,0,0,0,56,0,0,0,0,0,,17.516666666,1.9681467397,0.355400529121,-0.00942734948888,0.720226033706,0.691257885718,0.0586258970538,0.984073369849,0.17770026456,-0.00471367474444,1.41412621531,1.41036637504,-0.0675600716529,1.4143121278859883,1.4099540010565081,-0.07106474352951651
17.466666666666665,-37.8839139478184,-7.142349440292593,3.2831668756289734,1.4353643698941225,1.3720012868944347,-0.1012113627811445,1.9682715993418738,0.3547100448440656,-0.00936457745462321,DEPTH_PROPOSAL_CERTIFIED,1.0433730695854346,0,32,0,0,52,FULL_MOTION_CERTIFICATE,0,0,0,56,0,0,0,0,0,,17.533333333,1.96820908127,0.355055962153,-0.00939553894744,0.720226033706,0.691257885718,0.0586258970538,0.984104540634,0.177527981076,-0.00469776947372,1.41448247293,1.41018373956,-0.0624523124973,1.4143740831522509,1.4101178027348655,-0.06756007165287214
17.483333333333334,-37.86001726029215,-7.1194348570826325,3.2815289577774234,1.4338012515744756,1.3748749925974133,-0.09827507109297376,1.9683342782036448,0.3543628601136051,-0.009334485558536299,DEPTH_PROPOSAL_CERTIFIED,1.0416155178198532,0,32,0,0,52,FULL_MOTION_CERTIFICATE,0,0,0,56,0,0,0,0,0,,17.55,1.96827159934,0.354710044844,-0.00936457745462,0.720226033706,0.691257885718,0.0586258970538,0.984135799671,0.177355022422,-0.00468228872731,1.41514158644,1.40964142535,-0.0557455888232,1.4147312080747874,1.4099342021737453,-0.06245231249729675
17.5,-37.83614381795323,-7.0964766931426,3.2799447387671234,1.4324065403356283,1.3774898364019914,-0.09505314061799174,1.9683971014520365,0.35401449403619933,-0.009305321462220044,DEPTH_PROPOSAL_CERTIFIED,1.039926886535169,0,32,0,0,52,FULL_MOTION_CERTIFICATE,0,0,0,57,0,0,0,0,0,,17.566666666,1.9683342782,0.354362860114,-0.00933448555854,0.720226033706,0.691257885718,0.0586258970538,0.984167139102,0.177181430057,-0.00466724277927,1.41611396397,1.40872253632,-0.0474458073793,1.4153910632216893,1.4093909308178465,-0.055745588823208556
17.516666666666666,-37.812290631282856,-7.073479411454806,3.2784206300260643,1.4311912002225933,1.3798369012677436,-0.09144652446354565,1.9684600520009232,0.3536650359345965,-0.00927717812174803,DEPTH_PROPOSAL_CERTIFIED,1.038312687043171,0,32,0,0,52,FULL_MOTION_CERTIFICATE,0,0,0,57,0,0,0,0,0,,17.583333333,1.96839710145,0.354014494036,-0.00930532146222,0.720226033706,0.691257885718,0.0586258970538,0.984198550726,0.177007247018,-0.00465266073111,1.41741653812,1.40739954118,-0.0375631652019,1.416364050843565,1.4084710926299218,-0.04744580737930076
17.533333333333335,-37.78845452050209,-7.050447647122891,3.2769645558295273,1.4301666468456664,1.3819058599146403,-0.08736445179220866,1.9685231120612336,0.3533145785855761,-0.00925018051999149,DEPTH_PROPOSAL_CERTIFIED,1.0367798636148484,0,32,0,0,52,FULL_MOTION_CERTIFICATE,0,0,0,57,0,0,0,0,0,,17.6,1.968460052,0.353665035935,-0.00927717812175,0.720226033706,0.691257885718,0.0586258970538,0.984230026,0.176832517967,-0.00463858906087,1.41909170351,1.40560326175,-0.0261265102377,1.4176670956471602,1.407147155406775,-0.03756316520190582
17.55,-37.76463207647659,-7.027386281684904,3.2755858022662663,1.4293466415302316,1.3836819262793505,-0.08272521379565882,1.968586263074165,0.3529632186904248,-0.009224483041838084,DEPTH_PROPOSAL_CERTIFIED,1.0353366317295567,0,32,0,0,52,FULL_MOTION_CERTIFICATE,0,0,0,57,0,0,0,0,0,,17.616666666,1.96852311206,0.353314578586,-0.00925018051999,0.720226033706,0.691257885718,0.0586258970538,0.984261556031,0.176657289293,-0.00462509026,1.42070991283,1.40385420952,-0.0152645179188,1.4193425766819265,1.4053499359288166,-0.026126510237747324
17.566666666666666,-37.7408202203375,-7.004299767130825,3.2742922263493144,1.4287113683455026,1.3851908732448093,-0.07761455501710826,1.9686494854557979,0.35261105840461904,-0.009200266593780473,DEPTH_PROPOSAL_CERTIFIED,1.0339898870631732,0,32,0,0,52,FULL_MOTION_CERTIFICATE,0,0,0,57,0,0,0,0,0,,17.633333333,1.96858626307,0.35296321869,-0.00922448304184,0.720226033706,0.691257885718,0.0586258970538,0.984293131537,0.176481609345,-0.00461224152092,1.42220553063,1.40223766115,-0.00522540317055,1.4209610354918076,1.403600026223408,-0.01526451791878755
17.583333333333332,-37.71701626130653,-6.981192050764613,3.2730900508766134,1.4282375418580775,1.3864629819727845,-0.0721305283620661,1.9687127614498778,0.35225819083425713,-0.009177684597472101,DEPTH_PROPOSAL_CERTIFIED,1.032745019371736,0,32,0,0,52,FULL_MOTION_CERTIFICATE,0,0,0,57,0,0,0,0,0,,17.65,1.96864948546,0.352611058405,-0.00920026659378,0.720226033706,0.691257885718,0.0586258970538,0.984324742728,0.176305529202,-0.00460013329689,1.42358784405,1.40074357857,0.0040531725664,1.4224568587114896,1.4019827084540832,-0.0052254031705475795
17.6,-37.693217855561166,-6.95806662612375,3.2719840669454885,1.4279043447217108,1.3875254784515854,-0.06635903586748422,1.9687760754233519,0.3519046984259507,-0.009156858979169681,DEPTH_PROPOSAL_CERTIFIED,1.0316060998225864,0,32,0,0,52,FULL_MOTION_CERTIFICATE,0,0,0,57,0,0,0,0,0,,17.666666666,1.96871276145,0.352258190834,-0.00917768459747,0.720226033706,0.691257885718,0.0586258970538,0.984356380725,0.176129095417,-0.00458884229874,1.42486543668,1.39936268414,0.0126288253704,1.4238393396580389,1.4004879354929527,0.004053172566402828
17.616666666666667,-37.66942296910537,-6.934926579080067,3.2709778151623916,1.4276931873478176,1.3884028226210352,-0.060375106985823546,1.9688394136433556,0.35155065404511077,-0.009137884051754834,DEPTH_PROPOSAL_CERTIFIED,1.0305760487257243,0,32,0,0,52,FULL_MOTION_CERTIFICATE,0,0,0,57,0,0,0,0,0,,17.683333333,1.96877607542,0.351904698426,-0.00915685897917,0.720226033706,0.691257885718,0.0586258970538,0.984388037712,0.175952349213,-0.00457842948958,1.42604624206,1.39808640285,0.0205548080091,1.4251170673863214,1.3991064214883242,0.012628825370441172
17.633333333333333,-37.645629844274666,-6.911774629559948,3.2700737476153994,1.427587489842308,1.389116971207241,-0.05424405281954539,1.968902764075982,0.3511961219521803,-0.009120829990089398,DEPTH_PROPOSAL_CERTIFIED,1.029656785535489,0,32,0,0,52,FULL_MOTION_CERTIFICATE,0,0,0,57,0,0,0,0,0,,17.7,1.96883941364,0.351550654045,-0.00913788405175,0.720226033706,0.691257885718,0.0586258970538,0.984419706822,0.175775327023,-0.00456894202588,1.42713759249,1.39690680954,0.0278803374055,1.4262979802750921,1.3978295839589545,0.02055480800905269
17.65,-37.621836969538606,-6.888613169282516,3.269273372480307,1.427572484163466,1.3896876166459766,-0.04802250810553039,1.9689661162048226,0.35084115868607973,-0.009105745939005294,DEPTH_PROPOSAL_CERTIFIED,1.028849362821753,0,32,0,0,52,FULL_MOTION_CERTIFICATE,0,0,0,57,0,0,0,0,0,,17.716666666,1.96890276408,0.351196121952,-0.00912082999009,0.720226033706,0.691257885718,0.0586258970538,0.984451382038,0.175598060976,-0.00456041499504,1.42814626479,1.39581657942,0.0346509020363,1.427389414881595,1.3966494909985498,0.0278803374054573
17.666666666666668,-37.5980430522929,-6.865444295879991,3.268577382964081,1.4276350347418927,1.3901324041513226,-0.04175937097357133,1.9690294608674541,0.3504858138632996,-0.009092662789507797,DEPTH_PROPOSAL_CERTIFIED,1.028358630929308,0,32,0,0,52,FULL_MOTION_CERTIFICATE,0,0,0,57,0,0,0,0,0,,17.733333333,1.9689661162,0.350841158686,-0.00910574593901,0.720226033706,0.691257885718,0.0586258970538,0.984483058102,0.175420579343,-0.0045528729695,1.42907852258,1.39480894243,0.0409085455002,1.4283981517986968,1.3955588117165418,0.03465090203631626
17.683333333333334,-37.57424699436133,-6.842269843732055,3.267985772130271,1.427763475894427,1.3904671288762658,-0.0354966500285885,1.9690927901081894,0.35013013090034706,-0.009081595655611528,DEPTH_PROPOSAL_CERTIFIED,1.0303668084455295,0,32,0,0,52,FULL_MOTION_CERTIFICATE,0,0,0,57,0,0,0,0,0,,17.75,1.96902946087,0.350485813863,-0.00909266278951,0.720226033706,0.691257885718,0.0586258970538,0.984514730434,0.175242906932,-0.00454633139475,1.42994015478,1.39387764158,0.0466921250558,1.4293304579553472,1.3945507705205724,0.04090854550020682
17.7,-37.55044786995339,-6.819091411815737,3.267497935002376,1.4279474644768393,1.390705914979116,-0.02927022767370817,1.9691560970455668,0.34977414766656945,-0.009072546081213462,DEPTH_PROPOSAL_CERTIFIED,1.032675158398097,0,32,0,0,52,FULL_MOTION_CERTIFICATE,0,0,0,57,0,0,0,0,0,,17.766666666,1.96909279011,0.3501301309,-0.00908159565561,0.720226033706,0.691257885718,0.0586258970538,0.984546395054,0.17506506545,-0.00454079782781,1.43073651177,1.39301689388,0.0520375543156,1.430192125182269,1.3936191054338898,0.04669212505583651
17.716666666666665,-37.52664490584603,-6.795910388846404,3.267112759215377,1.4281778464416097,1.390861378160098,-0.02311054721996988,1.9692193757531764,0.34941789707373644,-0.009065504003588605,DEPTH_PROPOSAL_CERTIFIED,1.0361227650913876,0,32,0,0,52,FULL_MOTION_CERTIFICATE,0,0,0,57,0,0,0,0,0,,17.783333333,1.96915609705,0.349774147667,-0.00907254608121,0.720226033706,0.691257885718,0.0586258970538,0.984578048523,0.174887073833,-0.00453627304061,1.43147253873,1.39222135428,0.056978027126,1.4309885064118082,1.3927580289680765,0.05203755431564185
17.733333333333334,-37.50283746357878,-6.7727279759605645,3.2668287053656826,1.428446536034695,1.3909447731501687,-0.017043230981640352,1.9692826211525536,0.3490614076082139,-0.009060449497711034,DEPTH_PROPOSAL_CERTIFIED,1.043693541961872,0,32,0,0,52,FULL_MOTION_CERTIFICATE,0,0,0,57,0,0,0,0,0,,17.8,1.96921937575,0.349417897074,-0.00906550400359,0.720226033706,0.691257885718,0.0586258970538,0.984609687877,0.174708948537,-0.00453275200179,1.43215280607,1.39148608284,0.0615442216856,1.4317245490703334,1.3919621920290317,0.05697802712596736
17.75,-37.47902502347127,-6.749545207168342,3.2666438780976392,1.4287464064504387,1.390966127533391,-0.011089636082607268,1.9693458289169823,0.3487047038110412,-0.009057354323326204,DEPTH_PROPOSAL_CERTIFIED,1.0513625593752376,0,32,0,0,52,FULL_MOTION_CERTIFICATE,0,0,0,58,0,0,0,0,0,,17.816666666,1.96928262115,0.349061407608,-0.00906044949771,0.720226033706,0.691257885718,0.0586258970538,0.984641310576,0.174530703804,-0.00453022474886,1.43278153796,1.39080651382,0.0657644921548,1.4324048255225141,1.391226651008704,0.06154422168560083
17.766666666666666,-37.45520717028902,-6.726362967783493,3.2665560888702996,1.429071190935115,1.3909343630910422,-0.005267353640377934,1.9694089953851526,0.34834780671073273,-0.009056183294570906,DEPTH_PROPOSAL_CERTIFIED,1.0591263221983753,0,32,0,0,52,FULL_MOTION_CERTIFICATE,0,0,0,58,0,0,0,0,0,,17.833333333,1.96934582892,0.348704703811,-0.00905735432333,0.720226033706,0.691257885718,0.0586258970538,0.984672914458,0.174352351906,-0.00452867716166,1.43336263869,1.39017842726,0.0696650454111,1.433033561648167,1.3905468368943856,0.06576449215482431
17.783333333333335,-37.431383580399356,-6.703182011020253,3.2665629112579238,1.4294153933796512,1.3908574057942107,0.000409343257460679,1.9694721174837255,0.3479907342132119,-0.009056895490144972,DEPTH_PROPOSAL_CERTIFIED,1.0669811833656935,0,32,0,0,52,FULL_MOTION_CERTIFICATE,0,0,0,58,0,0,0,0,0,,17.85,1.96940899539,0.348347806711,-0.00905618329457,0.720226033706,0.691257885718,0.0586258970538,0.984704497693,0.174173903355,-0.00452809164729,1.43389971663,1.38959792302,0.0732701022026,1.43361466320299,1.3899185267728646,0.06966504541108004
17.8,-37.407554010274254,-6.680002972928665,3.266661729553307,1.4297742075063469,1.3907422854953924,0.00592909772300263,1.9695351926579268,0.3476335014528831,-0.00905944532032381,DEPTH_PROPOSAL_CERTIFIED,1.0749233897926682,0,32,0,0,52,FULL_MOTION_CERTIFICATE,0,0,0,58,0,0,0,0,0,,17.866666666,1.96947211748,0.347990734213,-0.00905689549014,0.731176179658,0.668482896946,0.136058850467,0.984736058742,0.173995367107,-0.00452844774507,1.4346603852,1.38854676145,0.078458277912,1.434151739852036,1.3893378178498077,0.07327010220261858
17.816666666666666,-37.38371795264256,-6.656827035677151,3.266852125096404,1.4301634579015194,1.390556235090935,0.011423732585808394,1.9695982188093941,0.3472761211084824,-0.00906378346549589,DEPTH_PROPOSAL_CERTIFIED,1.0829511365145361,0,32,0,0,52,FULL_MOTION_CERTIFICATE,0,0,0,58,0,0,0,0,0,,17.883333333,1.96953519266,0.347633501453,-0.00905944532032,0.731176179658,0.668482896946,0.136058850467,0.984767596329,0.173816750726,-0.00452972266016,1.43564406152,1.38701922023,0.0852279431228,1.4349123127226249,1.3882864201565546,0.07845827791204281
17.833333333333332,-37.35987465721788,-6.633655893394685,3.2671357077740173,1.430597725481134,1.3902685369479937,0.01701496065679215,1.969661191685348,0.3469186170035722,-0.009069903251010659,DEPTH_PROPOSAL_CERTIFIED,1.0910643783951175,0,32,0,0,52,FULL_MOTION_CERTIFICATE,0,0,0,58,0,0,0,0,0,,17.9,1.96959821881,0.347276121108,-0.0090637834655,0.731176179658,0.668482896946,0.136058850467,0.984799109405,0.173638060554,-0.00453189173275,1.43684996371,1.38500767897,0.0935768922284,1.4358957899524314,1.38675861960411,0.08522794312279819
17.85,-37.33602315010705,-6.610491722997775,3.26751595955715,1.4310904266494138,1.389850223814423,0.022815106987975776,1.9697241050259648,0.3465610234104254,-0.009077837428593588,DEPTH_PROPOSAL_CERTIFIED,1.099264655347151,0,32,0,0,52,FULL_MOTION_CERTIFICATE,0,0,0,58,0,0,0,0,0,,17.916666666,1.96966119169,0.346918617004,-0.00906990325101,0.731176179658,0.668482896946,0.136058850467,0.984830595843,0.173459308502,-0.00453495162551,1.4382768929,1.3825005693,0.103501701299,1.4371013809024265,1.384746803584863,0.09357689222840401
17.866666666666667,-37.312162252275215,-6.58733716221276,3.2679980883533015,1.4316538699105668,1.389273647100954,0.02892772776908719,1.9697869506923484,0.34620338445103105,-0.009087655186665114,DEPTH_PROPOSAL_CERTIFIED,1.1075549283978716,0,32,0,0,52,FULL_MOTION_CERTIFICATE,0,0,0,58,0,0,0,0,0,,17.933333333,1.96972410503,0.34656102341,-0.00907783742859,0.731176179658,0.668482896946,0.136058850467,0.984862052513,0.173280511705,-0.0045389187143,1.43992238551,1.37947454151,0.114995183077,1.4385278776966337,1.3822394111966305,0.10350170129865101
17.883333333333333,-37.28829059821083,-6.56419530413857,3.2685888881788823,1.432299243863408,1.388511484451492,0.03544798953483975,1.96984971876827,0.3458457536359049,-0.009099459356432166,DEPTH_PROPOSAL_CERTIFIED,1.1159394194480177,0,32,0,0,52,FULL_MOTION_CERTIFICATE,0,0,0,58,0,0,0,0,0,,17.95,1.96978695069,0.346203384451,-0.00908765518667,0.731176179658,0.668482896946,0.136058850467,0.984893475346,0.173101692226,-0.00454382759333,1.44162162598,1.37625418178,0.126898404365,1.4401728060880703,1.3792131001280583,0.11499518307702587
17.9,-37.26440685808663,-6.541069252871262,3.269295155699955,1.4330244074520895,1.3875630760385438,0.04237605126438577,1.9699123976058899,0.3454881937136081,-0.00911338373618723,DEPTH_PROPOSAL_CERTIFIED,1.1244222526107022,0,32,0,0,52,FULL_MOTION_CERTIFICATE,0,0,0,58,0,0,0,0,0,,17.966666666,1.96984971877,0.345845753636,-0.00909945935643,0.731176179658,0.668482896946,0.136058850467,0.984924859384,0.172922876818,-0.00454972967822,1.44319213602,1.37327778887,0.137899865786,1.4418714032340056,1.3759924934005727,0.1268984043648524
17.916666666666668,-37.240509965357454,-6.517961569221224,3.27012203409795,1.433813563750488,1.3864610190020636,0.04961270387966709,1.9699749755665033,0.3451307675847781,-0.009129562316788216,DEPTH_PROPOSAL_CERTIFIED,1.133006099407247,0,32,0,0,52,FULL_MOTION_CERTIFICATE,0,0,0,58,0,0,0,0,0,,17.983333333,1.96991239761,0.345488193714,-0.00911338373619,0.731176179658,0.668482896946,0.136058850467,0.984956198803,0.172744096857,-0.00455669186809,1.44464366812,1.37052688011,0.148067883804,1.4434412705909507,1.3730159231570074,0.1378998657860843
17.933333333333334,-37.216599084495094,-6.494874335220261,3.271073224591808,1.4346528517415909,1.3852340400578294,0.05707142963148522,1.9700374431274141,0.34477352711085907,-0.009148097044642487,DEPTH_PROPOSAL_CERTIFIED,1.141692383618039,0,32,0,0,52,FULL_MOTION_CERTIFICATE,0,0,0,58,0,0,0,0,0,,18,1.96997497557,0.345130767585,-0.00912956231679,0.731176179658,0.668482896946,0.136058850467,0.984987487783,0.172565383792,-0.00456478115839,1.44598523566,1.36798437353,0.157465597411,1.444892165233044,1.370264896938171,0.148067883803672
17.95,-37.192673582101634,-6.471809211971804,3.2721511753985184,1.4355301436077554,1.3839073949074612,0.06467704840262847,1.9700997926240558,0.3444165144219542,-0.009169061897686624,DEPTH_PROPOSAL_CERTIFIED,1.1504814627977629,0,32,0,0,52,FULL_MOTION_CERTIFICATE,0,0,0,58,0,0,0,0,0,,18.016666666,1.97003744313,0.344773527111,-0.00914809704464,0.731176179658,0.668482896946,0.136058850467,0.985018721564,0.172386763555,-0.00457404852232,1.44722516922,1.36563448122,0.166151362482,1.446233104374964,1.3677223240729686,0.15746559741058183
17.966666666666665,-37.16873300107414,-6.448767491483469,3.273357250339167,1.436434861649992,1.3825032293001676,0.07236449643891249,1.9701620180193582,0.3440597630900975,-0.009192506528435949,DEPTH_PROPOSAL_CERTIFIED,1.1593727888490353,0,32,0,0,52,FULL_MOTION_CERTIFICATE,0,0,0,58,0,0,0,0,0,,18.033333333,1.97009979262,0.344416514422,-0.00916906189769,0.731176179658,0.668482896946,0.136058850467,0.985049896312,0.172208257211,-0.00458453094884,1.44837116849,1.36346261093,0.174179115555,1.4474724217652781,1.365372408891184,0.1661513624815833
17.983333333333334,-37.14477703752384,-6.425750143062157,3.274691879091831,1.4373578130176798,1.3810409052785293,0.08007772515984393,1.9702241146977064,0.3437032991808298,-0.009218459516294667,DEPTH_PROPOSAL_CERTIFIED,1.1683650498216211,0,32,0,0,52,FULL_MOTION_CERTIFICATE,0,0,0,58,0,0,0,0,0,,18.05,1.97016201802,0.34405976309,-0.00919250652844,0.731176179658,0.668482896946,0.136058850467,0.98508100901,0.172029881545,-0.00459625326422,1.44943034964,1.36145527626,0.181598705505,1.4486178197034694,1.3632005522145454,0.17417911555519155
18.0,-37.120805520181314,-6.402757854797081,3.2761546909004866,1.43829104055138,1.3795372959045924,0.08776870851932499,1.9702860792810808,0.3433471421947787,-0.009246931267399332,DEPTH_PROPOSAL_CERTIFIED,1.1774562948927851,0,32,0,0,53,FULL_MOTION_CERTIFICATE,0,0,0,59,0,0,0,0,0,,18.066666666,1.9702241147,0.343703299181,-0.00921845951629,0.731176179658,0.668482896946,0.136058850467,0.985112057349,0.17185164959,-0.00460922975815,1.45040928973,1.35960001252,0.188456204884,1.4496764164625227,1.36119326154256,0.18159870550499954
18.016666666666666,-37.096818392043026,-6.379791070609229,3.2777446333863707,1.4392276882975046,1.3780070512712368,0.09539654915304259,1.970347909465202,0.3429913059098365,-0.009277916596605663,DEPTH_PROPOSAL_CERTIFIED,1.18720745353326,0,32,0,0,53,FULL_MOTION_CERTIFICATE,0,0,0,59,0,0,0,0,0,,18.083333333,1.97028607928,0.343347142195,-0.0092469312674,0.731176179658,0.668482896946,0.136058850467,0.985143039641,0.171673571097,-0.0046234656337,1.45131406774,1.35788529895,0.194794197136,1.450654790800226,1.3593380667442965,0.18845620488440304
18.033333333333335,-37.07281569403766,-6.356850023301403,3.2794600779530416,1.4401618803217056,1.3764628384693427,0.10292667400024688,1.9704096038736632,0.3426357991335881,-0.009311397023130235,DEPTH_PROPOSAL_CERTIFIED,1.1969337167599248,0,32,0,0,53,FULL_MOTION_CERTIFICATE,0,0,0,59,0,0,0,0,0,,18.1,1.97034790947,0.34299130591,-0.00927791659661,0.731176179658,0.668482896946,0.136058850467,0.985173954733,0.171495652955,-0.0046389582983,1.45215030197,1.35630048793,0.20065203845,1.4515590230169553,1.357623442286239,0.19479419713612367
18.05,-37.04879688327377,-6.333936282938059,3.2813057490722035,1.4411286458330699,1.3748244218007089,0.1107402671497126,1.9704711619282658,0.3422806263747514,-0.009347342808399462,DEPTH_PROPOSAL_CERTIFIED,1.2065280940563683,0,32,0,0,53,FULL_MOTION_CERTIFICATE,0,0,0,59,0,0,0,0,0,,18.116666666,1.97040960387,0.342635799134,-0.00931139702313,0.731176179658,0.668482896946,0.136058850467,0.985204801937,0.171317899567,-0.00465569851157,1.45292318507,1.35483573844,0.206066103573,1.452923185071715,1.3548357384433753,0.2060661035732002
18.066666666666666,-37.02476287245283,-6.311048111128796,3.2832717810959404,1.4420406492564999,1.3732903085558312,0.11796192142421884,1.970532577747545,0.3419258192810633,-0.009385848101680392,DEPTH_PROPOSAL_CERTIFIED,1.215961353394171,0,32,0,0,54,FULL_MOTION_CERTIFICATE,0,0,0,59,0,0,0,0,0,,18.133333333,1.97047116193,0.342280626375,-0.0093473428084,0.731176179658,0.668482896946,0.136058850467,0.985235580964,0.171140313187,-0.0046736714042,1.45363751647,1.35348195474,0.211070012564,1.453167091022346,1.3545741269683234,0.2060661035732002
18.083333333333332,-37.00071391176606,-6.288185280027457,3.285355373840814,1.442937641206134,1.3717698660804487,0.12501556469240183,1.9705938584603162,0.3415713423307905,-0.009426722485824495,DEPTH_PROPOSAL_CERTIFIED,1.2252099668356586,0,32,0,0,54,FULL_MOTION_CERTIFICATE,0,0,0,59,0,0,0,0,0,,18.15,1.97053257775,0.341925819281,-0.00938584810168,0.731176179658,0.668482896946,0.136058850467,0.985266288874,0.170962909641,-0.00469292405084,1.45429773185,1.35223073041,0.215694837533,1.4538809429916726,1.3532204678807798,0.2110700125642394
18.1,-36.97665030075096,-6.265347449546811,3.2875534606170524,1.443816660905716,1.3702698288385293,0.13188520657428338,1.9706550052081426,0.34121719064481465,-0.009469913228530613,DEPTH_PROPOSAL_CERTIFIED,1.23425040130913,0,32,0,0,54,FULL_MOTION_CERTIFICATE,0,0,0,59,0,0,0,0,0,,18.166666666,1.97059385846,0.341571342331,-0.00942672248582,0.731176179658,0.668482896946,0.136058850467,0.98529692923,0.170785671165,-0.00471336124291,1.45490793087,1.35107429587,0.219969296711,1.4545407012406113,1.3519693744871168,0.21569483753322424
18.116666666666667,-36.95257237937648,-6.242534185674872,3.289862764678816,1.4446752824692255,1.3687958323164167,0.13855824370583583,1.9707160195462565,0.3408633570557973,-0.00951536233734716,DEPTH_PROPOSAL_CERTIFIED,1.2430592281422868,0,32,0,0,54,FULL_MOTION_CERTIFICATE,0,0,0,59,0,0,0,0,0,,18.183333333,1.97065500521,0.341217190645,-0.00946991322853,0.731176179658,0.668482896946,0.136058850467,0.985327502604,0.170608595322,-0.00473495661427,1.45547190274,1.35000546994,0.223919933473,1.4551504655440444,1.3508130747466405,0.2199692967107808
18.133333333333333,-36.92848052019569,-6.219744976660216,3.2922798486519027,1.4455115508471275,1.3673525408794003,0.1450250383851935,1.9707769033729798,0.3405098324809421,-0.009563007654955677,DEPTH_PROPOSAL_CERTIFIED,1.2516132145737742,0,32,0,0,54,FULL_MOTION_CERTIFICATE,0,0,0,59,0,0,0,0,0,,18.2,1.97071601955,0.340863357056,-0.00951536233735,0.731176179658,0.668482896946,0.136058850467,0.985358009773,0.170431678528,-0.00475768116867,1.45599314946,1.34901761567,0.227571279566,1.4557140250575331,1.3497443853477984,0.2239199334733621
18.15,-36.90437512145582,-6.196979247283649,3.2948011576769853,1.4463239243921289,1.3659437625940962,0.15127854150496073,1.970837658867595,0.3401566062515117,-0.009612783819039796,DEPTH_PROPOSAL_CERTIFIED,1.2598893994130538,0,32,0,0,54,FULL_MOTION_CERTIFICATE,0,0,0,59,0,0,0,0,0,,18.216666666,1.97077690337,0.340509832481,-0.00956300765496,0.766118173328,0.63230234391,0.115137701827,0.985388451686,0.17025491624,-0.00478150382748,1.45757081746,1.34694271929,0.230529739692,1.4562348816411452,1.348756667513386,0.22757127956612563
18.166666666666668,-36.880255217603576,-6.174237838680947,3.297422531346244,1.4471942311344173,1.364484516161924,0.15728242015549362,1.9708982884357735,0.3398036664034923,-0.00966462310090901,DEPTH_PROPOSAL_CERTIFIED,1.2678644657039455,0,32,0,0,56,FULL_MOTION_CERTIFICATE,0,0,0,59,0,0,0,0,0,,18.233333333,1.97083765887,0.340156606252,-0.00961278381904,0.766118173328,0.63230234391,0.115137701827,0.985418829434,0.170078303126,-0.00480639190952,1.46018719583,1.34380771553,0.232729891637,1.4578119733903327,1.3466817096894257,0.23052973969198268
18.183333333333334,-36.85611860498596,-6.151522867000885,3.3001391669744433,1.448196757057253,1.3628983008037787,0.16299813769196525,1.9709587891368132,0.3394510323039513,-0.009718445972968578,DEPTH_PROPOSAL_CERTIFIED,1.2755150001034012,0,32,0,0,56,FULL_MOTION_CERTIFICATE,0,0,0,59,0,0,0,0,0,,18.25,1.97089828844,0.339803666403,-0.00966462310091,0.766118173328,0.63230234391,0.115137701827,0.985449144218,0.169901833202,-0.00483231155045,1.46381387097,1.33965411936,0.234081781863,1.460427573315849,1.3435464734344054,0.23272989163692326
18.2,-36.83196197153551,-6.128837574361767,3.302945554678616,1.4493980070266754,1.3611175583471575,0.16838326225039324,1.9710191532456942,0.33909875158678426,-0.009774160368553395,DEPTH_PROPOSAL_CERTIFIED,1.282817763053508,0,32,0,0,56,FULL_MOTION_CERTIFICATE,0,0,0,59,0,0,0,0,0,,18.266666666,1.97095878914,0.339451032304,-0.00971844597297,0.766118173328,0.63230234391,0.115137701827,0.985479394568,0.169725516152,-0.00485922298648,1.46839047752,1.33456577205,0.234432848809,1.4640532566536322,1.3393925003763767,0.23408178186321868
18.216666666666665,-36.80778105696147,-6.1061861376523705,3.305835338325413,1.4508548744429193,1.3590862025638752,0.17338701880783317,1.9710793688425627,0.33874689692629933,-0.009831660389172561,DEPTH_PROPOSAL_CERTIFIED,1.2897499788646785,0,32,0,0,56,FULL_MOTION_CERTIFICATE,0,0,0,59,0,0,0,0,0,,18.283333333,1.97101915325,0.339098751587,-0.00977416036855,0.766118173328,0.63230234391,0.115137701827,0.985509576623,0.169549375793,-0.00488708018428,1.47322728588,1.3292656898,0.234117890836,1.4686286569210951,1.3343036620078292,0.23443284880860402
18.233333333333334,-36.783571595309034,-6.083572684640367,3.308801802366186,1.4525676991455492,1.3568071807200013,0.17798784244633364,1.9711394205611488,0.3383955619082615,-0.009890823557783817,DEPTH_PROPOSAL_CERTIFIED,1.298288834986765,0,32,0,0,56,FULL_MOTION_CERTIFICATE,0,0,0,59,0,0,0,0,0,,18.3,1.97107936884,0.338746896926,-0.00983166038917,0.766118173328,0.63230234391,0.115137701827,0.985539684421,0.169373448463,-0.00491583019459,1.47769766936,1.32436712895,0.233826793316,1.4734641605176297,1.3290031142247427,0.23411789083602993
18.25,-36.75933010644423,-6.061000523239045,3.311838770132804,1.4544893318882959,1.3543296840793673,0.18221806599709606,1.9711992932942812,0.33804483927566215,-0.009951520246557372,DEPTH_PROPOSAL_CERTIFIED,1.3074382780532638,0,32,0,0,56,FULL_MOTION_CERTIFICATE,0,0,0,60,0,0,0,0,0,,18.316666666,1.97113942056,0.338395561908,-0.00989082355778,0.766118173328,0.63230234391,0.115137701827,0.985569710281,0.169197780954,-0.00494541177889,1.48182938717,1.31983967147,0.233557748656,1.4779332513498062,1.3241042250636312,0.2338267933164008
18.266666666666666,-36.73505380146357,-6.038472242047088,3.314940560731062,1.4565782988397467,1.3516968715174986,0.18610743589547882,1.9712589750596776,0.3376948036871533,-0.01001363117779668,DEPTH_PROPOSAL_CERTIFIED,1.3162547287683026,0,32,0,0,56,FULL_MOTION_CERTIFICATE,0,0,0,60,0,0,0,0,0,,18.333333333,1.97119929329,0.338044839276,-0.00995152024656,0.766118173328,0.63230234391,0.115137701827,0.985599646647,0.169022419638,-0.00497576012328,1.4856480963,1.31565520293,0.233309086151,1.482063695647447,1.3195765582626977,0.23355774865575155
18.283333333333335,-36.71074049792572,-6.015989800360858,3.318101949372572,1.4587982122710244,1.3489465011735757,0.18968331849056647,1.9713184566095105,0.33734551392083956,-0.010077046600150274,DEPTH_PROPOSAL_CERTIFIED,1.324729819991349,0,32,0,0,56,FULL_MOTION_CERTIFICATE,0,0,0,60,0,0,0,0,0,,18.35,1.97125897506,0.337694803687,-0.0100136311778,0.766118173328,0.63230234391,0.115137701827,0.98562948753,0.168847401844,-0.0050068155889,1.48917750928,1.31178773958,0.233079261714,1.4858811561326064,1.3153919829777234,0.23330908615062856
18.3,-36.68638854396148,-5.993554608675167,3.321318130871687,1.4611172378545934,1.3461115011415636,0.19297088994692127,1.9713777310814016,0.3369970148482323,-0.01014166553014263,DEPTH_PROPOSAL_CERTIFIED,1.329778767660245,0,32,0,0,56,FULL_MOTION_CERTIFICATE,0,0,0,60,0,0,0,0,0,,18.366666666,1.97131845661,0.337345513921,-0.0100770466002,0.766118173328,0.63230234391,0.115137701827,0.985659228305,0.16867275696,-0.00503852330008,1.49243954228,1.30821326611,0.232866848234,1.4894093499741374,1.311524500751014,0.23307926171445226
18.316666666666666,-36.661996750402295,-5.971167600598136,3.3245846860555073,1.4635076135510157,1.3432204846219202,0.19599331102923795,1.9714367936868042,0.3366493392004615,-0.01020739505387806,DEPTH_PROPOSAL_CERTIFIED,1.32691717368061,0,32,0,0,56,FULL_MOTION_CERTIFICATE,0,0,0,60,0,0,0,0,0,,18.383333333,1.97137773108,0.336997014848,-0.0101416655301,0.766118173328,0.63230234391,0.115137701827,0.985688865541,0.168498507424,-0.00507083276507,1.49545445177,1.30490958587,0.232670526671,1.49267019704737,1.3079500830822686,0.23286684823350354
18.333333333333332,-36.63756433014723,-5.948829297019886,3.3278975508550364,1.465945215304071,1.3402982146950868,0.19877188797175815,1.971495641433115,0.3363025091468936,-0.01027414968416925,DEPTH_PROPOSAL_CERTIFIED,1.323807273668281,0,32,0,0,56,FULL_MOTION_CERTIFICATE,0,0,0,60,0,0,0,0,0,,18.4,1.97143679369,0.3366493392,-0.0102073950539,0.766118173328,0.63230234391,0.115137701827,0.985718396843,0.1683246696,-0.00510369752694,1.49824095901,1.30185618444,0.232489077953,1.495683956691348,1.3046465215877179,0.23267052667050675
18.35,-36.61308788066014,-5.926543094594686,3.3312527761184425,1.4685869692251088,1.337172145511773,0.20131351580433246,1.9715542728761808,0.3359565377044368,-0.010341850768712812,DEPTH_PROPOSAL_CERTIFIED,1.3204470431927846,0,32,0,0,56,FULL_MOTION_CERTIFICATE,0,0,0,60,0,0,0,0,0,,18.416666666,1.97149564143,0.336302509147,-0.0102741496842,0.766118173328,0.63230234391,0.115137701827,0.985747820717,0.168151254573,-0.00513707484208,1.50081636706,1.29903410148,0.232321375362,1.5008163670617622,1.2990341014753537,0.23232137536173392
18.366666666666667,-36.5885704505257,-5.90430537786206,3.334647152719673,1.471045808066262,1.3342630039576793,0.20366259607383244,1.9716126758099664,0.3356115011414853,-0.010410422038698724,DEPTH_PROPOSAL_CERTIFIED,1.3168327086179155,0,32,0,0,56,FULL_MOTION_CERTIFICATE,0,0,0,60,0,0,0,0,0,,18.433333333,1.97155427288,0.335956537704,-0.0103418507687,0.766118173328,0.63230234391,0.115137701827,0.985777136438,0.167978268852,-0.00517092538436,1.50319666859,1.29642581251,0.232166377502,1.5010436419283333,1.2987714769977325,0.23232137536173392
18.383333333333333,-36.56400964812336,-5.882118479163221,3.3380773380656388,1.4736481441406855,1.3312139219303782,0.20581112075797722,1.9716708642783196,0.3352673212891191,-0.01047980112417664,DEPTH_PROPOSAL_CERTIFIED,1.312963097947228,0,32,0,0,56,FULL_MOTION_CERTIFICATE,0,0,0,60,0,0,0,0,0,,18.45,1.97161267581,0.335611501141,-0.0104104220387,0.766118173328,0.63230234391,0.115137701827,0.985806337905,0.167805750571,-0.00520521101935,1.50539664425,1.2940151212,0.232023121905,1.5053966442486517,1.2940151211973023,0.23202312190454505
18.4,-36.539408474858476,-5.859978879531045,3.3415406193726485,1.4760703958931074,1.3283759779306286,0.20779687842059588,1.9717288300525344,0.33492405087656335,-0.010549923416679744,DEPTH_PROPOSAL_CERTIFIED,1.3088354404052938,0,32,0,0,56,FULL_MOTION_CERTIFICATE,0,0,0,60,0,0,0,0,0,,18.466666666,1.97167086428,0.335267321289,-0.0104798011242,0.766118173328,0.63230234391,0.115137701827,0.985835432139,0.167633660645,-0.00523990056209,1.50742995496,1.29178705815,0.231890719012,1.505621867272658,1.2937530611336794,0.23202312190454505
18.416666666666668,-36.51476742300617,-5.8378858085455985,3.3450343221955574,1.4784631111381066,1.3255842591265843,0.20962216937449463,1.9717865867674618,0.3345816136724874,-0.010620736143835116,DEPTH_PROPOSAL_CERTIFIED,1.3044483464924705,0,32,0,0,56,FULL_MOTION_CERTIFICATE,0,0,0,60,0,0,0,0,0,,18.483333333,1.97172883005,0.334924050877,-0.0105499234167,0.766118173328,0.63230234391,0.115137701827,0.985864415026,0.167462025438,-0.00527496170834,1.50930922709,1.28972778763,0.231768346634,1.5076542371270913,1.2915252897172484,0.23189071901205555
18.433333333333334,-36.4900871419887,-5.815838341009709,3.3485559873634902,1.4808168610479329,1.3228480521534514,0.21129991007597076,1.971844137755061,0.3342399939099019,-0.01069218743325299,DEPTH_PROPOSAL_CERTIFIED,1.2998007479473712,0,32,0,0,56,FULL_MOTION_CERTIFICATE,0,0,0,60,0,0,0,0,0,,18.5,1.97178658677,0.334581613672,-0.0106207361438,0.766118173328,0.63230234391,0.115137701827,0.985893293384,0.167290806836,-0.00531036807192,1.51104613012,1.28782452246,0.231655244891,1.509532609947814,1.2894663270812268,0.2317683466339808
18.45,-36.465368411736456,-5.7938354248261215,3.352103353711745,1.4831238151349164,1.320174971015317,0.21284198089527548,1.9719014869077405,0.33389917234531674,-0.010764229566303504,DEPTH_PROPOSAL_CERTIFIED,1.2948918605212585,0,32,0,0,56,FULL_MOTION_CERTIFICATE,0,0,0,60,0,0,0,0,0,,18.516666666,1.97184413776,0.33423999391,-0.0106921874333,0.766118173328,0.63230234391,0.115137701827,0.985922068878,0.167119996955,-0.00534609371663,1.51265144949,1.28606544414,0.231550711468,1.5112686549961163,1.287563381130076,0.2316552448907941
18.466666666666665,-36.440612119183506,-5.771875905538885,3.3556743421945607,1.4853775531770224,1.3175711572342506,0.21425930896896123,1.9719586385725387,0.33355912687372474,-0.01083681864654925,DEPTH_PROPOSAL_CERTIFIED,1.2897211507910828,0,32,0,0,56,FULL_MOTION_CERTIFICATE,0,0,0,60,0,0,0,0,0,,18.533333333,1.97190148691,0.333899172345,-0.0107642295663,0.766118173328,0.63230234391,0.115137701827,0.985950743454,0.166949586173,-0.00538211478315,1.51413515385,1.28443962924,0.231454097238,1.512873157290715,1.2858046291052376,0.23155071146792852
18.483333333333334,-36.41581923757537,-5.749958547884712,3.359267041268626,1.4875728964878208,1.3150414592501725,0.2155619444438622,1.9720155974582414,0.3332198330704525,-0.010909914294575789,DEPTH_PROPOSAL_CERTIFIED,1.2842883066127806,0,32,0,0,56,FULL_MOTION_CERTIFICATE,0,0,0,60,0,0,0,0,0,,18.55,1.97195863857,0.333559126874,-0.0108368186465,0.766118173328,0.63230234391,0.115137701827,0.985979319286,0.166779563437,-0.00541840932327,1.51550645637,1.28293698213,0.231364802267,1.5143560848795568,1.2841791438444257,0.23145409723765129
18.5,-36.39099080829845,-5.728082054665771,3.3628796934460023,1.4897057566154173,1.312589593136526,0.21675913064261423,1.972072368554056,0.3328812646674294,-0.010983479367124757,DEPTH_PROPOSAL_CERTIFIED,1.2803492201581785,0,32,0,0,56,FULL_MOTION_CERTIFICATE,0,0,0,61,0,0,0,0,0,,18.566666666,1.97201559746,0.33321983307,-0.0109099142946,0.771652634638,0.63570475027,-0.02077695695,0.986007798729,0.166609916535,-0.00545495714729,1.51693717177,1.2814852312,0.229610677876,1.5157266501720963,1.282676826550036,0.23136480226738992
18.516666666666666,-36.36612771879471,-5.706245162732486,3.366508572324431,1.4917853702242585,1.3102135159971822,0.2177327327057314,1.9721289570586338,0.3325433939706808,-0.01105747969860049,DEPTH_PROPOSAL_CERTIFIED,1.279266792103374,0,32,0,0,56,FULL_MOTION_CERTIFICATE,0,0,0,61,0,0,0,0,0,,18.583333333,1.97207236855,0.332881264667,-0.0109834793671,0.771652634638,0.63570475027,-0.02077695695,0.986036184277,0.166440632334,-0.00549173968356,1.51841811531,1.28009448013,0.226191760854,1.5171566562521221,1.2812253748971856,0.2296106778757616
18.533333333333335,-36.34123072581999,-5.684446627643874,3.3701481317939574,1.4938195784829502,1.3079121053165073,0.2183735681715397,1.9721853681781558,0.3322061944463163,-0.011131842412173883,DEPTH_PROPOSAL_CERTIFIED,1.2779749449441864,0,32,0,0,56,FULL_MOTION_CERTIFICATE,0,0,0,61,0,0,0,0,0,,18.6,1.97212895706,0.332543393971,-0.0110574796986,0.771652634638,0.63570475027,-0.02077695695,0.986064478529,0.166271696985,-0.0055287398493,1.51993897914,1.27877605873,0.221108225922,1.518636919238986,1.2798348950122773,0.22619176085439938
18.55,-36.31630047835773,-5.6626852079419825,3.373791144114178,1.4958148477354567,1.3056851821135698,0.21858073921325546,1.9722416071808069,0.3318696403500863,-0.011206458797112389,DEPTH_PROPOSAL_CERTIFIED,1.276480458260988,0,32,0,0,56,FULL_MOTION_CERTIFICATE,0,0,0,61,0,0,0,0,0,,18.616666666,1.97218536818,0.332206194446,-0.0111318424122,0.771652634638,0.63570475027,-0.02077695695,0.986092684089,0.166103097223,-0.00556592120609,1.52148784884,1.27754305043,0.214360450442,1.5201571326160381,1.2785167190377311,0.2211082259221882
18.566666666666666,-36.29133754082468,-5.640959648403479,3.377428827786961,1.4977762519835214,1.3035335723103074,0.21826102036698103,1.9722976794525684,0.3315337063505274,-0.011281186971911696,DEPTH_PROPOSAL_CERTIFIED,1.2747922123752304,0,32,0,0,56,FULL_MOTION_CERTIFICATE,0,0,0,61,0,0,0,0,0,,18.633333333,1.97224160718,0.33186964035,-0.0112064587971,0.771652634638,0.63570475027,-0.02077695695,0.98612080359,0.165934820175,-0.00560322939856,1.52305040174,1.27641116595,0.205949134739,1.5217053838099124,1.2772839327105059,0.21436045044243282
18.583333333333332,-36.26634241755838,-5.619268661242713,3.3810509661496067,1.4997073959781142,1.3014592296460437,0.21732830175877346,1.972353590556582,0.3311983671314189,-0.01135585435095919,DEPTH_PROPOSAL_CERTIFIED,1.272921351823508,0,32,0,0,56,FULL_MOTION_CERTIFICATE,0,0,0,61,0,0,0,0,0,,18.65,1.97229767945,0.331533706351,-0.0112811869719,0.771652634638,0.63570475027,-0.02077695695,0.986148839726,0.165766853175,-0.00564059348596,1.52460843791,1.27540034168,0.195875560924,1.5232673527121494,1.2761522491420239,0.20594913473864063
18.6,-36.241315580343915,-5.597610903402961,3.38464601771827,1.5016102328675218,1.2994654703849204,0.21570309411977473,1.972409346299782,0.33086359695068246,-0.011430259932462699,DEPTH_PROPOSAL_CERTIFIED,1.2703700912862317,0,32,0,0,56,FULL_MOTION_CERTIFICATE,0,0,0,61,0,0,0,0,0,,18.666666666,1.97235359056,0.331198367131,-0.011355854351,0.771652634638,0.63570475027,-0.02077695695,0.986176795278,0.165599183566,-0.00567792717548,1.52613677309,1.27453811428,0.184142224424,1.5248248429182922,1.2751416073992219,0.19587556092399339
18.616666666666667,-36.21625750267181,-5.575984945970768,3.388201219703984,1.503484660326544,1.2975574459316148,0.21331211914285042,1.9724649528135136,0.3305293691143195,-0.011504176427403189,DEPTH_PROPOSAL_CERTIFIED,1.2637102423976523,0,32,0,0,56,FULL_MOTION_CERTIFICATE,0,0,0,61,0,0,0,0,0,,18.683333333,1.9724093463,0.330863596951,-0.0114302599325,0.771652634638,0.63570475027,-0.02077695695,0.98620467315,0.165431798475,-0.00571512996623,1.52759491065,1.27386864052,0.170754893177,1.5263526753266157,1.2742795476012847,0.184142224424372
18.633333333333333,-36.19116871073028,-5.554389224919831,3.3917026878185292,1.505327516491644,1.2957432630563146,0.2100880868727187,1.97252041666255,0.3301956552774754,-0.01157735225685304,DEPTH_PROPOSAL_CERTIFIED,1.2572080179225629,0,32,0,0,56,FULL_MOTION_CERTIFICATE,0,0,0,61,0,0,0,0,0,,18.7,1.97246495281,0.330529369114,-0.0115041764274,0.771652634638,0.63570475027,-0.02077695695,0.986232476407,0.165264684557,-0.0057520882137,1.52889080744,1.27349171439,0.155734812159,1.527810361705865,1.2736102319776503,0.1707548931771094
18.65,-36.16604989560583,-5.532821925327563,3.3951355280609614,1.507128907467089,1.2940379755361031,0.2059704145459549,1.9725757450218555,0.32986242433354174,-0.011649513477828784,DEPTH_PROPOSAL_CERTIFIED,1.250874866207604,0,32,0,0,56,FULL_MOTION_CERTIFICATE,0,0,0,61,0,0,0,0,0,,18.716666666,1.97252041666,0.330195655277,-0.0115773522569,0.771652634638,0.63570475027,-0.02077695695,0.986260208331,0.165097827639,-0.00578867612843,1.52998281208,1.27333397092,0.140788697147,1.529105877367521,1.2732334677895203,0.15573481215943363
18.666666666666668,-36.140901953392586,-5.511281093011548,3.398486068155163,1.5088765327942906,1.2924499389606818,0.2010324056520727,1.972630946095824,0.32952963983118866,-0.011720365942329466,DEPTH_PROPOSAL_CERTIFIED,1.2447212615196936,0,32,0,0,56,FULL_MOTION_CERTIFICATE,0,0,0,61,0,0,0,0,0,,18.733333333,1.97257574502,0.329862424334,-0.0116495134778,0.771652634638,0.63570475027,-0.02077695695,0.986287872511,0.164931212167,-0.00582475673891,1.53099208916,1.27318817771,0.1269748627,1.530197561786146,1.2730758927405454,0.14078869714671993
18.683333333333334,-36.115725816717415,-5.4897649067659335,3.4017431012506876,1.5105682005104832,1.2909711747369512,0.19542198573147979,1.972686028525668,0.3291972619369063,-0.011789639217214517,DEPTH_PROPOSAL_CERTIFIED,1.2387559631342917,0,32,0,0,56,FULL_MOTION_CERTIFICATE,0,0,0,61,0,0,0,0,0,,18.75,1.9726309461,0.329529639831,-0.0117203659423,0.771652634638,0.63570475027,-0.02077695695,0.986315473048,0.164764819916,-0.00586018297116,1.53192490586,1.27305342944,0.114207530884,1.5312065466480362,1.2729302512074363,0.12697486270024202
18.7,-36.09052244406131,-5.468271669429621,3.404897590842617,1.5122023593667155,1.2895942401788176,0.18926937551578288,1.9727410002774952,0.32886525316557097,-0.011857111136012396,DEPTH_PROPOSAL_CERTIFIED,1.232986192739706,0,32,0,0,56,FULL_MOTION_CERTIFICATE,0,0,0,61,0,0,0,0,0,,18.766666666,1.97268602853,0.329197261937,-0.0117896392172,0.771652634638,0.63570475027,-0.02077695695,0.986343014263,0.164598630968,-0.00589481960861,1.53278705457,1.27292888937,0.102407421903,1.5321390974127502,1.2727956385695882,0.11420753088427583
18.716666666666665,-36.06529281048916,-5.446799799544565,3.407942406250692,1.513778014328913,1.2883121931034311,0.18268892448450658,1.9727958686902405,0.3285335782519776,-0.01192260205117752,DEPTH_PROPOSAL_CERTIFIED,1.2274177969992701,0,32,0,0,56,FULL_MOTION_CERTIFICATE,0,0,0,61,0,0,0,0,0,,18.783333333,1.97274100028,0.328865253166,-0.011857111136,0.771652634638,0.63570475027,-0.02077695695,0.986370500139,0.164432626583,-0.00592855556801,1.53358388903,1.27281378416,0.0915012598816,1.533001004867723,1.2726712187837153,0.10240742190293083
18.733333333333334,-36.040037899635564,-5.4253478235659935,3.410872085718612,1.5152946512155008,1.2871185587140799,0.17578076807519136,1.9728506405204045,0.32820220402836686,-0.011985969679243983,DEPTH_PROPOSAL_CERTIFIED,1.2220553962787715,0,32,0,0,56,FULL_MOTION_CERTIFICATE,0,0,0,61,0,0,0,0,0,,18.8,1.97279586869,0.328533578252,-0.0119226020512,0.771652634638,0.63570475027,-0.02077695695,0.986397934345,0.164266789126,-0.00596130102559,1.53432035725,1.27270739903,0.0814213222723,1.5337976212318685,1.2725562191639956,0.09150125988156009
18.75,-36.014758696809935,-5.403914368588804,3.413682624472134,1.516752169537974,1.2860072986314512,0.16863232521133426,1.972905321983876,0.32787109930778907,-0.01204710448205489,DEPTH_PROPOSAL_CERTIFIED,1.2169025204964514,0,32,0,0,56,FULL_MOTION_CERTIFICATE,0,0,0,62,0,0,0,0,0,,18.816666666,1.97285064052,0.328202204028,-0.0119859696792,0.771652634638,0.63570475027,-0.02077695695,0.98642532026,0.164101102014,-0.00599298483962,1.53500103237,1.27260907339,0.0721050168743,1.5345338930721473,1.27244992562338,0.08142132227227224
18.766666666666666,-35.9894561830971,-5.382498155556595,3.4163712853110892,1.5181508227701532,1.2849727819326178,0.16131965033731713,1.9729599187950482,0.32754023477312827,-0.012105925532599348,DEPTH_PROPOSAL_CERTIFIED,1.2132037064859524,0,32,0,0,56,FULL_MOTION_CERTIFICATE,0,0,0,62,0,0,0,0,0,,18.833333333,1.97290532198,0.327871099308,-0.0120471044821,0.771652634638,0.63570475027,-0.02077695695,0.986452660992,0.163935549654,-0.00602355224103,1.53563014124,1.27251819666,0.0634944916434,1.535214392202741,1.2723516782068487,0.07210501687430262
18.783333333333335,-35.96413133034206,-5.36109799292206,3.4189364295355325,1.5194911653018697,1.2840097580719074,0.1539086534665675,1.9730144362034236,0.32720958287160473,-0.012162376818543173,DEPTH_PROPOSAL_CERTIFIED,1.2114494219527825,0,32,0,0,56,FULL_MOTION_CERTIFICATE,0,0,0,62,0,0,0,0,0,,18.85,1.9729599188,0.327540234773,-0.0121059255326,0.771652634638,0.63570475027,-0.02077695695,0.986479959398,0.163770117387,-0.0060529627663,1.53621159035,1.27243420453,0.0555362789431,1.5358433441888073,1.2722608669712432,0.06349449164343768
18.8,-35.93878509691906,-5.339712770729251,3.421377366216385,1.5207740053800656,1.2831133315686645,0.1464562008511544,1.9730688790278572,0.326879117714566,-0.012216423940879143,DEPTH_PROPOSAL_CERTIFIED,1.2098990684347615,0,32,0,0,56,FULL_MOTION_CERTIFICATE,0,0,0,62,0,0,0,0,0,,18.866666666,1.9730144362,0.327209582872,-0.0121623768185,0.771652634638,0.63570475027,-0.02077695695,0.986507218102,0.163604791436,-0.00608118840927,1.53674899024,1.27235657544,0.0481809615977,1.5364246543340558,1.2721769282290998,0.055536278943108745
18.816666666666666,-35.91341842419468,-5.31834145509016,3.42369421799919,1.5220003634630612,1.2822789383455002,0.13901110696831714,1.9731232516885817,0.326548814982368,-0.012268051169178737,DEPTH_PROPOSAL_CERTIFIED,1.2085544539343511,0,32,0,0,56,FULL_MOTION_CERTIFICATE,0,0,0,62,0,0,0,0,0,,18.883333333,1.97306887903,0.326879117715,-0.0122164239409,0.771652634638,0.63570475027,-0.02077695695,0.986534439514,0.163439558857,-0.00610821197044,1.53724567806,1.27228482734,0.0413828648331,1.5369619320756105,1.2720993410228951,0.04818096159769684
18.833333333333332,-35.88803223360411,-5.29698308302995,3.4258878017995014,1.523171435434623,1.2815023236127228,0.13161502801868188,1.9731775582371474,0.32621865183415133,-0.012317258818363652,DEPTH_PROPOSAL_CERTIFIED,1.2074168464873443,0,32,0,0,56,FULL_MOTION_CERTIFICATE,0,0,0,62,0,0,0,0,0,,18.9,1.97312325169,0.326548814982,-0.0122680511692,0.771652634638,0.63570475027,-0.02077695695,0.986561625844,0.163274407491,-0.00613402558459,1.53770473801,1.2722185147,0.0350997754095,1.5374585134876777,1.2720276238728385,0.041382864833126344
18.85,-35.86262742426812,-5.275636757676554,3.4279595229071247,1.5242885601591745,1.2807795212035757,0.12430326645737948,1.9732318023843767,0.3258886068223152,-0.01236406091519483,DEPTH_PROPOSAL_CERTIFIED,1.206487033168416,0,32,0,0,56,FULL_MOTION_CERTIFICATE,0,0,0,62,0,0,0,0,0,,18.916666666,1.97317755824,0.326218651834,-0.0123172588184,0.824412108731,0.565870925246,0.011609088652,0.986588779119,0.163109325917,-0.00615862940918,1.53909215166,1.27091862544,0.0294445600744,1.5379174817986978,1.271961331811984,0.03509977540950528
18.866666666666667,-35.83720365527254,-5.25430320786472,3.4299114729208298,1.5254261397348245,1.2800129887100677,0.1171170008223067,1.9732859875264568,0.32555865981149096,-0.012408483125743375,DEPTH_PROPOSAL_CERTIFIED,1.205766593993363,0,32,0,0,56,FULL_MOTION_CERTIFICATE,0,0,0,62,0,0,0,0,0,,18.933333333,1.97323180238,0.325888606822,-0.0123640609152,0.824412108731,0.565870925246,0.011609088652,0.986615901192,0.162944303411,-0.0061820304576,1.54139129577,1.26840182606,0.0244717340592,1.5393046105577555,1.2706612922892686,0.02944456007441329
18.883333333333333,-35.811759460624046,-5.232984643894465,3.4317464465876117,1.526651678909658,1.2791138382154017,0.11009842000691744,1.9733401111493345,0.32522882585141233,-0.012450564824310216,DEPTH_PROPOSAL_CERTIFIED,1.2052577358042338,0,32,0,0,56,FULL_MOTION_CERTIFICATE,0,0,0,62,0,0,0,0,0,,18.95,1.97328598753,0.325558659811,-0.0124084831257,0.824412108731,0.565870925246,0.011609088652,0.986642993763,0.162779329906,-0.00620424156287,1.54458151844,1.26468930097,0.0202432178256,1.5416032568426268,1.2681442021804763,0.02447173405916321
18.9,-35.78629236058024,-5.211684618514501,3.433467966716286,1.528026002628566,1.278001522797918,0.10329120772045221,1.97339416536647,0.32489915207447423,-0.012490359436843847,DEPTH_PROPOSAL_CERTIFIED,1.2049631244321222,0,32,0,0,56,FULL_MOTION_CERTIFICATE,0,0,0,62,0,0,0,0,0,,18.966666666,1.97334011115,0.325228825851,-0.0124505648243,0.824412108731,0.565870925246,0.011609088652,0.986670055575,0.162614412926,-0.00622528241216,1.54863579092,1.25980941517,0.0168322979558,1.5447927519992426,1.2644312747046176,0.020243217825571307
18.916666666666668,-35.76079897259275,-5.190407889372065,3.4350803215548535,1.5296032792491583,1.2766037485459578,0.0967412903140386,1.9734481374347652,0.32456971470130186,-0.012527934944446246,DEPTH_PROPOSAL_CERTIFIED,1.20654940975365,0,32,0,0,56,FULL_MOTION_CERTIFICATE,0,0,0,62,0,0,0,0,0,,18.983333333,1.97339416537,0.324899152074,-0.0124903594368,0.824412108731,0.565870925246,0.011609088652,0.986697082683,0.162449576037,-0.00624517971842,1.55351585558,1.25380328294,0.0143310015865,1.5488460540203808,1.2595509026720462,0.016832297955805965
18.933333333333334,-35.7352751280178,-5.169160275785782,3.436588622998563,1.5314306744975692,1.274856815177052,0.09049808662255632,1.9735020102617593,0.32424061607177496,-0.012563374633863105,DEPTH_PROPOSAL_CERTIFIED,1.2103603942029393,0,32,0,0,56,FULL_MOTION_CERTIFICATE,0,0,0,62,0,0,0,0,0,,19,1.97344813743,0.324569714701,-0.0125279349444,0.824412108731,0.565870925246,0.011609088652,0.986724068717,0.162284857351,-0.00626396747222,1.55916000168,1.24673900308,0.0128661805673,1.553724896528184,1.2535442280764006,0.014331001586467822
18.95,-35.709716009588526,-5.147948492295176,3.437998904358869,1.5335471057564398,1.2727070094364619,0.08461688161837339,1.9735557629288059,0.32391198154430123,-0.012596778260461159,DEPTH_PROPOSAL_CERTIFIED,1.2143644725442795,0,32,0,0,56,FULL_MOTION_CERTIFICATE,0,0,0,62,0,0,0,0,0,,19.016666666,1.97350201026,0.324240616072,-0.0125633746339,0.824412108731,0.565870925246,0.011609088652,0.986751005131,0.162120308036,-0.00628168731693,1.56543901242,1.23876403058,0.0126444855082,1.5593675671146616,1.2464793794012592,0.012866180567337288
18.966666666666665,-35.68411636368748,-5.126779894611791,3.4393183114816623,1.5359787540630472,1.270115861003173,0.0791644273676002,1.9736093712909257,0.3235839558772028,-0.012628263993800973,DEPTH_PROPOSAL_CERTIFIED,1.218562441902703,0,32,0,0,56,FULL_MOTION_CERTIFICATE,0,0,0,62,0,0,0,0,0,,19.033333333,1.97355576293,0.323911981544,-0.0125967782605,0.824412108731,0.565870925246,0.011609088652,0.986777881464,0.161955990772,-0.00629838913023,1.57175607353,1.2306562895,0.0134455227814,1.565644863403659,1.2385038501170489,0.012644485508163229
18.983333333333334,-35.658471286801536,-5.105661448676823,3.440554740189574,1.5387046131565274,1.2671067560978586,0.07418572247470834,1.9736628088773474,0.32325669767846754,-0.01265797220694694,DEPTH_PROPOSAL_CERTIFIED,1.2229539951568875,0,32,0,0,56,FULL_MOTION_CERTIFICATE,0,0,0,62,0,0,0,0,0,,19.05,1.97360937129,0.323583955877,-0.0126282639938,0.824412108731,0.565870925246,0.011609088652,0.986804685645,0.161791977939,-0.0063141319969,1.5775945694,1.22316277124,0.0141858754116,1.5719600940969807,1.2303956762530273,0.013445522781437957
19.0,-35.63277685112608,-5.084598816917005,3.4417154115148305,1.5416661405274956,1.2637579055891632,0.06964027951538102,1.9737160506043832,0.32293035706274925,-0.012686058251530897,DEPTH_PROPOSAL_CERTIFIED,1.2275382780475388,0,32,0,0,57,FULL_MOTION_CERTIFICATE,0,0,0,63,0,0,0,0,0,,19.066666666,1.97366280888,0.323256697678,-0.0126579722069,0.824412108731,0.565870925246,0.011609088652,0.986831404439,0.161628348839,-0.00632898610347,1.58299075465,1.21623694419,0.0148701406791,1.5777967744533106,1.2229019293830772,0.01418587541158424
19.016666666666666,-35.60702998485838,-5.063596515782888,3.4428069286243845,1.544811976062181,1.2601380680470733,0.06549102657323778,1.9737690761504776,0.32260505606879664,-0.01271266419513465,DEPTH_PROPOSAL_CERTIFIED,1.232313975841198,0,32,0,0,57,FULL_MOTION_CERTIFICATE,0,0,0,63,0,0,0,0,0,,19.083333333,1.9737160506,0.322930357063,-0.0126860582515,0.824412108731,0.565870925246,0.011609088652,0.986858025302,0.161465178531,-0.00634302912577,1.58797813829,1.2098358006,0.0155025677088,1.5831911695853458,1.215976050033573,0.014870140679087231
19.033333333333335,-35.5812283650289,-5.042658056899618,3.443835328992948,1.5480971897685325,1.2563075329960385,0.06170402211380768,1.9738218693737128,0.32228089204549354,-0.01273791994095829,DEPTH_PROPOSAL_CERTIFIED,1.2345991559643956,0,32,0,0,57,FULL_MOTION_CERTIFICATE,0,0,0,63,0,0,0,0,0,,19.1,1.97376907615,0.322605056069,-0.0127126641951,0.824412108731,0.565870925246,0.011609088652,0.986884538075,0.161302528034,-0.00635633209757,1.59258768984,1.20391959214,0.0160870835989,1.5881767969860128,1.2095750053734224,0.015502567708768239
19.05,-35.55537032166012,-5.021786073405815,3.4448061322169217,1.5514826021269483,1.2523190096282086,0.05824819343843448,1.9738744177904997,0.321957940686461,-0.012761944254296925,DEPTH_PROPOSAL_CERTIFIED,1.2360222168871278,0,32,0,0,57,FULL_MOTION_CERTIFICATE,0,0,0,63,0,0,0,0,0,,19.116666666,1.97382186937,0.322280892045,-0.012737919941,0.824412108731,0.565870925246,0.011609088652,0.986910934687,0.161140446023,-0.00636895997048,1.59684803267,1.19845158163,0.0166273179489,1.5927846328996251,1.2036590245406824,0.016087083598878827
19.066666666666666,-35.529454752150066,-5.000982432916364,3.445724383830429,1.5549341706034108,1.2482184293671794,0.05509509681043683,1.973926712109552,0.3216362587469155,-0.01278484570347788,DEPTH_PROPOSAL_CERTIFIED,1.2375785948426037,0,32,0,0,58,FULL_MOTION_CERTIFICATE,0,0,0,63,0,0,0,0,0,,19.133333333,1.97387441779,0.321957940686,-0.0127619442543,0.824412108731,0.565870925246,0.011609088652,0.986937208895,0.160978970343,-0.00638097212715,1.6007856225,1.19339781402,0.0171266254857,1.597043306016255,1.1981913501826207,0.01662731794886316
19.083333333333332,-35.50348104488051,-4.98024833841191,3.44659469545489,1.55842243617371,1.2440456702672935,0.052218697467657484,1.9739787458157625,0.3213158864735024,-0.012806723522301939,DEPTH_PROPOSAL_CERTIFIED,1.2392658509857077,0,32,0,0,58,FULL_MOTION_CERTIFICATE,0,0,0,63,0,0,0,0,0,,19.15,1.97392671211,0.321636258747,-0.0127848457035,0.824412108731,0.565870925246,0.011609088652,0.986963356055,0.160818129373,-0.00639242285174,1.60442491007,1.1887269076,0.0175881066933,1.6009792761313641,1.193138009248683,0.017126625485747244
19.1,-35.477449011145225,-4.959584418233536,3.447421281585949,1.5619220241167373,1.2398352107021882,0.049595167863540825,1.9740305147990844,0.32099684977499215,-0.012827668400459893,DEPTH_PROPOSAL_CERTIFIED,1.241081442304463,0,32,0,0,58,FULL_MOTION_CERTIFICATE,0,0,0,63,0,0,0,0,0,,19.166666666,1.97397874582,0.321315886474,-0.0128067235223,0.824412108731,0.565870925246,0.011609088652,0.986989372908,0.160657943237,-0.00640336176115,1.60778849383,1.18440985799,0.0180146271771,1.6046169970216624,1.1884676040079123,0.017588106693322978
19.116666666666667,-35.451358824575095,-4.938990806255711,3.448207993296949,1.5654111942080104,1.2356167186696243,0.04720270266002004,1.9740820170239912,0.3206791621590726,-0.012847763207862888,DEPTH_PROPOSAL_CERTIFIED,1.2430227524954263,0,32,0,0,58,FULL_MOTION_CERTIFICATE,0,0,0,63,0,0,0,0,0,,19.183333333,1.9740305148,0.320996849775,-0.0128276684005,0.824412108731,0.565870925246,0.011609088652,0.9870152574,0.160498424887,-0.00641383420023,1.61089726084,1.18041985734,0.0184088355279,1.6079790693215466,1.1841511158723428,0.01801462717706465
19.133333333333333,-35.425210967313895,-4.918467213210012,3.448958349115106,1.5688714356723288,1.2314155827420015,0.04502134908940441,1.9741332522354784,0.32036282645822556,-0.012867083658349472,DEPTH_PROPOSAL_CERTIFIED,1.2450871187173473,0,32,0,0,58,FULL_MOTION_CERTIFICATE,0,0,0,63,0,0,0,0,0,,19.2,1.97408201702,0.320679162159,-0.0128477632079,0.824412108731,0.565870925246,0.011609088652,0.987041008512,0.16033958108,-0.00642388160393,1.61377051518,1.17673212947,0.0187731796091,1.611086381537015,1.180161724425,0.01840883552789209
19.15,-35.39900618227121,-4.898012990038459,3.449675563305131,1.5722871025611236,1.2272533902932679,0.0430328514015042,1.9741842216979508,0.3200478363655277,-0.012885698917786317,DEPTH_PROPOSAL_CERTIFIED,1.2472718546696169,0,32,0,0,58,FULL_MOTION_CERTIFICATE,0,0,0,63,0,0,0,0,0,,19.216666666,1.97413325224,0.320362826458,-0.0128670836583,0.824412108731,0.565870925246,0.011609088652,0.987066626118,0.160181413229,-0.00643354182917,1.61642609858,1.17332377514,0.0191099218453,1.6139582386044213,1.176474642418714,0.01877317960912017
19.166666666666668,-35.37274543083963,-4.877627184075746,3.4503625717760196,1.5756450858943618,1.2231483577625706,0.04122050825330331,1.9742349279636957,0.3197341777992114,-0.012903672161163376,DEPTH_PROPOSAL_CERTIFIED,1.2495742703997414,0,32,0,0,60,FULL_MOTION_CERTIFICATE,0,0,0,63,0,0,0,0,0,,19.233333333,1.9741842217,0.320047836366,-0.0128856989178,0.824412108731,0.565870925246,0.011609088652,0.987092110849,0.160023918183,-0.00644284945889,1.61888050158,1.17017362927,0.0194211533256,1.6166124825598611,1.1730669608880733,0.019109921845256214
19.183333333333334,-35.346429855521755,-4.857308588784117,3.451022055808868,1.5789345190726196,1.2191157174978082,0.03956904197090329,1.9742853746679268,0.3194218301131225,-0.01292106108291474,DEPTH_PROPOSAL_CERTIFIED,1.2519916892039729,0,32,0,0,60,FULL_MOTION_CERTIFICATE,0,0,0,63,0,0,0,0,0,,19.25,1.97423492796,0.319734177799,-0.0129036721612,0.824412108731,0.565870925246,0.011609088652,0.987117463982,0.1598670889,-0.00645183608058,1.62114896495,1.16726213082,0.0197088066631,1.619065603847367,1.1699175062677059,0.01942115332562172
19.2,-35.32006074696685,-4.837055787693721,3.4516564637870344,1.5821465132941863,1.2151680654238328,0.03806447869000644,1.9743355663476931,0.3191107671685971,-0.01293791836434876,DEPTH_PROPOSAL_CERTIFIED,1.2545214619479084,0,32,0,0,60,FULL_MOTION_CERTIFICATE,0,0,0,63,0,0,0,0,0,,19.266666666,1.97428537467,0.319421830113,-0.0129210610829,0.831060418879,0.55195573703,-0.0684356963343,0.987142687334,0.159710915057,-0.00646053054146,1.62353041522,1.16409533057,0.0183533433827,1.6213328427973035,1.1670067101213288,0.01970880666306373
19.216666666666665,-35.293639155410396,-4.816867794044344,3.452265983968096,1.585295493387549,1.2112796189626929,0.03657121086369485,1.974385508282203,0.31880095828176064,-0.01295429210174783,DEPTH_PROPOSAL_CERTIFIED,1.2571630971722323,0,32,0,0,60,FULL_MOTION_CERTIFICATE,0,0,0,63,0,0,0,0,0,,19.283333333,1.97433556635,0.319110767169,-0.0129379183643,0.831060418879,0.55195573703,-0.0684356963343,0.987167783174,0.159555383584,-0.00646895918217,1.62599781987,1.16070771151,0.0153481439785,1.6237130505265762,1.1638405721367822,0.01835334338269232
19.233333333333334,-35.267165943018675,-4.796743974677614,3.452848707347535,1.588392743502854,1.207429162003582,0.03496340276632951,1.9744352045528464,0.3184923818708348,-0.012970185526821209,DEPTH_PROPOSAL_CERTIFIED,1.2605593693343533,0,32,0,0,60,FULL_MOTION_CERTIFICATE,0,0,0,63,0,0,0,0,0,,19.3,1.97438550828,0.318800958282,-0.0129542921017,0.831060418879,0.55195573703,-0.0684356963343,0.987192754141,0.159400479141,-0.00647714605087,1.62851751564,1.15714232434,0.0106866106297,1.6261791949095685,1.1604535871024355,0.015348143978475714
19.25,-35.24064184063725,-4.776683968877612,3.45340077821165,1.5914461428854845,1.2036003480002022,0.03312425184689175,1.97448465829444,0.31818502382545677,-0.012985560175909518,DEPTH_PROPOSAL_CERTIFIED,1.2673619823200946,0,32,0,0,60,FULL_MOTION_CERTIFICATE,0,0,0,64,0,0,0,0,0,,19.316666666,1.97443520455,0.318492381871,-0.0129701855268,0.831060418879,0.55195573703,-0.0684356963343,0.987217602276,0.159246190935,-0.00648509276341,1.63104384603,1.15345775023,0.004362691404,1.6286976153535775,1.1568888171589662,0.010686610629749668
19.266666666666666,-35.21406751537896,-4.756687593750217,3.4539165339741955,1.5944595154977121,1.1997825076437343,0.030945345752733742,1.974533871964408,0.31787887576218676,-0.013000338819035218,DEPTH_PROPOSAL_CERTIFIED,1.274239838104823,0,32,0,0,60,FULL_MOTION_CERTIFICATE,0,0,0,64,0,0,0,0,0,,19.333333333,1.97448465829,0.318185023825,-0.0129855601759,0.831060418879,0.55195573703,-0.0684356963343,0.987242329147,0.159092511913,-0.00649278008795,1.63350471598,1.14974694357,-0.00362640229911,1.6312226613668932,1.153204855294823,0.0043626914040043934
19.283333333333335,-35.18744366646562,-4.736754713367251,3.454388638539706,1.5974309348002145,1.1959728229777775,0.02832627393062393,1.9745828476591227,0.31757393298274306,-0.013014408179424786,DEPTH_PROPOSAL_CERTIFIED,1.2792863089970732,0,32,0,0,60,FULL_MOTION_CERTIFICATE,0,0,0,64,0,0,0,0,0,,19.35,1.97453387196,0.317878875762,-0.013000338819,0.831060418879,0.55195573703,-0.0684356963343,0.987266935982,0.158939437881,-0.00650016940952,1.6357372835,1.14622192466,-0.0132559651169,1.633682250290736,1.1494946700531137,-0.003626402299110384
19.3,-35.16077122836353,-4.716884967473797,3.454808240278136,1.6003462861256605,1.1921847536072585,0.025176104305810496,1.9746315875563487,0.317270191638097,-0.013027621525801765,DEPTH_PROPOSAL_CERTIFIED,1.2824407661422577,0,32,0,0,60,FULL_MOTION_CERTIFICATE,0,0,0,64,0,0,0,0,0,,19.366666666,1.97458284766,0.317573932983,-0.0130144081794,0.831060418879,0.55195573703,-0.0684356963343,0.98729142383,0.158786966491,-0.00650720408971,1.63773603753,1.14301658762,-0.0226207698599,1.6359135722961056,1.1459703072869225,-0.013255965116915774
19.316666666666666,-35.13405135989112,-4.697077619429179,3.455167492427973,1.6031921083448615,1.1884408826771757,0.021555128990227993,1.9746800948434469,0.31696764282721784,-0.013039801748202273,DEPTH_PROPOSAL_CERTIFIED,1.2859045696128633,0,32,0,0,60,FULL_MOTION_CERTIFICATE,0,0,0,64,0,0,0,0,0,,19.383333333,1.97463158756,0.317270191638,-0.0130276215258,0.831060418879,0.55195573703,-0.0684356963343,0.987315793778,0.158635095819,-0.0065138107629,1.63958337092,1.14005407896,-0.0312761202458,1.6379111394191141,1.1427656573301628,-0.02262076985988125
19.333333333333332,-35.107285323201,-4.677331681783133,3.4554600384550374,1.6059622014073462,1.1847562587628497,0.017552761623864294,1.9747283738593364,0.31666626962077493,-0.013050791520977252,DEPTH_PROPOSAL_CERTIFIED,1.2896703346687373,0,32,0,0,60,FULL_MOTION_CERTIFICATE,0,0,0,64,0,0,0,0,0,,19.4,1.97468009484,0.316967642827,-0.0130398017482,0.831060418879,0.55195573703,-0.0684356963343,0.987340047422,0.158483821414,-0.0065199008741,1.6412907548,1.13731600278,-0.039275762256,1.6397573367696623,1.1398038470080687,-0.03127612024577582
19.35,-35.080474461468235,-4.657645958511735,3.4556808312953846,1.608651703965334,1.1811433962836793,0.013247570420844474,1.974776429574721,0.3163660498567333,-0.013060463014883252,DEPTH_PROPOSAL_CERTIFIED,1.2937288294865015,0,32,0,0,60,FULL_MOTION_CERTIFICATE,0,0,0,64,0,0,0,0,0,,19.416666666,1.97472837386,0.316666269621,-0.013050791521,0.831060418879,0.55195573703,-0.0684356963343,0.98736418693,0.15833313481,-0.00652539576049,1.64286879133,1.13478535676,-0.0466693703248,1.6414636351727812,1.1370664740378083,-0.03927576225598846
19.366666666666667,-35.05362017936652,-4.638019082292962,3.45582597143277,1.611256926103209,1.177612573126514,0.00870840824314123,1.974824267468236,0.31606695702660553,-0.013068714339467892,DEPTH_PROPOSAL_CERTIFIED,1.2980694905093686,0,32,0,0,60,FULL_MOTION_CERTIFICATE,0,0,0,64,0,0,0,0,0,,19.433333333,1.97477642957,0.316366049857,-0.0130604630149,0.831060418879,0.55195573703,-0.0684356963343,0.987388214787,0.158183024928,-0.00653023150744,1.64432727972,1.13244642621,-0.0535028570027,1.6430406361852856,1.1345365306090947,-0.04666937032484175
19.383333333333333,-35.026723926037356,-4.618449547331544,3.455892561992825,1.6137751997496463,1.1741720976851706,0.003995433603304198,1.9748718934179461,0.3157689610576482,-0.013075466354594592,DEPTH_PROPOSAL_CERTIFIED,1.3026808569131305,0,32,0,0,60,FULL_MOTION_CERTIFICATE,0,0,0,64,0,0,0,0,0,,19.45,1.97482426747,0.316066957027,-0.0130687143395,0.831060418879,0.55195573703,-0.0684356963343,0.987412133734,0.158033478513,-0.00653435716973,1.64567527657,1.13028468737,-0.0598186552855,1.6444981382361847,1.1321982973007785,-0.05350285700271113
19.4,-34.99978718028752,-4.598935738192504,3.4558785792083238,1.616204744990311,1.1708285483424687,-0.0008389670700927904,1.9749193136065963,0.3154720290016837,-0.013080659815607175,DEPTH_PROPOSAL_CERTIFIED,1.3075509346902188,0,32,0,0,60,FULL_MOTION_CERTIFICATE,0,0,0,64,0,0,0,0,0,,19.466666666,1.97487189342,0.315768961058,-0.0130754663546,0.831060418879,0.55195573703,-0.0684356963343,0.987435946709,0.157884480529,-0.0065377331773,1.64692115237,1.12828671674,-0.0656559836417,1.6458451969264212,1.130037246361504,-0.05981865528553967
19.416666666666668,-34.97281143777424,-4.579475955060306,3.4557827567564336,1.6185445507963077,1.1675869879316914,-0.00574934711339548,1.9749665344391514,0.31517612564017516,-0.013084252819988497,DEPTH_PROPOSAL_CERTIFIED,1.3126674996176944,0,32,0,0,60,FULL_MOTION_CERTIFICATE,0,0,0,64,0,0,0,0,0,,19.483333333,1.97491931361,0.315472029002,-0.0130806598156,0.831060418879,0.55195573703,-0.0684356963343,0.987459656803,0.157736014501,-0.0065403299078,1.64807264371,1.12644010741,-0.071051090494,1.6470901816294634,1.1280399509202133,-0.06565598364167816
19.433333333333334,-34.94579819996185,-4.560068435800203,3.455604482608356,1.6207942687437005,1.1644511556062436,-0.010696448884656899,1.9750135624712986,0.3148812140142909,-0.013086218526216902,DEPTH_PROPOSAL_CERTIFIED,1.3180183472723235,0,32,0,0,60,FULL_MOTION_CERTIFICATE,0,0,0,64,0,0,0,0,0,,19.5,1.97496653444,0.31517612564,-0.01308425282,0.831060418879,0.55195573703,-0.0684356963343,0.98748326722,0.15758806282,-0.00654212640999,1.64913690086,1.12473339273,-0.0760374771222,1.6482408277018954,1.1261940012357772,-0.07105109049404991
19.45,-34.91874896465534,-4.540711375160386,3.455343707161999,1.6229541183906815,1.1614236383890821,-0.01564652678143704,1.9750604043477165,0.3145872558878527,-0.013086543118241627,DEPTH_PROPOSAL_CERTIFIED,1.3235914972766418,0,32,0,0,60,FULL_MOTION_CERTIFICATE,0,0,0,64,0,0,0,0,0,,19.516666666,1.97501356247,0.314881214014,-0.0130862185262,0.831060418879,0.55195573703,-0.0684356963343,0.987506781236,0.157440607007,-0.00654310926311,1.6501205324,1.12315597471,-0.0806461069035,1.6493042840838505,1.1244879283397093,-0.0760374771221585
19.466666666666665,-34.89166521793521,-4.521402941422121,3.45500086153872,1.6250248032080448,1.158506024296011,-0.02057073739674143,1.9751070667490245,0.3142942121502633,-0.013085223991537338,DEPTH_PROPOSAL_CERTIFIED,1.3293753580956325,0,32,0,0,60,FULL_MOTION_CERTIFICATE,0,0,0,64,0,0,0,0,0,,19.533333333,1.97506040435,0.314587255888,-0.0130865431182,0.831060418879,0.55195573703,-0.0684356963343,0.987530202174,0.157293627944,-0.00654327155912,1.65102964646,1.12169805796,-0.0849055983345,1.650287157979878,1.1229111323605423,-0.08064610690345865
19.483333333333334,-34.864548427335194,-4.502141290774622,3.4545767850304183,1.6270074360009694,1.1556990388497688,-0.025444590498087415,1.9751535563464457,0.314002043165855,-0.013082268138847719,DEPTH_PROPOSAL_CERTIFIED,1.3353588579341324,0,32,0,0,60,FULL_MOTION_CERTIFICATE,0,0,0,64,0,0,0,0,0,,19.55,1.97510706675,0.31429421215,-0.0130852239915,0.831060418879,0.55195573703,-0.0684356963343,0.987553533375,0.157147106075,-0.00654261199577,1.65186988824,1.12035058946,-0.0888424010143,1.6511955560746467,1.1214538164056185,-0.08490559833449836
19.5,-34.83740003612141,-4.482924579663201,3.454072660781566,1.6289034728273777,1.1530026666853697,-0.030247454931134198,1.9751998797632901,0.31371070907545745,-0.013077690715779798,DEPTH_PROPOSAL_CERTIFIED,1.3415315466023994,0,32,0,0,60,FULL_MOTION_CERTIFICATE,0,0,0,65,0,0,0,0,0,,19.566666666,1.97515355635,0.314002043166,-0.0130822681388,0.831060418879,0.55195573703,-0.0684356963343,0.987576778173,0.157001021583,-0.00654113406942,1.6526464753,1.11910520198,-0.0924809608426,1.65203512210956,1.1201069262796972,-0.08884240101430856
19.516666666666666,-34.81022145854483,-4.463750975335599,3.4534899588737344,1.6307146545946145,1.1504162596561502,-0.03496211446987997,1.9752460435424868,0.31342017005540185,-0.013071513768329945,DEPTH_PROPOSAL_CERTIFIED,1.3478836726153625,0,32,0,0,60,FULL_MOTION_CERTIFICATE,0,0,0,65,0,0,0,0,0,,19.583333333,1.97519987976,0.313710709075,-0.0130776907158,0.831060418879,0.55195573703,-0.0684356963343,0.987599939882,0.156855354538,-0.00653884535789,1.65336423004,1.11795416196,-0.0958438724118,1.6528110721549045,1.118862093899671,-0.09248096084258196
19.533333333333335,-34.7830140759524,-4.444618664789003,3.4528303860594107,1.6324429555455306,1.1479386327955916,-0.03957436885942138,1.9752920541194399,0.3131303865386731,-0.013063765106039037,DEPTH_PROPOSAL_CERTIFIED,1.3378871289747745,0,32,0,0,60,FULL_MOTION_CERTIFICATE,0,0,0,65,0,0,0,0,0,,19.6,1.97524604354,0.313420170055,-0.0130715137683,0.831060418879,0.55195573703,-0.0684356963343,0.987623021771,0.156710085028,-0.00653575688416,1.65402760943,1.11689032195,-0.098952017948,1.6535282271467047,1.1177115850967823,-0.09584387241181709
19.55,-34.75577923365416,-4.425525862298937,3.452095841465935,1.634090537894421,1.1455681494040253,-0.0440726756085547,1.9753379177995833,0.3128413194024608,-0.013054477306021215,DEPTH_PROPOSAL_CERTIFIED,1.318565346618113,0,32,0,0,60,FULL_MOTION_CERTIFICATE,0,0,0,65,0,0,0,0,0,,19.616666666,1.97529205412,0.313130386539,-0.013063765106,0.859063043483,0.5052889891,-0.0818151869465,0.98764602706,0.156565193269,-0.00653188255302,1.65552826508,1.1144305191,-0.102417980706,1.6541910425508837,1.1166482520269159,-0.09895201794798456
19.566666666666666,-34.72851711810459,-4.406472680196881,3.451287628557942,1.6357269329740929,1.1431909261234052,-0.04849277447959394,1.9753836407400638,0.31255293012590996,-0.013043686834557025,DEPTH_PROPOSAL_CERTIFIED,1.2999587159625339,0,32,0,0,60,FULL_MOTION_CERTIFICATE,0,0,0,65,0,0,0,0,0,,19.616666666,1.97529205412,0.313130386539,-0.013063765106,0.859063043483,0.5052889891,-0.0818151869465,0.98764602706,0.156565193269,-0.00653188255302,1.65552826508,1.1144305191,-0.102417980706,1.6556909529460895,1.1141888020998385,-0.10241798070627603
19.583333333333332,-34.70122683815596,-4.387460997034018,3.4504065676765308,1.6374167969177318,1.1407009897718383,-0.05286365288466956,1.9754292227309174,0.3122652207905915,-0.01303141839269608,DEPTH_PROPOSAL_CERTIFIED,1.2836946580030755,0,32,0,0,60,FULL_MOTION_CERTIFICATE,0,0,0,65,0,0,0,0,0,,19.65,1.97538364074,0.312552930126,-0.0130436868346,0.859063043483,0.5052889891,-0.0818151869465,0.98769182037,0.156276465063,-0.00652184341728,1.66106322837,1.10528287785,-0.110180816702,1.6580331370301273,1.1103237662827192,-0.10618836942659533
19.6,-34.673906498870345,-4.368494338430592,3.449453136638785,1.6392203571365511,1.137999516205363,-0.057205862264741544,1.9754746576487494,0.31197823130629193,-0.01301768714303955,DEPTH_PROPOSAL_CERTIFIED,1.2689663902468455,0,32,0,0,60,FULL_MOTION_CERTIFICATE,0,0,0,65,0,0,0,0,0,,19.666666666,1.97542922273,0.312265220791,-0.0130314183927,0.859063043483,0.5052889891,-0.0818151869465,0.987714611365,0.156132610395,-0.00651570919635,1.66510991454,1.09857041579,-0.114216162237,1.661223791806142,1.1050415386943715,-0.1101808167016108
19.616666666666667,-34.64655326981116,-4.34957776865655,3.448427722899054,1.6411937435513184,1.1349941864425694,-0.0615248243838384,1.9755199338619864,0.3116920369027775,-0.013002501502804095,DEPTH_PROPOSAL_CERTIFIED,1.25491221788682,0,32,0,0,60,FULL_MOTION_CERTIFICATE,0,0,0,65,0,0,0,0,0,,19.683333333,1.97547465765,0.311978231306,-0.013017687143,0.859063043483,0.5052889891,-0.0818151869465,0.987737328824,0.155989115653,-0.00650884357152,1.66912629132,1.0919043219,-0.117959663195,1.6652690578114804,1.0983291633364831,-0.11421616223682328
19.633333333333333,-34.61916457329842,-4.330715909654218,3.4473310530497137,1.6433217907642625,1.1317115401399922,-0.06580019096042167,1.9755650345841944,0.3114067458422453,-0.012985868176363834,DEPTH_PROPOSAL_CERTIFIED,1.2415149811423993,0,32,0,0,60,FULL_MOTION_CERTIFICATE,0,0,0,65,0,0,0,0,0,,19.7,1.97551993386,0.311692036903,-0.0130025015028,0.859063043483,0.5052889891,-0.0818151869465,0.987759966931,0.155846018451,-0.0065012507514,1.67283839712,1.08574323513,-0.12141956559,1.669283966762182,1.0916632552485461,-0.11795966319474072
19.65,-34.59173841108055,-4.311912395417811,3.4461641567172556,1.645569733072376,1.1282108541844935,-0.07001377994747798,1.9756099445112096,0.3111224570725961,-0.012967800643306085,DEPTH_PROPOSAL_CERTIFIED,1.2287569442300468,0,32,0,0,60,FULL_MOTION_CERTIFICATE,0,0,0,65,0,0,0,0,0,,19.716666666,1.97556503458,0.311406745842,-0.0129858681764,0.859063043483,0.5052889891,-0.0818151869465,0.987782517292,0.155703372921,-0.00649293408818,1.67626928258,1.08004889771,-0.124617353969,1.6729946292313624,1.085502485527406,-0.12141956558956819
19.666666666666668,-34.56427329132616,-4.293169995169808,3.444928316478204,1.6479071852632705,1.1245440148800039,-0.07415041434308606,1.9756546516576035,0.31083924854162187,-0.01294831841416628,DEPTH_PROPOSAL_CERTIFIED,1.2166198468123666,0,32,0,0,60,FULL_MOTION_CERTIFICATE,0,0,0,65,0,0,0,0,0,,19.733333333,1.97560994451,0.311122457073,-0.0129678006433,0.859063043483,0.5052889891,-0.0818151869465,0.987804972256,0.155561228536,-0.00648390032165,1.67944025267,1.07478594916,-0.127572885841,1.6764241019921788,1.079808575365237,-0.12461735396949612
19.683333333333334,-34.53676816335255,-4.27449072354471,3.443625023623625,1.6503076784166881,1.120756297505951,-0.07819757127474576,1.9756991469378087,0.3105571798043497,-0.012927446042603307,DEPTH_PROPOSAL_CERTIFIED,1.205084956667623,0,32,0,0,60,FULL_MOTION_CERTIFICATE,0,0,0,65,0,0,0,0,0,,19.75,1.97565465166,0.310839248542,-0.0129483184142,0.859063043483,0.5052889891,-0.0818151869465,0.987827325829,0.155419624271,-0.00647415920708,1.68237099776,1.06992170884,-0.130304513778,1.6795936948883845,1.0745461455425027,-0.12757288584099713
19.7,-34.509222359339,-4.25587593903921,3.442255939174976,1.652748240812889,1.1168870703300897,-0.0821450669189588,1.9757434237919729,0.3102762943563252,-0.012905212252387168,DEPTH_PROPOSAL_CERTIFIED,1.1941331224387621,0,32,0,0,60,FULL_MOTION_CERTIFICATE,0,0,0,65,0,0,0,0,0,,19.766666666,1.97569914694,0.310557179804,-0.0129274460426,0.859063043483,0.5052889891,-0.0818151869465,0.987849573469,0.155278589902,-0.0064637230213,1.68507971653,1.06542597185,-0.13282920005,1.6825231020465419,1.069682498784578,-0.13030451377836091
19.716666666666665,-34.481635542340335,-4.2373264318757204,3.4408228596087373,1.6552090199201006,1.1129704298093892,-0.08598477397431764,1.9757874778521471,0.30999662171929543,-0.012881649167518642,DEPTH_PROPOSAL_CERTIFIED,1.1837448255258722,0,32,0,0,60,FULL_MOTION_CERTIFICATE,0,0,0,65,0,0,0,0,0,,19.783333333,1.97574342379,0.310276294356,-0.0129052122524,0.859063043483,0.5052889891,-0.0818151869465,0.987871711896,0.155138147178,-0.00645260612619,1.68758322949,1.06127082073,-0.135162622357,1.6852305250280843,1.0651874154568386,-0.13282920004969834
19.733333333333334,-34.454007659979915,-4.218842502319189,3.4393276867995906,1.6576729416248,1.1090357733916723,-0.08971036854878103,1.9758313066448352,0.30971817930341217,-0.01285679163486527,DEPTH_PROPOSAL_CERTIFIED,1.1739002303741992,0,32,0,0,60,FULL_MOTION_CERTIFICATE,0,0,0,66,0,0,0,0,0,,19.8,1.97578747785,0.309996621719,-0.0128816491675,0.859063043483,0.5052889891,-0.0818151869465,0.987893738926,0.15499831086,-0.00644082458376,1.68989708237,1.05743045379,-0.137319270244,1.687732786422126,1.0610329650955348,-0.1351626223572267
19.75,-34.4263389032612,-4.200424030387435,3.4377724017408293,1.6601254031231358,1.1051083159053268,-0.09331710352569003,1.9758749093262895,0.30944097406783494,-0.012830676629717458,DEPTH_PROPOSAL_CERTIFIED,1.1645792325791335,0,32,0,0,60,FULL_MOTION_CERTIFICATE,0,0,0,66,0,0,0,0,0,,19.816666666,1.97583130664,0.309718179303,-0.0128567916349,0.859063043483,0.5052889891,-0.0818151869465,0.987915653322,0.154859089652,-0.00642839581743,1.69203564324,1.05388102397,-0.139312535592,1.690045433402835,1.0571933345719082,-0.13731927024398258
19.766666666666666,-34.398629669987166,-4.182070537810625,3.43615904164158,1.6625539964417615,1.10120955460866,-0.09680160595497177,1.9759182864472842,0.3091650039995185,-0.012803342735623731,DEPTH_PROPOSAL_CERTIFIED,1.1553627600018208,0,32,0,0,60,FULL_MOTION_CERTIFICATE,0,0,0,66,0,0,0,0,0,,19.833333333,1.97587490933,0.309440974068,-0.0128306766297,0.859063043483,0.5052889891,-0.0818151869465,0.987937454663,0.154720487034,-0.00641533831486,1.69401219205,1.05060049013,-0.141154796106,1.6921828349289973,1.0536446667893233,-0.13931253559221154
19.783333333333335,-34.37088053232556,-4.163781243015028,3.4344896800396136,1.6649482596962701,1.097357687735625,-0.10016169611795875,1.9759614397443972,0.30889025942820447,-0.012774829690661042,DEPTH_PROPOSAL_CERTIFIED,1.1387738257904982,0,32,0,0,60,FULL_MOTION_CERTIFICATE,0,0,0,66,0,0,0,0,0,,19.85,1.97591828645,0.309165004,-0.0128033427356,0.859063043483,0.5052889891,-0.0818151869465,0.987959143224,0.154582502,-0.00640167136781,1.69583900231,1.04756848159,-0.142857491427,1.6941582714012697,1.050364911884606,-0.14115479610639295
19.8,-34.34309220810246,-4.145555109830765,3.4327664096051866,1.6672994533859735,1.0935679910558642,-0.10339622606563705,1.9760043719551146,0.3086167241939394,-0.012745177993061511,DEPTH_PROPOSAL_CERTIFIED,1.1223072955115982,0,32,0,0,60,FULL_MOTION_CERTIFICATE,0,0,0,66,0,0,0,0,0,,19.866666666,1.97596143974,0.308890259428,-0.0127748296907,0.859063043483,0.5052889891,-0.0818151869465,0.987980719872,0.154445129714,-0.00638741484533,1.69752741774,1.04476617084,-0.144431194581,1.6959840164003563,1.047333691562779,-0.14285749142731474
19.816666666666666,-34.31526553544499,-4.127390890559768,3.4309913273418253,1.6696003594483235,1.0898531562598686,-0.10650493580168464,1.9760470866543312,0.3083443766818654,-0.012714428559833636,DEPTH_PROPOSAL_CERTIFIED,1.1059628243574726,0,32,0,0,60,FULL_MOTION_CERTIFICATE,0,0,0,66,0,0,0,0,0,,19.883333333,1.97600437196,0.308616724194,-0.0127451779931,0.859063043483,0.5052889891,-0.0818151869465,0.988002185978,0.154308362097,-0.00637258899653,1.69908792302,1.04217615619,-0.145885677892,1.6976714134089965,1.044532171748718,-0.14443119458146772
19.833333333333332,-34.28740145043003,-4.109287163979615,3.4291665219192593,1.6718451008978452,1.0862235948092511,-0.10948832535396123,1.9760895881100458,0.30807319073769135,-0.01268262243261077,DEPTH_PROPOSAL_CERTIFIED,1.0897402932620035,0,32,0,0,60,FULL_MOTION_CERTIFICATE,0,0,0,66,0,0,0,0,0,,19.9,1.97604708665,0.308344376682,-0.0127144285598,0.859063043483,0.5052889891,-0.0818151869465,0.988023543327,0.154172188341,-0.00635721427992,1.7005302082,1.03978235478,-0.14722997307,1.699230946582012,1.0419429451117161,-0.14588567789173779
19.85,-34.25950096742975,-4.091242368802046,3.4272940629010917,1.6740289800166839,1.0826877106539687,-0.11234754109004327,1.9761318811562683,0.30780313647598406,-0.012649800525532287,DEPTH_PROPOSAL_CERTIFIED,1.0736397787978251,0,32,0,0,60,FULL_MOTION_CERTIFICATE,0,0,0,66,0,0,0,0,0,,19.916666666,1.97608958811,0.308073190738,-0.0126826224326,0.859063043483,0.5052889891,-0.0818151869465,0.988044794055,0.154036595369,-0.00634131121631,1.70186322926,1.0375699021,-0.148472427628,1.7006723052665098,1.0395499239595296,-0.1472299730702382
19.866666666666667,-34.23156516187323,-4.073254833057505,3.4253759916524467,1.6761483333914584,1.079252144672537,-0.1150842749187011,1.9761739710813397,0.30753418099222013,-0.012616003410498747,DEPTH_PROPOSAL_CERTIFIED,1.057661526083058,0,32,0,0,60,FULL_MOTION_CERTIFICATE,0,0,0,66,0,0,0,0,0,,19.933333333,1.97613188116,0.307803136476,-0.0126498005255,0.859063043483,0.5052889891,-0.0818151869465,0.988065940578,0.153901568238,-0.00632490026277,1.70309526396,1.03552505934,-0.149620756914,1.7020044445637097,1.0373382396990656,-0.1484724276283287
19.883333333333333,-34.20359515517049,-4.055322799831374,3.4234143137346162,1.6782004021643244,1.0759219935679558,-0.11770067506984284,1.97621586353005,0.3072662889885452,-0.012581271135584889,DEPTH_PROPOSAL_CERTIFIED,1.041805924431078,0,32,0,0,60,FULL_MOTION_CERTIFICATE,0,0,0,66,0,0,0,0,0,,19.95,1.97617397108,0.307534180992,-0.0126160034105,0.859063043483,0.5052889891,-0.0818151869465,0.988086985541,0.153767090496,-0.00630800170525,1.7042339627,1.03363512891,-0.150682091555,1.7032356411932925,1.0352941500920623,-0.14962075691377413
19.9,-34.175592101570956,-4.037444449735129,3.4214109926141534,1.6801832159719363,1.0727010057747544,-0.1201992672277821,1.9762575644180875,0.3069994233222238,-0.012545643072820634,DEPTH_PROPOSAL_CERTIFIED,1.0260734855002984,0,32,0,0,60,FULL_MOTION_CERTIFICATE,0,0,0,66,0,0,0,0,0,,19.966666666,1.97621586353,0.307266288989,-0.0125812711356,0.88030083833,0.446605169559,-0.160044545546,0.988107931765,0.153633144494,-0.00629063556779,1.7057206674,1.0307730176,-0.153051681933,1.704373544424803,1.0334049546976947,-0.15068209155464288
19.916666666666668,-34.14755662861671,-4.01961932881342,3.4193661911720925,1.6821283772541529,1.0695072553023646,-0.12268808652362127,1.9762990798575037,0.3067335454848711,-0.01250915779195019,DEPTH_PROPOSAL_CERTIFIED,1.010463136753645,0,32,0,0,60,FULL_MOTION_CERTIFICATE,0,0,0,66,0,0,0,0,0,,19.983333333,1.97625756442,0.306999423322,-0.0125456430728,0.88030083833,0.446605169559,-0.160044545546,0.988128782209,0.153499711661,-0.00627282153641,1.70754873924,1.02694477064,-0.156735741461,1.70585934489719,1.0305434995392155,-0.15305168193285404
19.933333333333334,-34.119488885442955,-4.001848237436631,3.417278400266728,1.6840645904254994,1.06626548260735,-0.1252674543219021,1.9763404117557772,0.30646864541814967,-0.012471817693032194,DEPTH_PROPOSAL_CERTIFIED,0.9949722506536525,0,32,0,0,60,FULL_MOTION_CERTIFICATE,0,0,0,66,0,0,0,0,0,,20,1.97629907986,0.306733545485,-0.012509157792,0.88030083833,0.446605169559,-0.160044545546,0.988149539929,0.153366772742,-0.00625457889598,1.70971008121,1.0221577993,-0.161741752799,1.7076863911159297,1.0267158557281717,-0.15673574146093006
19.95,-34.09138858925843,-3.984133125887995,3.4151445559541944,1.6860177710717734,1.06290669291822,-0.12803065875201247,1.9763815581715396,0.3062047392202602,-0.01243359153622525,DEPTH_PROPOSAL_CERTIFIED,0.981423096563574,0,32,0,0,60,FULL_MOTION_CERTIFICATE,0,0,0,66,0,0,0,0,0,,20.016666666,1.97634041176,0.306468645418,-0.012471817693,0.88030083833,0.446605169559,-0.160044545546,0.988170205878,0.153234322709,-0.00623590884652,1.71219413568,1.01642182937,-0.168079317448,1.7098465749563168,1.0219294587108319,-0.16174175279936115
19.966666666666665,-34.063255071409465,-3.9664769949402787,3.4129601451534084,1.6880110709379998,1.0593678568630287,-0.13106464804716353,1.976422513648991,0.3059418669860155,-0.012394416747706406,DEPTH_PROPOSAL_CERTIFIED,0.9682198599483902,0,32,0,0,60,FULL_MOTION_CERTIFICATE,0,0,0,66,0,0,0,0,0,,20.016666666,1.97634041176,0.306468645418,-0.012471817693,0.88030083833,0.446605169559,-0.160044545546,0.988170205878,0.153234322709,-0.00623590884652,1.71219413568,1.01642182937,-0.168079317448,1.712329329305963,1.0161940569896912,-0.16807931744800855
19.983333333333334,-34.03508732600228,-3.948883798236452,3.410719298191483,1.6900647244308933,1.0555918022294497,-0.1344508177155007,1.976463269536968,0.30568009074294367,-0.012354201496815025,DEPTH_PROPOSAL_CERTIFIED,0.9551457430082968,0,32,0,0,60,FULL_MOTION_CERTIFICATE,0,0,0,67,0,0,0,0,0,,20.05,1.97642251365,0.305941866986,-0.0123944167477,0.88030083833,0.446605169559,-0.160044545546,0.988211256824,0.152970933493,-0.00619720837385,1.71805669514,1.00217173188,-0.184813733116,1.7151192970441884,1.0095239356997925,-0.17576208766920715
20.0,-34.00688407035348,-3.9313583371864613,3.408414861689911,1.6921953389281201,1.0515276629995103,-0.13826619009431346,1.9765038143039724,0.3054194924118805,-0.012312826512108894,DEPTH_PROPOSAL_CERTIFIED,0.9421937819475914,0,32,0,0,61,FULL_MOTION_CERTIFICATE,0,0,0,67,0,0,0,0,0,,20.066666666,1.97646326954,0.305680090743,-0.0123542014968,0.88030083833,0.446605169559,-0.160044545546,0.988231634768,0.152840045371,-0.00617710074841,1.72127979967,0.993917081241,-0.195061865886,1.7181888357942907,1.0019451643942467,-0.1848137331158322
20.016666666666666,-33.97864392724454,-3.9139059019671083,3.406038713476481,1.6944085865363037,1.047146113161232,-0.14256889280579413,1.9765441338825138,0.30516017158112163,-0.012270146502942461,DEPTH_PROPOSAL_CERTIFIED,0.9317473436405854,0,32,0,0,61,FULL_MOTION_CERTIFICATE,0,0,0,67,0,0,0,0,0,,20.083333333,1.9765038143,0.305419492412,-0.0123128265121,0.88030083833,0.446605169559,-0.160044545546,0.988251907152,0.152709746206,-0.00615641325605,1.72425872981,0.986287782442,-0.204533625561,1.7214102073561446,0.9936912051342336,-0.19506186588586163
20.033333333333335,-33.950365932044996,-3.896530592232509,3.403584326964118,1.6966797119723633,1.0425185840757776,-0.1472631907417614,1.976584212811267,0.3049022378991744,-0.012225996455917185,DEPTH_PROPOSAL_CERTIFIED,0.9222160104327015,0,32,0,0,61,FULL_MOTION_CERTIFICATE,0,0,0,67,0,0,0,0,0,,20.1,1.97654413388,0.305160171581,-0.0122701465029,0.88030083833,0.446605169559,-0.160044545546,0.988272066941,0.152580085791,-0.00613507325147,1.72701198341,0.979236460837,-0.21328782767,1.7243874422922876,0.9860627292332422,-0.20453362556055238
20.05,-33.92204947809233,-3.8792354671518736,3.40104657601119,1.6989872371599295,1.0377075048381925,-0.15226505717570182,1.9766240392634047,0.3046457764005127,-0.012180243320659027,DEPTH_PROPOSAL_CERTIFIED,0.9128286189939849,0,32,0,0,61,FULL_MOTION_CERTIFICATE,0,0,0,67,0,0,0,0,0,,20.116666666,1.97658421281,0.304902237899,-0.0122259964559,0.88030083833,0.446605169559,-0.160044545546,0.988292106406,0.15245111895,-0.00611299822796,1.72955665704,0.972719330665,-0.221378832151,1.7271390444482382,0.97901233813965,-0.21328782766977902
20.066666666666666,-33.89369426798088,-3.8620226795458787,3.3984215601908687,1.7013126066873359,1.0327672563597512,-0.15750094921926916,1.9766636045799342,0.30439085059671367,-0.0121327821240558,DEPTH_PROPOSAL_CERTIFIED,0.9035815237208122,0,32,0,0,61,FULL_MOTION_CERTIFICATE,0,0,0,67,0,0,0,0,0,,20.116666666,1.97658421281,0.304902237899,-0.0122259964559,0.88030083833,0.446605169559,-0.160044545546,0.988292106406,0.15245111895,-0.00611299822796,1.72955665704,0.972719330665,-0.221378832151,1.7296821149216939,0.9724962249227622,-0.22137883215079457
20.083333333333332,-33.86530027017726,-3.8448935956713157,3.3957064484955466,1.7036398682173641,1.027745032473831,-0.16290670171933072,1.9767029028532088,0.3041375052411054,-0.012083532489039399,DEPTH_PROPOSAL_CERTIFIED,0.8944721343453921,0,32,0,0,62,FULL_MOTION_CERTIFICATE,0,0,0,67,0,0,0,0,0,,20.15,1.97666360458,0.304390850597,-0.0121327821241,0.88030083833,0.446605169559,-0.160044545546,0.98833180229,0.152195425298,-0.00606639106203,1.73408227408,0.961128832363,-0.235768413333,1.7320324588837117,0.9664739010656022,-0.2288568822200859
20.1,-33.83686768043583,-3.8278489020557194,3.3928993396896003,1.705955384485222,1.022681616935625,-0.16842652835676133,1.9767419305557166,0.3038857687986409,-0.012032435518949886,DEPTH_PROPOSAL_CERTIFIED,0.8854988119609908,0,32,0,0,62,FULL_MOTION_CERTIFICATE,0,0,0,67,0,0,0,0,0,,20.166666666,1.97670290285,0.304137505241,-0.012083532489,0.88030083833,0.446605169559,-0.160044545546,0.988351451427,0.152068752621,-0.00604176624452,1.73609131965,0.955983492172,-0.242156343211,1.7342046829530842,0.9609079473695215,-0.23576841333340356
20.116666666666667,-33.808396887535196,-3.8108887006583183,3.389999137683081,1.708247574038003,1.017612083844124,-0.17401212039117722,1.976780686209684,0.30363565564969053,-0.011979451012200026,DEPTH_PROPOSAL_CERTIFIED,0.8766607729307734,0,32,0,0,62,FULL_MOTION_CERTIFICATE,0,0,0,67,0,0,0,0,0,,20.183333333,1.97674193056,0.303885768799,-0.0120324355189,0.88030083833,0.446605169559,-0.160044545546,0.988370965278,0.151942884399,-0.00601621775947,1.73794816492,0.951227950178,-0.248060339381,1.7362122865819334,0.9557637801278098,-0.2421563432110554
20.133333333333333,-33.77988844290186,-3.794012593513971,3.3870054404505647,1.7105066780004794,1.0125664286609017,-0.17962183395098652,1.9768191700934323,0.30338716805389043,-0.011924554975086666,DEPTH_PROPOSAL_CERTIFIED,0.8679580002762188,0,32,0,0,62,FULL_MOTION_CERTIFICATE,0,0,0,67,0,0,0,0,0,,20.2,1.97678068621,0.30363565565,-0.0119794510122,0.88030083833,0.446605169559,-0.160044545546,0.988390343105,0.151817827825,-0.0059897255061,1.73966434008,0.946832676525,-0.253517063104,1.7380677463426941,0.9510094354255869,-0.24806033938066407
20.15,-33.751343033729675,-3.777219757905208,3.3839184411610366,1.7127245503311204,1.0075701365258327,-0.1852199573716869,1.9768573839807944,0.3031402978977406,-0.01186773740357889,DEPTH_PROPOSAL_CERTIFIED,0.8593911621381738,0,32,0,0,62,FULL_MOTION_CERTIFICATE,0,0,0,67,0,0,0,0,0,,20.216666666,1.97681917009,0.303387168054,-0.0119245549751,0.88030083833,0.446605169559,-0.160044545546,0.988409585047,0.151693584027,-0.00596227748754,1.74125050188,0.942770378399,-0.258560398356,1.7397825927649433,0.9466153724779879,-0.2535170631042357
20.166666666666668,-33.72276145923915,-3.7605090130129835,3.3807388403046086,1.7148944694311006,1.0026446935333235,-0.19077605138565565,1.9768953309102533,0.3028950282473668,-0.011809000307702506,DEPTH_PROPOSAL_CERTIFIED,0.8509615368966956,0,32,0,0,64,FULL_MOTION_CERTIFICATE,0,0,0,67,0,0,0,0,0,,20.233333333,1.97685738398,0.303140297898,-0.0118677374036,0.88030083833,0.446605169559,-0.160044545546,0.98842869199,0.151570148949,-0.00593386870179,1.7427165,0.939015829894,-0.26322166305,1.7413674824508554,0.9425542890247227,-0.25856039835606287
20.183333333333334,-33.694144609754744,-3.743878878906743,3.377467767716281,1.7170109690644948,0.9978080463744741,-0.19626435529965397,1.9769330149807751,0.30265133472593425,-0.011748355954499936,DEPTH_PROPOSAL_CERTIFIED,0.8426709445403726,0,32,0,0,64,FULL_MOTION_CERTIFICATE,0,0,0,67,0,0,0,0,0,,20.25,1.97689533091,0.302895028247,-0.0118090003077,0.88030083833,0.446605169559,-0.160044545546,0.988447665455,0.151447514124,-0.00590450015385,1.74407143765,0.935545716887,-0.267529801625,1.742832264591906,0.9388009510365076,-0.26322166305043754
20.2,-33.66549344831005,-3.727327628650151,3.374106713503806,1.7190696866814505,0.9930750153955843,-0.20166325274850863,1.9769704411715785,0.3024091867333569,-0.011685825307798752,DEPTH_PROPOSAL_CERTIFIED,0.8345216838881024,0,32,0,0,64,FULL_MOTION_CERTIFICATE,0,0,0,67,0,0,0,0,0,,20.266666666,1.97693301498,0.302651334726,-0.0117483559545,0.88030083833,0.446605169559,-0.160044545546,0.98846650749,0.151325667363,-0.00587417797725,1.74532372844,0.932338491427,-0.271511565819,1.7441860416083108,0.9353320374531259,-0.2675298016245395
20.216666666666665,-33.63680899451766,-3.710853334228098,3.3706574669768483,1.721067227543827,0.9884576653232375,-0.2069547916174703,1.9770076151833766,0.3021685485242302,-0.011621436645130323,DEPTH_PROPOSAL_CERTIFIED,0.8265164752730525,0,32,0,0,64,FULL_MOTION_CERTIFICATE,0,0,0,68,0,0,0,0,0,,20.283333333,1.97697044117,0.302409186733,-0.0116858253078,0.88030083833,0.446605169559,-0.160044545546,0.988485220586,0.151204593367,-0.0058429126539,1.74648114878,0.929374237405,-0.275191681443,1.7454372260648203,0.9321259944406042,-0.2715115658188064
20.233333333333334,-33.60809231046563,-3.6944539069327775,3.367122062760716,1.72300104312153,0.9839656377190564,-0.21212425296791657,1.97704454329884,0.30192938015846316,-0.011555224333915563,DEPTH_PROPOSAL_CERTIFIED,0.8186584083127324,0,32,0,0,64,FULL_MOTION_CERTIFICATE,0,0,0,68,0,0,0,0,0,,20.3,1.97700761518,0.302168548524,-0.0116214366451,0.88030083833,0.446605169559,-0.160044545546,0.988503807592,0.151084274262,-0.00581071832257,1.74755088576,0.926634548086,-0.278593000424,1.7465935931695014,0.9291629009480565,-0.27519168144335027
20.25,-33.57934448842685,-3.6781271327834038,3.363502733358402,1.7248693223271003,0.979606448962485,-0.2171597641388389,1.9770812322602518,0.3016916383377035,-0.011487227750733443,DEPTH_PROPOSAL_CERTIFIED,0.8148798542966831,0,32,0,0,64,FULL_MOTION_CERTIFICATE,0,0,0,68,0,0,0,0,0,,20.316666666,1.9770445433,0.301929380158,-0.0115552243339,0.990555602909,0.136218853581,-0.0156211866992,0.988522271649,0.150964690079,-0.00577761216696,1.7491215019,0.922480827957,-0.281268086632,1.7476623286350623,0.9264243461323114,-0.2785930004240952
20.266666666666666,-33.55056590568446,-3.661872751042396,3.359802459104456,1.7267149645437239,0.9752629044605209,-0.2220164552367846,1.9771176891625395,0.30145527713935394,-0.011417490329077535,DEPTH_PROPOSAL_CERTIFIED,0.8127949950427751,0,32,0,0,64,FULL_MOTION_CERTIFICATE,0,0,0,68,0,0,0,0,0,,20.316666666,1.9770445433,0.301929380158,-0.0115552243339,0.990555602909,0.136218853581,-0.0156211866992,0.988522271649,0.150964690079,-0.00577761216696,1.7491215019,0.922480827957,-0.281268086632,1.7492317995865323,0.9222716615365547,-0.2812680866317259
20.283333333333335,-33.52175628077935,-3.6456923011734297,3.3560249226288845,1.7285774943062013,0.9708269921378276,-0.22665218853425412,1.977153914775763,0.30122029142334716,-0.011346070760774317,DEPTH_PROPOSAL_CERTIFIED,0.8108653089216169,0,32,0,0,64,FULL_MOTION_CERTIFICATE,0,0,0,68,0,0,0,0,0,,20.35,1.97711768916,0.301455277139,-0.0114174903291,0.990555602909,0.136218853581,-0.0156211866992,0.988558844581,0.15072763857,-0.00570874516454,1.75375880523,0.909947296882,-0.28440427236,1.751300357408422,0.9167088618009789,-0.2832081347633726
20.3,-33.49291472553839,-3.629588981280562,3.352174466855554,1.7304933144575882,0.966199193572107,-0.23102734639983316,1.9771899040562009,0.3009867136938563,-0.011273042091861262,DEPTH_PROPOSAL_CERTIFIED,0.8090910855035536,0,32,0,0,64,FULL_MOTION_CERTIFICATE,0,0,0,68,0,0,0,0,0,,20.366666666,1.97715391478,0.301220291423,-0.0113460707608,0.990555602909,0.136218853581,-0.0156211866992,0.988576957388,0.150610145712,-0.00567303538039,1.75682211345,0.901575737489,-0.284847520083,1.7538663203045093,0.909740051070312,-0.28440427235990073
20.316666666666666,-33.4640397932132,-3.613567517132545,3.3482560563174726,1.7324959395111967,0.9612878488810874,-0.23510463228490663,1.9772256466186207,0.3007546111955564,-0.011198490888782237,DEPTH_PROPOSAL_CERTIFIED,0.8074714632600655,0,32,0,0,64,FULL_MOTION_CERTIFICATE,0,0,0,68,0,0,0,0,0,,20.383333333,1.97718990406,0.300986713694,-0.0112730420919,0.990555602909,0.136218853581,-0.0156211866992,0.988594952028,0.150493356847,-0.00563652104593,1.76037952603,0.891806691904,-0.28452874893,1.7569279651652228,0.9013694436506438,-0.2848475200828062
20.333333333333332,-33.435129523035044,-3.5976340409434493,3.3442752415917076,1.7346162106898328,0.9560085713457873,-0.23884888354591097,1.9772611271727432,0.30052408322617696,-0.011122516470624025,DEPTH_PROPOSAL_CERTIFIED,0.8061484339524834,0,32,0,0,64,FULL_MOTION_CERTIFICATE,0,0,0,68,0,0,0,0,0,,20.4,1.97722564662,0.300754611196,-0.0111984908888,0.990555602909,0.136218853581,-0.0156211866992,0.988612823309,0.150377305598,-0.00559924544439,1.76442921651,0.88064463882,-0.283438634416,1.7604835190691963,0.8916013854151225,-0.2845287489301665
20.35,-33.40618148147174,-3.581795979133106,3.340238126675449,1.7368824937981233,0.9502837086204353,-0.24222689497546368,1.9772963259266463,0.30029525864844503,-0.011045230203524227,DEPTH_PROPOSAL_CERTIFIED,0.805635807259407,0,32,0,0,64,FULL_MOTION_CERTIFICATE,0,0,0,68,0,0,0,0,0,,20.416666666,1.97726112717,0.300524083226,-0.0111225164706,0.990555602909,0.136218853581,-0.0156211866992,0.988630563586,0.150262041613,-0.00556125823531,1.76896928349,0.868094248393,-0.281567606696,1.7645311477192638,0.8804403833711532,-0.283438634416
20.366666666666667,-33.377192800451,-3.566061948350889,3.3361513391433832,1.7393208612446287,0.9440418469330997,-0.24520725192396084,1.9773312189596903,0.3000682935855817,-0.010966754853754949,DEPTH_PROPOSAL_CERTIFIED,0.8049795312197197,0,32,0,0,64,FULL_MOTION_CERTIFICATE,0,0,0,68,0,0,0,0,0,,20.416666666,1.97726112717,0.300524083226,-0.0111225164706,0.990555602909,0.136218853581,-0.0156211866992,0.988630563586,0.150262041613,-0.00556125823531,1.76896928349,0.868094248393,-0.281567606696,1.7690689440919958,0.8678911343476006,-0.2815676066956283
20.383333333333333,-33.34816021279571,-3.55044165909664,3.3320220029467764,1.741955259317175,0.9372173552549813,-0.24776017179642518,1.977365778567292,0.2998433692857337,-0.010887223996359057,DEPTH_PROPOSAL_CERTIFIED,0.8041657067239232,0,32,0,0,64,FULL_MOTION_CERTIFICATE,0,0,0,68,0,0,0,0,0,,20.45,1.97733121896,0.300068293586,-0.0109667548538,0.990555602909,0.136218853581,-0.0156211866992,0.98866560948,0.150034146793,-0.00548337742688,1.77951248573,0.838848296382,-0.275442961718,1.7740949158022412,0.8539585567819316,-0.27890579424049217
20.4,-33.31908008510489,-3.534945826306268,3.3278577137325915,1.744807661449014,0.9297499674223842,-0.2498573528511039,1.9773999735797256,0.2996206901417447,-0.010806781476621152,DEPTH_PROPOSAL_CERTIFIED,0.8031796775765536,0,32,0,0,64,FULL_MOTION_CERTIFICATE,0,0,0,68,0,0,0,0,0,,20.466666666,1.97736577857,0.299843369286,-0.0108872239964,0.990555602909,0.136218853581,-0.0156211866992,0.988682889284,0.149921684643,-0.00544361199818,1.78551130899,0.822163370911,-0.271168437633,1.7796069674574533,0.8386478358646942,-0.2754429617181859
20.416666666666668,-33.28994844829652,-3.5195860863165236,3.323666516583075,1.7478982085021462,0.9215843993845039,-0.2514718289709419,1.9774337696569948,0.29940048185334217,-0.010725580922014082,DEPTH_PROPOSAL_CERTIFIED,0.8020061680289345,0,32,0,0,64,FULL_MOTION_CERTIFICATE,0,0,0,68,0,0,0,0,0,,20.483333333,1.97739997358,0.299620690142,-0.0108067814766,0.990555602909,0.136218853581,-0.0156211866992,0.98869998679,0.149810345071,-0.00540339073831,1.79199184528,0.804111479617,-0.266071029294,1.7856028825503514,0.8219644693223797,-0.2711684376329619
20.433333333333334,-33.26076102601638,-3.5043749196577836,3.3194568860998186,1.7512453368084206,0.9126699995244436,-0.25257782899542397,1.9774671295616442,0.2991829897197721,-0.010643785302706786,DEPTH_PROPOSAL_CERTIFIED,0.8006294204443194,0,32,0,0,64,FULL_MOTION_CERTIFICATE,0,0,0,68,0,0,0,0,0,,20.5,1.97743376966,0.299400481853,-0.010725580922,0.990555602909,0.136218853581,-0.0156211866992,0.988716884828,0.149700240927,-0.00536279046101,1.79895155771,0.784698907777,-0.260138925392,1.7920803021449727,0.8039143212317021,-0.26607102929410603
20.45,-33.231513261111964,-3.4893255791374367,3.3152377087776768,1.7548658942652355,0.902960431220859,-0.2531506393285179,1.9775000134112979,0.29896847705160295,-0.010561566539194659,DEPTH_PROPOSAL_CERTIFIED,0.7990333330492132,0,32,0,0,64,FULL_MOTION_CERTIFICATE,0,0,0,68,0,0,0,0,0,,20.516666666,1.97746712956,0.29918298972,-0.0106437853027,0.990555602909,0.136218853581,-0.0156211866992,0.988733564781,0.14959149486,-0.00532189265135,1.80638770223,0.763932466675,-0.253359576742,1.7990366952383807,0.7845036979171189,-0.260138925392264
20.466666666666665,-33.202200340359326,-3.4744520227082853,3.311018267645669,1.7587752451581513,0.8924133857491185,-0.25316646792048236,1.9775323789126091,0.29875722369068153,-0.010479105156045262,DEPTH_PROPOSAL_CERTIFIED,0.7972015977090852,0,32,0,0,64,FULL_MOTION_CERTIFICATE,0,0,0,68,0,0,0,0,0,,20.516666666,1.97746712956,0.29918298972,-0.0106437853027,0.990555602909,0.136218853581,-0.0156211866992,0.988733564781,0.14959149486,-0.00532189265135,1.80638770223,0.763932466675,-0.253359576742,1.8064693260517273,0.7637394309938765,-0.2533595767424489
20.483333333333334,-33.172817217626495,-3.4597688506292963,3.3068082291869447,1.7629873639694507,0.8809903247392192,-0.25260230752341545,1.9775641815782459,0.29854952462786055,-0.010396589981396146,DEPTH_PROPOSAL_CERTIFIED,0.7964960605338565,0,32,0,0,64,FULL_MOTION_CERTIFICATE,0,0,0,69,0,0,0,0,0,,20.55,1.97753237891,0.298757223691,-0.010479105156,0.990555602909,0.136218853581,-0.0156211866992,0.988766189456,0.149378611845,-0.00523955257802,1.82267701678,0.71836851052,-0.237204356045,1.8143752134672941,0.7416289804184715,-0.24571955067920045
20.5,-33.14335863566268,-3.445291246411748,3.302617632586149,1.767514917828874,0.8686562530529345,-0.251435796047764,1.9775953749284503,0.2983456887083631,-0.010314217892552536,DEPTH_PROPOSAL_CERTIFIED,0.7956435117755045,0,32,0,0,64,FULL_MOTION_CERTIFICATE,0,0,0,69,0,0,0,0,0,,20.566666666,1.97756418158,0.298549524628,-0.0103965899814,0.990555602909,0.136218853581,-0.0156211866992,0.988782090789,0.149274762314,-0.0051982949907,1.83151970333,0.693597179709,-0.227783403778,1.822751074913844,0.7181805784802511,-0.2372043560448154
20.516666666666666,-33.11381915114726,-3.4310349099184854,3.2984569001170074,1.7723690709250797,0.8553801895958099,-0.24964394814850205,1.9776259106787843,0.2981460374143207,-0.010232193608771216,DEPTH_PROPOSAL_CERTIFIED,0.794522448718298,0,32,0,0,64,FULL_MOTION_CERTIFICATE,0,0,0,69,0,0,0,0,0,,20.583333333,1.97759537493,0.298345688708,-0.0103142178926,0.990555602909,0.136218853581,-0.0156211866992,0.988797687464,0.149172844354,-0.00515710894628,1.84080729562,0.667551045492,-0.217385354519,1.8315897386987918,0.6934122154188791,-0.22778340377750497
20.533333333333335,-33.08419317155114,-3.4170159608463075,3.294336898195377,1.7775587757668387,0.841136944330533,-0.2472001152977861,1.9776557389491105,0.2979509034788408,-0.010150729914152884,DEPTH_PROPOSAL_CERTIFIED,0.7931227618114196,0,32,0,0,64,FULL_MOTION_CERTIFICATE,0,0,0,69,0,0,0,0,0,,20.6,1.97762591068,0.298146037414,-0.0102321936088,0.990555602909,0.136218853581,-0.0156211866992,0.988812955339,0.149073018707,-0.00511609680439,1.85049891513,0.640334326155,-0.205871836535,1.84087317483629,0.6673693520941839,-0.21738535451905663
20.55,-33.05447501801818,-3.4032507753059997,3.2902690784439024,1.7830892119776574,0.825911132418504,-0.24406918508849215,1.9776848085599836,0.2977606288715134,-0.010070048912536487,DEPTH_PROPOSAL_CERTIFIED,0.7914344783691418,0,32,0,0,64,FULL_MOTION_CERTIFICATE,0,0,0,69,0,0,0,0,0,,20.616666666,1.97765573895,0.297950903479,-0.0101507299142,0.990555602909,0.136218853581,-0.0156211866992,0.988827869475,0.148975451739,-0.00507536495708,1.86037387241,0.612527467924,-0.192810450209,1.8505605337496471,0.6401562270917387,-0.2058718365351036
20.566666666666666,-33.02465921045834,-3.3897552334672927,3.286265979317276,1.788948453590721,0.8097325103224664,-0.24018594759761022,1.9777130675317334,0.29757556136802366,-0.009990384913887155,DEPTH_PROPOSAL_CERTIFIED,0.7894486731931329,0,32,0,0,64,FULL_MOTION_CERTIFICATE,0,0,0,69,0,0,0,0,0,,20.633333333,1.97768480856,0.297760628872,-0.0100700489125,0.990555602909,0.136218853581,-0.0156211866992,0.98884240428,0.148880314436,-0.00503502445627,1.86972542641,0.586188691613,-0.180339450239,1.8604312012701,0.6123533207507952,-0.19281045020884768
20.583333333333332,-32.99474134457531,-3.376542158289087,3.28233844394994,1.7950719529817232,0.7927845106923818,-0.23565212204015915,1.977740465411402,0.2973960387027649,-0.009911994662744643,DEPTH_PROPOSAL_CERTIFIED,0.7871586754385218,0,32,0,0,64,FULL_MOTION_CERTIFICATE,0,0,0,69,0,0,0,0,0,,20.65,1.97771306753,0.297575561368,-0.00999038491389,0.990555602909,0.136218853581,-0.0156211866992,0.988856533766,0.148787780684,-0.00499519245694,1.87856447852,0.561292046452,-0.168528281725,1.869778645551956,0.5860189152053363,-0.18033945023925269
20.6,-32.96471799658126,-3.3636215799696396,3.2784956609062332,1.8014008796428127,0.7752346991667073,-0.23056698262237887,1.9777669616096125,0.2972223348970884,-0.009835100599623735,DEPTH_PROPOSAL_CERTIFIED,0.7845598360345221,0,32,0,0,64,FULL_MOTION_CERTIFICATE,0,0,0,69,0,0,0,0,0,,20.666666666,1.97774046541,0.297396038703,-0.00991199466274,0.990939324203,0.133398779133,-0.0156211866992,0.988870232706,0.148698019351,-0.00495599733137,1.88686198094,0.537779184907,-0.157471864795,1.8786137849080906,0.5611269985535152,-0.16852828172547019
20.616666666666667,-32.93458668558164,-3.3510010212586647,3.2747451696779657,1.807878659976959,0.7572335226585469,-0.22502947369606682,1.9777925245308077,0.29705466571846323,-0.009759891646301113,DEPTH_PROPOSAL_CERTIFIED,0.7816492868048042,0,32,0,0,64,FULL_MOTION_CERTIFICATE,0,0,0,69,0,0,0,0,0,,20.683333333,1.97776696161,0.297222334897,-0.00983510059962,0.990939324203,0.133398779133,-0.0156211866992,0.988883480805,0.148611167449,-0.00491755029981,1.89463800035,0.515681880351,-0.147123986103,1.886907580053549,0.5376191692589768,-0.1574718647950555
20.633333333333333,-32.904347563876165,-3.3386806710733463,3.271091440032647,1.8143473023289436,0.7392210111191465,-0.21922377871914703,1.9778171306745593,0.29689319439362816,-0.009686523266867603,DEPTH_PROPOSAL_CERTIFIED,0.7784297341717581,0,32,0,0,64,FULL_MOTION_CERTIFICATE,0,0,0,69,0,0,0,0,0,,20.7,1.97779252453,0.297054665718,-0.0097598916463,0.990939324203,0.133398779133,-0.0156211866992,0.988896262265,0.148527332859,-0.00487994582315,1.90190038886,0.495011812516,-0.137466727875,1.894680108984752,0.5155271464496622,-0.14712398610340646
20.65,-32.874001159736316,-3.326659610714409,3.2675378462460984,1.8207842483911065,0.7212636215362805,-0.213215627192934,1.977840779964323,0.29673793014470734,-0.009615088327946398,DEPTH_PROPOSAL_CERTIFIED,0.7749045115342401,0,32,0,0,64,FULL_MOTION_CERTIFICATE,0,0,0,69,0,0,0,0,0,,20.716666666,1.97781713067,0.296893194394,-0.00968652326687,0.990939324203,0.133398779133,-0.0156211866992,0.988908565337,0.148446597197,-0.00484326163343,1.90865286567,0.475774373006,-0.128491634051,1.9019392553925272,0.4948624581195033,-0.1374667278753628
20.666666666666668,-32.843547933156806,-3.3149370463114654,3.264087209935004,1.8271935947702111,0.7033538641765238,-0.20703817866563554,1.9778634758607185,0.29658885899548115,-0.009545657437519844,DEPTH_PROPOSAL_CERTIFIED,0.7710766792994548,0,32,0,0,64,FULL_MOTION_CERTIFICATE,0,0,0,69,0,0,0,0,0,,20.733333333,1.97784077996,0.296737930145,-0.00961508832795,0.990939324203,0.133398779133,-0.0156211866992,0.988920389982,0.148368965072,-0.00480754416397,1.91489743409,0.457972424874,-0.120194158936,1.90868873132918,0.47563046846027374,-0.1284916340508143
20.683333333333334,-32.81298828462176,-3.303512289225407,3.260741912507994,1.8335789121028558,0.6854854251635166,-0.20071784562062725,1.9778852214127105,0.2964459696731754,-0.009478290021041589,DEPTH_PROPOSAL_CERTIFIED,0.7669490985419041,0,32,0,0,64,FULL_MOTION_CERTIFICATE,0,0,0,69,0,0,0,0,0,,20.75,1.97786347586,0.296588858995,-0.00954565743752,0.991008194419,0.132886181071,-0.0156211866992,0.98893173793,0.148294429498,-0.00477282871876,1.92063049399,0.441600010194,-0.112584121924,1.9149305257943303,0.45783403806264134,-0.12019415893550321
20.7,-32.782322569365384,-3.2923847483165476,3.2575039626741016,1.8399429153828526,0.6676524545316016,-0.19427699003356422,1.9779060193078886,0.29630925319264817,-0.009413036600190825,DEPTH_PROPOSAL_CERTIFIED,0.7614156225359188,0,32,0,0,64,FULL_MOTION_CERTIFICATE,0,0,0,69,0,0,0,0,0,,20.766666666,1.97788522141,0.296445969673,-0.00947829002104,0.991008194419,0.132886181071,-0.0156211866992,0.988942610706,0.148222984837,-0.00473914501052,1.92585490442,0.426661596502,-0.10565430399,1.9206610239596158,0.44146720660164196,-0.11258412192365523
20.716666666666665,-32.75155110099507,-3.2815539136540472,3.2543750669248497,1.8462881022186615,0.6498500797500673,-0.18773374495513243,1.9779258718943264,0.2961787026612995,-0.009349940156878544,DEPTH_PROPOSAL_CERTIFIED,0.7549112451092752,0,32,0,0,64,FULL_MOTION_CERTIFICATE,0,0,0,70,0,0,0,0,0,,20.783333333,1.97790601931,0.296309253193,-0.00941303660019,0.991008194419,0.132886181071,-0.0156211866992,0.988953009654,0.148154626596,-0.0047065183001,1.93057256774,0.41316011755,-0.0993999122006,1.925883071084898,0.42653443859595164,-0.10565430399009033
20.733333333333334,-32.72067415526675,-3.2710193440614193,3.2513566820186446,1.8526167436991188,0.6320741755575939,-0.18110309437227332,1.977944781223219,0.2960543129444475,-0.009289037561824828,DEPTH_PROPOSAL_CERTIFIED,0.7482944401999365,0,32,0,0,64,FULL_MOTION_CERTIFICATE,0,0,0,70,0,0,0,0,0,,20.8,1.97792587189,0.296178702661,-0.00934994015688,0.991008194419,0.132886181071,-0.0156211866992,0.988962935947,0.148089351331,-0.00467497007844,1.9347848095,0.401097604153,-0.0938176105638,1.9305985557876075,0.4130386645840384,-0.09939991220061146
20.75,-32.68969343170235,-3.2607765576298493,3.248448506056643,1.8588434138641565,0.6145671858942199,-0.17449055772011557,1.9779627490820053,0.2959360804066519,-0.009230360637778053,DEPTH_PROPOSAL_CERTIFIED,0.7415726624177779,0,32,0,0,64,FULL_MOTION_CERTIFICATE,0,0,0,70,0,0,0,0,0,,20.816666666,1.97794478122,0.296054312944,-0.00928903756182,0.991008194419,0.132886181071,-0.0156211866992,0.988972390612,0.148027156472,-0.00464451878091,1.93849259519,0.39047552685,-0.0889049715677,1.9348087898776203,0.4009819120010435,-0.09381761056378624
20.766666666666666,-32.65861211302641,-3.250816854055232,3.2456483927034196,1.8648791205568829,0.5975822144770837,-0.16800680119341735,1.977979790086102,0.29582391633237304,-0.009173905205324715,DEPTH_PROPOSAL_CERTIFIED,0.7347558181463796,0,32,0,0,64,FULL_MOTION_CERTIFICATE,0,0,0,70,0,0,0,0,0,,20.833333333,1.97796274908,0.295936080407,-0.00923036063778,0.991008194419,0.132886181071,-0.0156211866992,0.988981374541,0.147968040203,-0.00461518031889,1.94178985235,0.381028317214,-0.0845365928311,1.938514742208148,0.39036556318800947,-0.08890497156769425
20.783333333333335,-32.627433658986895,-3.2411307088925887,3.2429536710274207,1.8707072423706228,0.5811687097584992,-0.16168330055990976,1.9779959322377854,0.2957176430529602,-0.009119629267435711,DEPTH_PROPOSAL_CERTIFIED,0.727853734981259,0,32,0,0,64,FULL_MOTION_CERTIFICATE,0,0,0,70,0,0,0,0,0,,20.85,1.97797979009,0.295823916332,-0.00917390520532,0.991062003589,0.132484276682,-0.0156211866992,0.988989895043,0.147911958166,-0.00458695260266,1.9448454702,0.372235910685,-0.0804991518843,1.9418103284982378,0.38092395219180175,-0.08453659283113016
20.8,-32.59616157217037,-3.2317084926765296,3.240361454589649,1.8763252089916211,0.5653329729635697,-0.1555329862663001,1.9780112061050186,0.2956170653546088,-0.00906748003025439,DEPTH_PROPOSAL_CERTIFIED,0.7208756926342412,0,32,0,0,64,FULL_MOTION_CERTIFICATE,0,0,0,70,0,0,0,0,0,,20.866666666,1.97799593224,0.295717643053,-0.00911962926744,0.991062003589,0.132484276682,-0.0156211866992,0.988997966119,0.147858821526,-0.00455981463372,1.94766960168,0.364109596062,-0.0767675779058,1.9448644017678054,0.37213698406541745,-0.08049915188425785
20.816666666666666,-32.5647993819464,-3.2225404646312583,3.23786868942506,1.8817314134379957,0.5500816827163064,-0.14956590987535323,1.9780256425411946,0.2955219855487299,-0.009017400225725088,DEPTH_PROPOSAL_CERTIFIED,0.7138305057984333,0,32,0,0,64,FULL_MOTION_CERTIFICATE,0,0,0,70,0,0,0,0,0,,20.883333333,1.97801120611,0.295617065355,-0.00906748003025,0.991062003589,0.132484276682,-0.0156211866992,0.989005603053,0.147808532677,-0.00453374001513,1.95027978397,0.356598910859,-0.0733186987075,1.9476871076837678,0.3640159416996831,-0.07676757790579675
20.833333333333332,-32.533350620308084,-3.2136168448261264,3.2354721959917434,1.8869256982991744,0.5354171883079564,-0.14378960599899826,1.9780392726983618,0.29543220338793064,-0.008969329087941536,DEPTH_PROPOSAL_CERTIFIED,0.7067265376498337,0,32,0,0,64,FULL_MOTION_CERTIFICATE,0,0,0,70,0,0,0,0,0,,20.9,1.97802564254,0.295521985549,-0.00901740022573,0.991062003589,0.132484276682,-0.0156211866992,0.989012821271,0.147760992774,-0.00450870011286,1.95269222517,0.34965721697,-0.0701310982415,1.9502959736055587,0.3565103565260748,-0.07331869870746335
20.85,-32.5018188012199,-3.2049278760337403,3.233168705724787,1.8919091452909844,0.5213381275430766,-0.13820941601736889,1.9780521278026895,0.29534751757847993,-0.008923203207443263,DEPTH_PROPOSAL_CERTIFIED,0.6995717170331597,0,32,0,0,64,FULL_MOTION_CERTIFICATE,0,0,0,70,0,0,0,0,0,,20.916666666,1.9780392727,0.295432203388,-0.00896932908794,0.991062003589,0.132484276682,-0.0156211866992,0.989019636349,0.147716101694,-0.00448466454397,1.95492190553,0.343241409378,-0.0671849828409,1.952707198591056,0.34957358621157203,-0.070131098241502
20.866666666666667,-32.47020740307958,-3.1964638764388487,3.2309548927724476,1.8966838884195023,0.5078399756935237,-0.13282877714036564,1.9780642389627587,0.29526772707894194,-0.008878957276410972,DEPTH_PROPOSAL_CERTIFIED,0.6926097037248717,0,32,0,0,64,FULL_MOTION_CERTIFICATE,0,0,0,70,0,0,0,0,0,,20.933333333,1.9780521278,0.295347517578,-0.00892320320744,0.991062003589,0.132484276682,-0.0156211866992,0.989026063901,0.147673758789,-0.00446160160372,1.95698267085,0.33731164744,-0.0644620578287,1.954935754587423,0.3431625231289678,-0.06718498284092224
20.883333333333333,-32.43851985394007,-3.1882152842306515,3.228827401435401,1.9012529483703566,0.49491553249185105,-0.1276494802228147,1.9780756370069084,0.29519263220869424,-0.008836524736391215,DEPTH_PROPOSAL_CERTIFIED,0.6858992744827412,0,32,0,0,64,FULL_MOTION_CERTIFICATE,0,0,0,70,0,0,0,0,0,,20.95,1.97806423896,0.295267727079,-0.00887895727641,0.991101394633,0.132189273708,-0.0156211866992,0.989032119481,0.147633863539,-0.00443947863821,1.95889328592,0.331786412479,-0.0619454150185,1.9569954797707834,0.33723732543143564,-0.06446205782868933
20.9,-32.40675951164146,-3.1801727514394473,3.2267828697766423,1.9056205379169557,0.4825519674722749,-0.12267189952551678,1.9780863523462533,0.2951220355876668,-0.008795838339039155,DEPTH_PROPOSAL_CERTIFIED,0.6791060512358773,0,32,0,0,64,FULL_MOTION_CERTIFICATE,0,0,0,70,0,0,0,0,0,,20.966666666,1.97807563701,0.295192632209,-0.00883652473639,0.991101394633,0.132189273708,-0.0156211866992,0.989037818503,0.147596316104,-0.0044182623682,1.96065915731,0.326679756239,-0.05961942711,1.9589051303854694,0.33171647423343664,-0.0619454150184785
20.916666666666668,-32.374929662309455,-3.1723271099913632,3.224817949825479,1.9097909599200722,0.47073848688497727,-0.11789519706979426,1.978096414688045,0.2950557440817436,-0.008756830629220651,DEPTH_PROPOSAL_CERTIFIED,0.6788959591533255,0,32,0,0,64,FULL_MOTION_CERTIFICATE,0,0,0,70,0,0,0,0,0,,20.983333333,1.97808635235,0.295122035588,-0.00879583833904,0.991101394633,0.132189273708,-0.0156211866992,0.989043176173,0.147561017794,-0.00439791916952,1.96229125068,0.321959967597,-0.0574696502707,1.9606701083580853,0.32661402371997067,-0.059619427109989354
20.933333333333334,-32.34303351195018,-3.1646693981169776,3.222929324756638,1.9137690215564667,0.4594627124631739,-0.1133175041304657,1.978105853139682,0.2949935681315523,-0.008719434359257648,DEPTH_PROPOSAL_CERTIFIED,0.6803794026153183,0,32,0,0,64,FULL_MOTION_CERTIFICATE,0,0,0,70,0,0,0,0,0,,21,1.97809641469,0.295055744082,-0.00875683062922,0.991101394633,0.132189273708,-0.0156211866992,0.989048207344,0.147527872041,-0.00437841531461,1.9637997006,0.317597738709,-0.0554827353163,1.9623013735204824,0.32189826451716386,-0.05746965027065372
20.95,-32.31107417973029,-3.1571908817238694,3.2211137233857947,1.9175599331935091,0.44871098358650263,-0.10893608225060818,1.9781146961289233,0.29493532231289016,-0.008683582841734146,DEPTH_PROPOSAL_CERTIFIED,0.6817604083011417,0,32,0,0,64,FULL_MOTION_CERTIFICATE,0,0,0,71,0,0,0,0,0,,21.016666666,1.97810585314,0.294993568132,-0.00871943435926,0.991101394633,0.132189273708,-0.0156211866992,0.98905292657,0.147496784066,-0.00435971717963,1.96519387393,0.313565981954,-0.0536463443354,1.963809055165431,0.31753989129110544,-0.05548273531634318
20.966666666666665,-32.27905469273501,-3.14988307134593,3.2193679322900968,1.9211692197169306,0.43846862267639053,-0.10474746574188064,1.9781229713398065,0.2948808257921553,-0.008649210247840792,DEPTH_PROPOSAL_CERTIFIED,0.6830445126551343,0,32,0,0,64,FULL_MOTION_CERTIFICATE,0,0,0,71,0,0,0,0,0,,21.016666666,1.97810585314,0.294993568132,-0.00871943435926,0.991101394633,0.132189273708,-0.0156211866992,0.98905292657,0.147496784066,-0.00435971717963,1.96519387393,0.313565981954,-0.0536463443354,1.9652025153026733,0.3135118195730154,-0.053646344335401615
20.983333333333334,-32.24697797675184,-3.1427377747434835,3.2176888058307194,1.9246029589895948,0.4287177961467236,-0.10074758756264043,1.9781307056623043,0.2948299026894685,-0.00861625185748472,DEPTH_PROPOSAL_CERTIFIED,0.6842370839818985,0,32,0,0,64,FULL_MOTION_CERTIFICATE,0,0,0,71,0,0,0,0,0,,21.05,1.97812297134,0.294880825792,-0.00864921024784,0.99112892925,0.131982666017,-0.0156211866992,0.98906148567,0.147440412896,-0.00432460512392,1.96768139239,0.306335400387,-0.050380384322,1.966494578116092,0.3097577124848077,-0.05194907377591821
21.0,-32.21484685951257,-3.1357470610756235,3.2160732743249287,1.9278670343564341,0.4194428200716092,-0.09693189034744043,1.9781379250331965,0.2947823831713393,-0.008584644266702591,DEPTH_PROPOSAL_CERTIFIED,0.6853433556925261,0,32,0,0,65,FULL_MOTION_CERTIFICATE,0,0,0,71,0,0,0,0,0,,21.066666666,1.97813070566,0.294829902689,-0.00861625185748,0.99112892925,0.131982666017,-0.0156211866992,0.989065352831,0.147414951345,-0.00430812592874,1.96878567008,0.303125546852,-0.0489305350676,1.967688753831878,0.30628811195520667,-0.050380384321997596
21.016666666666666,-32.18266406875866,-3.1289032683211073,3.2145183505909563,1.930967445234511,0.4106275652709945,-0.09329542403836108,1.9781446545471641,0.29473810272975814,-0.008554325557546948,DEPTH_PROPOSAL_CERTIFIED,0.6863684180248231,0,32,0,0,65,FULL_MOTION_CERTIFICATE,0,0,0,71,0,0,0,0,0,,21.083333333,1.97813792503,0.294782383171,-0.0085846442667,0.99112892925,0.131982666017,-0.0156211866992,0.989068962517,0.147391191586,-0.00429232213335,1.96980629044,0.300158863852,-0.0475905227931,1.9687924579470493,0.30308145670348813,-0.04893053506759024
21.033333333333335,-32.15043223116234,-3.1221990080746203,3.213021135065626,1.9339102557789694,0.402255614789156,-0.0898329315197814,1.9781509184358772,0.2946969023455752,-0.008525235434774832,DEPTH_PROPOSAL_CERTIFIED,0.6873172116271449,0,32,0,0,65,FULL_MOTION_CERTIFICATE,0,0,0,71,0,0,0,0,0,,21.1,1.97814465455,0.29473810273,-0.00855432555755,0.99112892925,0.131982666017,-0.0156211866992,0.989072327274,0.147369051365,-0.00427716277877,1.97074959107,0.297416929569,-0.0463520266021,1.9698125444213552,0.3001178189107438,-0.0475905227931165
21.05,-32.11815387198517,-3.1156271680720833,3.2115788196727686,1.9367015506302054,0.3943104001522423,-0.08653892357147032,1.9781567400551245,0.2946586285969017,-0.008497315333445693,DEPTH_PROPOSAL_CERTIFIED,0.6881945227868054,0,32,0,0,65,FULL_MOTION_CERTIFICATE,0,0,0,71,0,0,0,0,0,,21.116666666,1.97815091844,0.294696902346,-0.00852523543477,0.99112892925,0.131982666017,-0.0156211866992,0.989075459218,0.147348451173,-0.00426261771739,1.97162142947,0.294882717736,-0.0452073559506,1.9707553478152864,0.29737878158188885,-0.046352026602072605
21.066666666666666,-32.08583141536834,-3.10918091276238,3.2101886906026644,1.9393473970102073,0.3867753185822204,-0.08340774420625335,1.9781621418788746,0.29462313371986953,-0.008470508501028994,DEPTH_PROPOSAL_CERTIFIED,0.689004980103707,0,32,0,0,65,FULL_MOTION_CERTIFICATE,0,0,0,71,0,0,0,0,0,,21.116666666,1.97815091844,0.294696902346,-0.00852523543477,0.99112892925,0.131982666017,-0.0156211866992,0.989075459218,0.147348451173,-0.00426261771739,1.97162142947,0.294882717736,-0.0452073559506,1.9716267228462312,0.294847323427948,-0.04520735595060394
21.083333333333332,-32.05346718516076,-3.10285368220761,3.208848130145566,1.9418538124547753,0.37963383328624234,-0.08043362742591505,1.9781671454992857,0.29459027562834467,-0.0084447600572646,DEPTH_PROPOSAL_CERTIFIED,0.6897530524291271,0,32,0,0,66,FULL_MOTION_CERTIFICATE,0,0,0,71,0,0,0,0,0,,21.15,1.97816214188,0.29462313372,-0.00847050850103,0.991147388622,0.131843970485,-0.0156211866992,0.989081070939,0.14731156686,-0.00423525425051,1.97317476183,0.290354692173,-0.0431715974357,1.9724320808785065,0.2925077126753043,-0.04414940270578549
21.1,-32.021063402671246,-3.096639216094194,3.2075546177061316,1.9442269493706572,0.3728679668049189,-0.07761074636604698,1.9781717716317746,0.2945599178984527,-0.008420017034672328,DEPTH_PROPOSAL_CERTIFIED,0.6904430219984721,0,32,0,0,66,FULL_MOTION_CERTIFICATE,0,0,0,71,0,0,0,0,0,,21.166666666,1.9781671455,0.294590275628,-0.00844476005726,0.991147388622,0.131843970485,-0.0156211866992,0.98908357275,0.147295137814,-0.00422238002863,1.97386567206,0.28833448383,-0.0422678683781,1.9731792197444118,0.29032439573278723,-0.04317159743566231
21.116666666666667,-31.988622192398836,-3.0905315194560026,3.206305730112642,1.9464726163447121,0.3664617982914919,-0.07493325560938235,1.9781760400431885,0.29453193026846436,-0.008396228402244531,DEPTH_PROPOSAL_CERTIFIED,0.692723925821628,0,32,0,0,66,FULL_MOTION_CERTIFICATE,0,0,0,71,0,0,0,0,0,,21.183333333,1.97817177163,0.294559917898,-0.00842001703467,0.991147388622,0.131843970485,-0.0156211866992,0.989085885816,0.147279958949,-0.00421000851734,1.97450424065,0.286467321454,-0.0414326035902,1.973869753428185,0.28830654242767756,-0.042267868378071914
21.133333333333333,-31.956145583952154,-3.084524858405543,3.205099141322207,1.9485965068010933,0.36039966302759424,-0.07239532742610898,1.9781799696582048,0.29450618794063366,-0.008373345074743953,DEPTH_PROPOSAL_CERTIFIED,0.6979843487080573,0,32,0,0,66,FULL_MOTION_CERTIFICATE,0,0,0,71,0,0,0,0,0,,21.2,1.97817604004,0.294531930268,-0.00839622840224,0.991147388622,0.131843970485,-0.0156211866992,0.989088020022,0.147265965134,-0.00419811420112,1.97509443283,0.284741610777,-0.040660616439,1.9745079703689439,0.28644161280803865,-0.041432603590171785
21.15,-31.923635514233737,-3.078613754988157,3.203932621611301,1.9506041831050531,0.3546662050431894,-0.06999118265435723,1.9781835785739172,0.29448257149831336,-0.008351319909540066,DEPTH_PROPOSAL_CERTIFIED,0.7031730755633137,0,32,0,0,66,FULL_MOTION_CERTIFICATE,0,0,0,71,0,0,0,0,0,,21.216666666,1.97817996966,0.294506187941,-0.00837334507474,0.991147388622,0.131843970485,-0.0156211866992,0.989089984829,0.14725309397,-0.00418667253737,1.97563991344,0.283146635856,-0.0399471132069,1.9750978340133654,0.28471801763344645,-0.040660616438984186
21.166666666666668,-31.891093829837963,-3.0727929813171184,3.2028040363315156,1.9525010637460753,0.34924642026227826,-0.06771511678712272,1.9781868840770356,0.29446096680445605,-0.00833010769284031,DEPTH_PROPOSAL_CERTIFIED,0.7082939975722937,0,32,0,0,66,FULL_MOTION_CERTIFICATE,0,0,0,71,0,0,0,0,0,,21.216666666,1.97817996966,0.294506187941,-0.00837334507474,0.991147388622,0.131843970485,-0.0156211866992,0.989089984829,0.14725309397,-0.00418667253737,1.97563991344,0.283146635856,-0.0399471132069,1.9756430075665414,0.2831250459351737,-0.03994711320686643
21.183333333333334,-31.858522289617603,-3.0670575531284903,3.2017113443011986,1.9542924132217108,0.3441256913177038,-0.06556152181902111,1.9781899026632117,0.2944412648847932,-0.008309665116939634,DEPTH_PROPOSAL_CERTIFIED,0.7133508327464106,0,32,0,0,67,FULL_MOTION_CERTIFICATE,0,0,0,71,0,0,0,0,0,,21.25,1.97818688408,0.294460966804,-0.00833010769284,0.99115912484,0.131755712486,-0.0156211866992,0.989093442039,0.147230483402,-0.00416505384642,1.97661181071,0.280296653815,-0.0386781715437,1.9761468768244643,0.2816527981938921,-0.03928766320817998
21.2,-31.82592256513479,-3.0614027397609997,3.2006525958949665,1.9559834689689293,0.3392888020494566,-0.06352490437392315,1.9781926500580729,0.29442336179859,-0.008289950749925643,DEPTH_PROPOSAL_CERTIFIED,0.7183471137297237,0,32,0,0,68,FULL_MOTION_CERTIFICATE,0,0,0,72,0,0,0,0,0,,21.266666666,1.97818990266,0.294441264885,-0.00830966511694,0.99115912484,0.131755712486,-0.0156211866992,0.989094951332,0.147220632442,-0.00415483255847,1.97704411668,0.27902504562,-0.0381148535249,1.9766143490849957,0.280278752976837,-0.03867817154372652
21.216666666666665,-31.793296246037443,-3.055824037456087,3.1996259308862713,1.9575791458407898,0.33472213829477804,-0.061599900521727494,1.9781951411878325,0.2944071588472514,-0.008270924999078305,DEPTH_PROPOSAL_CERTIFIED,0.7233838976312787,0,32,0,0,68,FULL_MOTION_CERTIFICATE,0,0,0,72,0,0,0,0,0,,21.283333333,1.97819265006,0.294423361799,-0.00828995074993,0.99115912484,0.131755712486,-0.0156211866992,0.989096325029,0.147211680899,-0.00414497537496,1.97744367221,0.277849771305,-0.0375942110807,1.97704640367749,0.27900884048769575,-0.038114853524939055
21.233333333333334,-31.760644842876832,-3.0503171621327803,3.1986295760915167,1.959084189636353,0.33041251939834104,-0.05978128768528497,1.9781973902622116,0.29439256202752795,-0.0082525500691603,DEPTH_PROPOSAL_CERTIFIED,0.7285281787032889,0,32,0,0,68,FULL_MOTION_CERTIFICATE,0,0,0,72,0,0,0,0,0,,21.3,1.97819514119,0.294407158847,-0.00827092499908,0.99115912484,0.131755712486,-0.0156211866992,0.989097570594,0.147203579424,-0.00413546249954,1.97781295839,0.276763532925,-0.0371130112466,1.9774457239422178,0.27783516886181875,-0.03759421108068992
21.25,-31.727969789968473,-3.0448780419544836,3.1976618428579218,1.9605031745017134,0.3263472106978057,-0.058063994015690935,1.9781994107976586,0.2943794818849086,-0.008234789916511479,DEPTH_PROPOSAL_CERTIFIED,0.7336126275122918,0,32,0,0,68,FULL_MOTION_CERTIFICATE,0,0,0,72,0,0,0,0,0,,21.316666666,1.97819739026,0.294392562028,-0.00825255006916,0.99115912484,0.131755712486,-0.0156211866992,0.989098695131,0.147196281014,-0.00412627503458,1.97815426833,0.275759585393,-0.0366682659729,1.977814789859112,0.27675044455127146,-0.03711301124664245
21.266666666666666,-31.695272448273453,-3.0395028097609873,3.196721124432462,1.961840501701275,0.3225139316097894,-0.05644310552760014,1.9782012156411517,0.2943678333624001,-0.008217610199836047,DEPTH_PROPOSAL_CERTIFIED,0.7386406604902533,0,32,0,0,68,FULL_MOTION_CERTIFICATE,0,0,0,72,0,0,0,0,0,,21.333333333,1.9781994108,0.294379481885,-0.00823478991651,0.99115912484,0.131755712486,-0.0156211866992,0.989099705399,0.147189740942,-0.00411739495826,1.97846972146,0.274831694433,-0.0362572134969,1.9781558935359274,0.27574792673598764,-0.036668265972891176
21.283333333333335,-31.662554108280705,-3.03418779542903,3.195805893244414,1.9631003995645084,0.31890085991739814,-0.05491387128284974,1.9782028169943486,0.2943575356462277,-0.008200978228445613,DEPTH_PROPOSAL_CERTIFIED,0.7436155220974465,0,32,0,0,68,FULL_MOTION_CERTIFICATE,0,0,0,72,0,0,0,0,0,,21.35,1.97820121564,0.294367833362,-0.00821761019984,0.991165994424,0.131704024329,-0.0156211866992,0.989100607821,0.147183916681,-0.00410880509992,1.97876231748,0.273966266706,-0.0358773013606,1.9784711534959531,0.2748213852702317,-0.036257213496898075
21.3,-31.629815991559493,-3.028929528103537,3.1949146981295007,1.9642870032728716,0.3154960395295995,-0.053471706894801976,1.9782042264379047,0.29434851200979106,-0.008184862908624283,DEPTH_PROPOSAL_CERTIFIED,0.748540281786847,0,32,0,0,68,FULL_MOTION_CERTIFICATE,0,0,0,72,0,0,0,0,0,,21.366666666,1.97820281699,0.294357535646,-0.00820097822845,0.991165994424,0.131704024329,-0.0156211866992,0.989101408497,0.147178767823,-0.00410048911422,1.97903274712,0.273166401734,-0.0355261704684,1.9787635685149043,0.273957230798453,-0.03587730136061817
21.316666666666666,-31.597059255109393,-3.023724717182877,3.194046161520176,1.9654041870060137,0.31228865523960353,-0.05211219655947063,1.978205454925424,0.294340689861081,-0.008169234688676575,DEPTH_PROPOSAL_CERTIFIED,0.7534178514220133,0,32,0,0,68,FULL_MOTION_CERTIFICATE,0,0,0,72,0,0,0,0,0,,21.383333333,1.97820422644,0.29434851201,-0.00818486290862,0.991165994424,0.131704024329,-0.0156211866992,0.989102113219,0.147174256005,-0.00409243145431,1.97928268968,0.272427132547,-0.0352016403809,1.9790338285503477,0.27315856690165063,-0.03552617046842719
21.333333333333332,-31.564284994132578,-3.018570244930096,3.1931989766231985,1.9664556586090498,0.3092683351668811,-0.05083109381866735,1.9782065128425694,0.2943340003516597,-0.008154065503203911,DEPTH_PROPOSAL_CERTIFIED,0.7582509915555276,0,32,0,0,68,FULL_MOTION_CERTIFICATE,0,0,0,72,0,0,0,0,0,,21.4,1.97820545493,0.294340689861,-0.00816923468868,0.991165994424,0.131704024329,-0.0156211866992,0.989102727463,0.147170344931,-0.00408461734434,1.9795136972,0.271743868602,-0.0349016959065,1.9792836121660915,0.27242043027966517,-0.03520164038086635
21.35,-31.53149424475664,-3.0134631591687864,3.192371904602372,1.9674449625560466,0.3064251456785401,-0.04962432124956291,1.9782074100304674,0.29432837822504904,-0.00813932871700097,DEPTH_PROPOSAL_CERTIFIED,0.7630423176589904,0,32,0,0,68,FULL_MOTION_CERTIFICATE,0,0,0,72,0,0,0,0,0,,21.416666666,1.97820651284,0.294334000352,-0.0081540655032,0.991165994424,0.131704024329,-0.0156211866992,0.989103256421,0.147167000176,-0.0040770327516,1.97972720413,0.271112367117,-0.0346244745154,1.9795144707094057,0.2717382339207858,-0.03490169590649123
21.366666666666667,-31.49868798669959,-3.008400666093397,3.191563771781968,1.9683754834230442,0.30374958452338374,-0.048487969224250964,1.978208155808813,0.2943237616666823,-0.008124999068956286,DEPTH_PROPOSAL_CERTIFIED,0.7677943062761468,0,32,0,0,68,FULL_MOTION_CERTIFICATE,0,0,0,72,0,0,0,0,0,,21.433333333,1.97820741003,0.294328378225,-0.008139328717,0.991165994424,0.131704024329,-0.0156211866992,0.989103705015,0.147164189113,-0.0040696643585,1.97992453631,0.270528706616,-0.0343682547287,1.9797278380004153,0.27110773843047364,-0.0346244745154444
21.383333333333333,-31.465867145870007,-3.003380123218689,3.1907734668839067,1.9692504497751213,0.3012325724824821,-0.04741829388368036,1.9782087589985822,0.29432009215604954,-0.008111052616277741,DEPTH_PROPOSAL_CERTIFIED,0.772509301074805,0,32,0,0,68,FULL_MOTION_CERTIFICATE,0,0,0,72,0,0,0,0,0,,21.45,1.97820815581,0.294323761667,-0.00812499906896,0.99116940028,0.131678390311,-0.0156211866992,0.989104077904,0.147161880833,-0.00406249953448,1.98010743512,0.269985378878,-0.0341314455323,1.9799250392704624,0.27052502558348035,-0.03436825472871816
21.4,-31.43303259624551,-2.9983990373922316,3.1899999383095214,1.9700729774698018,0.29886514958746524,-0.046411714463120056,1.9782092279442838,0.29431731432156333,-0.008097466679314264,DEPTH_PROPOSAL_CERTIFIED,0.7771895140617644,0,32,0,0,68,FULL_MOTION_CERTIFICATE,0,0,0,72,0,0,0,0,0,,21.466666666,1.978208759,0.294320092156,-0.00811105261628,0.99116940028,0.131678390311,-0.0156211866992,0.989104379499,0.147160046078,-0.00405552630814,1.98027647795,0.269483212364,-0.03391257644,1.980107815344904,0.2699825902682578,-0.03413144553228364
21.416666666666668,-31.40018516307856,-2.993455052431386,3.1892421914750644,1.970845990016705,0.29663909765068824,-0.045464810067427405,1.9782095705205962,0.29431537589998724,-0.008084219787192322,DEPTH_PROPOSAL_CERTIFIED,0.7818370368071172,0,32,0,0,68,FULL_MOTION_CERTIFICATE,0,0,0,72,0,0,0,0,0,,21.483333333,1.97820922794,0.294317314322,-0.00809746667931,0.99116940028,0.131678390311,-0.0156211866992,0.989104613972,0.147158657161,-0.00404873333966,1.98043271452,0.269019088738,-0.0337102883267,1.9802767430889219,0.26948126402201356,-0.03391257643997904
21.433333333333334,-31.367325625262982,-2.988545942680535,3.1884992862084616,1.9715722689348496,0.2945465850510688,-0.04457431599616138,1.9782097941708812,0.29431422748129477,-0.008071291624479088,DEPTH_PROPOSAL_CERTIFIED,0.7864538460075499,0,32,0,0,68,FULL_MOTION_CERTIFICATE,0,0,0,72,0,0,0,0,0,,21.5,1.97820957052,0.2943153759,-0.00808421978719,0.99116940028,0.131678390311,-0.0156211866992,0.98910478526,0.14715768795,-0.0040421098936,1.98057711498,0.268590125993,-0.0335233250708,1.9804328717362143,0.26901793133570995,-0.033710288326715174
21.45,-31.334454717621565,-2.9836696067581583,3.187770334213229,1.9722544584850783,0.2925801553426226,-0.04373711971393884,1.9782099059274787,0.2943138223756851,-0.008058662979008273,DEPTH_PROPOSAL_CERTIFIED,0.7910418088971856,0,32,0,0,68,FULL_MOTION_CERTIFICATE,0,0,0,73,0,0,0,0,0,,21.516666666,1.97820979417,0.294314227481,-0.00807129162448,0.99116940028,0.131678390311,-0.0156211866992,0.989104897085,0.147157113741,-0.00403564581224,1.980710576,0.26819366045,-0.0333505257086,1.9805771709978697,0.26858971289957756,-0.03352332507082325
21.466666666666665,-31.301573133113187,-2.9788240615021158,3.1870544966043672,1.9728950705028316,0.29073271536257334,-0.0429502565317166,1.978209912431387,0.29431411648442046,-0.0080463156910012,DEPTH_PROPOSAL_CERTIFIED,0.7956026884972156,0,32,0,0,68,FULL_MOTION_CERTIFICATE,0,0,0,73,0,0,0,0,0,,21.533333333,1.97820990593,0.294313822376,-0.00805866297901,0.99116940028,0.131678390311,-0.0156211866992,0.989104952964,0.147156911188,-0.0040293314895,1.98083392635,0.267827230153,-0.0331908171971,1.9807105371194238,0.2681939476059712,-0.03335052570860468
21.483333333333334,-31.26868152495838,-2.9740074361190705,3.186350981519918,1.9734964892881026,0.2889975229826708,-0.042210905066969326,1.9782098199513145,0.29431506817466957,-0.008034232603585777,DEPTH_PROPOSAL_CERTIFIED,0.8001381486977854,0,32,0,0,68,FULL_MOTION_CERTIFICATE,0,0,0,73,0,0,0,0,0,,21.55,1.97820991243,0.294314116484,-0.008046315691,0.986572803865,0.16257331023,-0.0156211866992,0.989104956216,0.147157058242,-0.0040231578455,1.98071022228,0.269109048677,-0.0330353438072,1.9808337984684072,0.2678281759478635,-0.0331908171970541
21.5,-31.235780808823325,-2.969215920470038,3.1856590517400893,1.9740429681034852,0.28749093894195127,-0.0415157867897113,1.9782096344020772,0.2943166381584882,-0.00802239751479267,DEPTH_PROPOSAL_CERTIFIED,0.8046517293509212,0,32,0,0,68,FULL_MOTION_CERTIFICATE,0,0,0,73,0,0,0,0,0,,21.566666666,1.97820981995,0.294315068175,-0.00803423260359,0.986572803865,0.16257331023,-0.0156211866992,0.989104909976,0.147157534087,-0.00401711630179,1.98033664962,0.272038660719,-0.0328907922999,1.980710009651153,0.26911061364517175,-0.03303534380716289
21.516666666666666,-31.20287214648566,-2.964443912616557,3.1849780121048186,1.9745197402600676,0.2863204712088874,-0.040862378116239655,1.9782093676828238,0.29431874688843385,-0.008010795337682978,DEPTH_PROPOSAL_CERTIFIED,0.8091487030110698,0,32,0,0,68,FULL_MOTION_CERTIFICATE,0,0,0,73,0,0,0,0,0,,21.583333333,1.9782096344,0.294316638158,-0.00802239751479,0.986572803865,0.16257331023,-0.0156211866992,0.989104817201,0.147158319079,-0.0040111987574,1.97979187371,0.276061991083,-0.0327659120776,1.980336360570372,0.272040764865507,-0.03289079229988504
21.533333333333335,-31.169956827858563,-2.9596848542001495,3.1843071952802027,1.9749191176255803,0.2855435049844036,-0.040249009476946436,1.9782090372352386,0.29432127753704623,-0.007999411840336186,DEPTH_PROPOSAL_CERTIFIED,0.8176502631243494,0,32,0,0,68,FULL_MOTION_CERTIFICATE,0,0,0,73,0,0,0,0,0,,21.6,1.97820936768,0.294318746888,-0.00801079533768,0.986572803865,0.16257331023,-0.0156211866992,0.989104683841,0.147159373444,-0.00400539766884,1.9792883687,0.279780523686,-0.0326504924783,1.9797915214848352,0.27606451704570356,-0.032765912077570396
21.55,-31.13703599300197,-2.9549330687264197,3.183645972542706,1.9752500913958,0.2851071284237937,-0.03967336424977989,1.9782086634741443,0.29432409327775294,-0.00798823335092873,DEPTH_PROPOSAL_CERTIFIED,0.8265057293853315,0,32,0,0,68,FULL_MOTION_CERTIFICATE,0,0,0,73,0,0,0,0,0,,21.616666666,1.97820903724,0.294321277537,-0.00799941184034,0.986572803865,0.16257331023,-0.0156211866992,0.989104518618,0.147160638769,-0.00399970592017,1.97882300804,0.283217349062,-0.0325438167947,1.9792879713924822,0.2797833343843525,-0.03265049247834759
21.566666666666666,-31.104110647424914,-2.9501836655793077,3.182993751759067,1.9755207346234165,0.2849641888267306,-0.03913324701833691,1.9782082641030185,0.2943270754876094,-0.007977246983284685,DEPTH_PROPOSAL_CERTIFIED,0.8353345600039204,0,32,0,0,68,FULL_MOTION_CERTIFICATE,0,0,0,73,0,0,0,0,0,,21.633333333,1.97820866347,0.294324093278,-0.00798823335093,0.986572803865,0.16257331023,-0.0156211866992,0.989104331737,0.147162046639,-0.00399411667546,1.97839290195,0.28639380908,-0.0324452225961,1.978822582000339,0.28322032574256056,-0.03254381679473223
21.583333333333332,-31.07118167592966,-2.9454324535174363,3.182349975450709,1.9757382897152438,0.28507272371228815,-0.03862657850149785,1.9782078544070432,0.2943301217791174,-0.007966440596110265,DEPTH_PROPOSAL_CERTIFIED,0.8441405232719712,0,32,0,0,68,FULL_MOTION_CERTIFICATE,0,0,0,73,0,0,0,0,0,,21.65,1.9782082641,0.294327075488,-0.00797724698328,0.986572803865,0.16257331023,-0.0156211866992,0.989104132052,0.147163537744,-0.00398862349164,1.97799537965,0.289329628183,-0.032354097655,1.9783924618355362,0.2863968493160904,-0.03244522259606094
21.6,-31.03824985513038,-2.94067586276824,3.1817141189413993,1.9759092479564322,0.2853954449517409,-0.03815139055858235,1.9782074475173044,0.29433314422540585,-0.007955802753908024,DEPTH_PROPOSAL_CERTIFIED,0.8529267732928587,0,32,0,0,68,FULL_MOTION_CERTIFICATE,0,0,0,73,0,0,0,0,0,,21.666666666,1.97820785441,0.294330121779,-0.00796644059611,0.986572803865,0.16257331023,-0.0156211866992,0.989103927204,0.14716506089,-0.00398322029806,1.9776279727,0.29204303658,-0.0322698761238,1.9779949384989304,0.28933264407306386,-0.03235409765501414
21.616666666666667,-31.005315864767923,-2.93591087491276,3.181085688586679,1.9760394217476458,0.28589927132883985,-0.03770582128321882,1.9782070546488424,0.2943360677608341,-0.007945322689548468,DEPTH_PROPOSAL_CERTIFIED,0.8616959228410774,0,32,0,0,68,FULL_MOTION_CERTIFICATE,0,0,0,73,0,0,0,0,0,,21.683333333,1.97820744752,0.294333144225,-0.00795580275391,0.986572803865,0.16257331023,-0.0156211866992,0.989103723759,0.147166572113,-0.00397790137695,1.97728839959,0.294550883894,-0.0321920350067,1.9776275420004505,0.2920459531294475,-0.03226987612378345
21.633333333333333,-30.972380297931178,-2.9311349598271934,3.180464220083318,1.976134010204778,0.28655490513401205,-0.03728811020166133,1.9782066853150182,0.2943388287406332,-0.007934990268472044,DEPTH_PROPOSAL_CERTIFIED,0.8704501086018257,0,32,0,0,68,FULL_MOTION_CERTIFICATE,0,0,0,73,0,0,0,0,0,,21.7,1.97820705465,0.294336067761,-0.00794532268955,0.986572803865,0.16257331023,-0.0156211866992,0.989103527324,0.14716803388,-0.00397266134477,1.97697455171,0.296868742771,-0.032120090944,1.9772879893817916,0.29455363755711367,-0.03219203500665971
21.65,-30.939443670285737,-2.926346019015603,3.1798492768567974,1.9761976587266046,0.28733644869543756,-0.03689659359123106,1.9782063475204108,0.29434137364467716,-0.00792479595448886,DEPTH_PROPOSAL_CERTIFIED,0.8791910495322077,0,32,0,0,68,FULL_MOTION_CERTIFICATE,0,0,0,73,0,0,0,0,0,,21.716666666,1.97820668532,0.294338828741,-0.00793499026847,0.986572803865,0.16257331023,-0.0156211866992,0.989103342658,0.14716941437,-0.00396749513424,1.97668448021,0.299011006147,-0.0320535971932,1.9769741706928896,0.2968712801448291,-0.032120090943981466
21.666666666666668,-30.906506428401528,-2.921542334726613,3.1792404485247188,1.97623451305222,0.28822105733934433,-0.03652969992471202,1.978206047934287,0.2943436579118623,-0.00791473077713813,DEPTH_PROPOSAL_CERTIFIED,0.8879200990185989,0,32,0,0,68,FULL_MOTION_CERTIFICATE,0,0,0,73,0,0,0,0,0,,21.733333333,1.97820634752,0.294341373645,-0.00792479595449,0.986572803865,0.16257331023,-0.0156211866992,0.98910317376,0.147170686822,-0.00396239797724,1.97641638381,0.300990976967,-0.0319921408439,1.9766841358247307,0.29901328279500533,-0.03205359719318051
21.683333333333334,-30.87356895726315,-2.9167225243024877,3.178637349433904,1.9762482683028428,0.2891886254475556,-0.03618594544888949,1.978205792046473,0.29434564489274884,-0.00790478630056699,DEPTH_PROPOSAL_CERTIFIED,0.8966382914415867,0,32,0,0,68,FULL_MOTION_CERTIFICATE,0,0,0,73,0,0,0,0,0,,21.75,1.97820604793,0.294343657912,-0.00791473077714,0.986572803865,0.16257331023,-0.0156211866992,0.989103023967,0.147171828956,-0.00395736538857,1.97616859774,0.302820949996,-0.0319353402787,1.9764160823604395,0.30099295636773354,-0.031992140843854384
21.7,-30.84063158703867,-2.911885499260754,3.1780396172688095,1.976242213469049,0.29022150250405354,-0.0358639299056904,1.9782055843073096,0.29434730490924654,-0.007894954593885608,DEPTH_PROPOSAL_CERTIFIED,0.9053463837013851,0,32,0,0,68,FULL_MOTION_CERTIFICATE,0,0,0,74,0,0,0,0,0,,21.766666666,1.97820579205,0.294345644893,-0.00790478630057,0.986572803865,0.16257331023,-0.0156211866992,0.989102896023,0.147172822446,-0.00395239315028,1.97593958335,0.3045122886,-0.0318828427898,1.9761683444967626,0.30282260259332955,-0.031935340278661226
21.716666666666665,-30.80769459917634,-2.9070304286527864,3.177446911728861,1.976219271739798,0.2913042364780599,-0.03556233239691271,1.9782054282531962,0.29434861441117116,-0.007885228202952236,DEPTH_PROPOSAL_CERTIFIED,0.9140448922059252,0,32,0,0,68,FULL_MOTION_CERTIFICATE,0,0,0,74,0,0,0,0,0,,21.783333333,1.97820558431,0.294347304909,-0.00789495459389,0.986572803865,0.16257331023,-0.0156211866992,0.989102792154,0.147173652455,-0.00394747729694,1.97572791853,0.30607549559,-0.0318343223804,1.9759393826429354,0.3045135909609385,-0.03188284278982467
21.733333333333334,-30.774758231892182,-2.902156706285769,3.1768589132722664,1.97618203704925,0.2924233420209967,-0.03527990739566212,1.978205326619117,0.29434955522039824,-0.007875600123541616,DEPTH_PROPOSAL_CERTIFIED,0.9282741356191497,0,32,0,0,68,FULL_MOTION_CERTIFICATE,0,0,0,74,0,0,0,0,0,,21.8,1.97820542825,0.294348614411,-0.00788522820295,0.986572803865,0.16257331023,-0.0156211866992,0.989102714127,0.147174307206,-0.00394261410148,1.97553228892,0.307520277806,-0.0317894777597,1.9757277738245647,0.30607642964482307,-0.03183432238040543
21.75,-30.74182268510565,-2.897263921433717,3.1762753219237982,1.9761328071919941,0.29356709112313445,-0.035015480908085615,1.9782052814393916,0.2943501138541863,-0.007866063775848722,DEPTH_PROPOSAL_CERTIFIED,0.9441291759123092,0,32,0,0,68,FULL_MOTION_CERTIFICATE,0,0,0,74,0,0,0,0,0,,21.816666666,1.97820532662,0.29434955522,-0.00787560012354,0.986572803865,0.16257331023,-0.0156211866992,0.98910266331,0.14717477761,-0.00393780006177,1.97535147974,0.308855606742,-0.0317480304612,1.9755322029334739,0.3075208301692161,-0.03178947775965207
21.766666666666666,-30.708888124875532,-2.8923518326965842,3.1756958561440762,1.976073613807228,0.29472532422799047,-0.03476794678332214,1.9782052941377875,0.29435028092004356,-0.00785661298027864,DEPTH_PROPOSAL_CERTIFIED,0.9599142576072699,0,32,0,0,68,FULL_MOTION_CERTIFICATE,0,0,0,74,0,0,0,0,0,,21.833333333,1.97820528144,0.294350113854,-0.00786606377585,0.986572803865,0.16257331023,-0.0156211866992,0.98910264072,0.147175056927,-0.00393303188792,1.97518436822,0.310089774472,-0.0317097231072,1.9753514545130795,0.30885576810723464,-0.031748030461207534
21.783333333333335,-30.675954687383573,-2.8874203446982825,3.1751202517578845,1.9760062495172803,0.2958892798980626,-0.03453626317149397,1.978205365608032,0.2943500505751841,-0.007847241934473845,DEPTH_PROPOSAL_CERTIFIED,0.9756293905122697,0,32,0,0,68,FULL_MOTION_CERTIFICATE,0,0,0,74,0,0,0,0,0,,21.85,1.97820529414,0.29435028092,-0.00785661298028,0.986572803865,0.16257331023,-0.0156211866992,0.989102647069,0.14717514046,-0.00392830649014,1.97502991667,0.311230444646,-0.0316743178255,1.9751844051799192,0.31008953907294007,-0.03170972310719082
21.8,-30.643022482508798,-2.8824694873440824,3.174548260939049,1.9759322924866962,0.29705144125202354,-0.03431944913013127,1.9782054962856563,0.2943494200442655,-0.007837945191530171,DEPTH_PROPOSAL_CERTIFIED,0.9912744623166998,0,32,0,0,68,FULL_MOTION_CERTIFICATE,0,0,0,74,0,0,0,0,0,,21.866666666,1.97820536561,0.294350050575,-0.00784724193447,0.986572803865,0.16257331023,-0.0156211866992,0.989102682804,0.147175025288,-0.00392362096724,1.974887166,0.312284700347,-0.0316415947641,1.975030016713569,0.3112298097703485,-0.03167431782550614
21.816666666666666,-30.610091597031644,-2.877499397382989,3.173979651249464,1.975853128629352,0.2982053976656331,-0.03411658137513254,1.9782056862120156,0.2943483891897026,-0.007828717639352473,DEPTH_PROPOSAL_CERTIFIED,1.0068492594239946,0,32,0,0,68,FULL_MOTION_CERTIFICATE,0,0,0,74,0,0,0,0,0,,21.883333333,1.97820549629,0.294349420044,-0.00783794519153,0.986572803865,0.16257331023,-0.0156211866992,0.989102748143,0.147174710022,-0.00391897259577,1.97475522976,0.313259088254,-0.0316113507207,1.9748873295697518,0.3122836659116702,-0.031641594764147934
21.833333333333332,-30.57716209750365,-2.8725103020446805,3.1734142047298963,1.9757699716798574,0.2993457202985231,-0.033926791174037345,1.9782059350912686,0.2943469601293623,-0.007819554481102137,DEPTH_PROPOSAL_CERTIFIED,1.0223534852211984,0,32,0,0,68,FULL_MOTION_CERTIFICATE,0,0,0,74,0,0,0,0,0,,21.9,1.97820568621,0.29434838919,-0.00782871763935,0.991167964111,0.131689200191,-0.0156211866992,0.989102843106,0.147174194595,-0.00391435881968,1.97486823688,0.312584907047,-0.0315819013429,1.9747554568960222,0.3132576564197818,-0.031611350720675786
21.85,-30.54423373616489,-2.8675044928662627,3.1728517189298127,1.9757016803252572,0.3003485507050124,-0.03374914800500897,1.9782062423410052,0.2943451368969304,-0.0078104512166894575,DEPTH_PROPOSAL_CERTIFIED,1.0377851350031175,0,32,0,0,68,FULL_MOTION_CERTIFICATE,0,0,0,74,0,0,0,0,0,,21.916666666,1.97820593509,0.294346960129,-0.0078195544811,0.991167964111,0.131689200191,-0.0156211866992,0.989102967546,0.147173480065,-0.00390977724055,1.9752256734,0.310262081726,-0.0315544644952,1.9748685257991365,0.3125830816641795,-0.03158190134286322
21.866666666666667,-30.511305975414206,-2.8624861693457366,3.172292004194767,1.9756656450412153,0.301099411231584,-0.03358288410274941,1.9782066009464256,0.29434296674601595,-0.0078014036648650755,DEPTH_PROPOSAL_CERTIFIED,1.0531406907201988,0,32,0,0,68,FULL_MOTION_CERTIFICATE,0,0,0,74,0,0,0,0,0,,21.933333333,1.97820624234,0.294345136897,-0.00781045121669,0.991167964111,0.131689200191,-0.0156211866992,0.989103121171,0.147172568448,-0.00390522560834,1.97576432907,0.306710287614,-0.0315308212298,1.9752260145759055,0.31025990965575884,-0.031554464495182614
21.883333333333333,-30.478378089585796,-2.85746076445598,3.171734880448197,1.975673149704782,0.30152429338541975,-0.033427424794192216,1.9782069979371077,0.29434053694941137,-0.00779240790689848,DEPTH_PROPOSAL_CERTIFIED,1.0684157300339723,0,32,0,0,68,FULL_MOTION_CERTIFICATE,0,0,0,74,0,0,0,0,0,,21.95,1.97820660095,0.294342966746,-0.00780140366487,0.991167964111,0.131689200191,-0.0156211866991,0.989103300473,0.147171483373,-0.00390070183243,1.9762621775,0.303427568819,-0.0315089691209,1.9757647066002944,0.30670785566221614,-0.031530821229794406
21.9,-30.445449459535496,-2.8524329596967335,3.1711801789941436,1.9757178030181755,0.301668285554811,-0.033282087243186056,1.9782074164791672,0.2943379607421205,-0.007783460219536501,DEPTH_PROPOSAL_CERTIFIED,1.0836065680594515,0,32,0,0,68,FULL_MOTION_CERTIFICATE,0,0,0,74,0,0,0,0,0,,21.966666666,1.97820699794,0.294340536949,-0.0077924079069,0.991167964111,0.131689200191,-0.0156211866991,0.989103498969,0.147170268475,-0.00389620395345,1.97672231012,0.300393541028,-0.0314887724761,1.9762625734415775,0.3034249900213846,-0.031508969120910814
21.916666666666668,-30.412519560663885,-2.8474067677816746,3.1706277418264124,1.975793932296396,0.30157151490349815,-0.033146230063858785,1.9782078420543134,0.2943353357932265,-0.0077745571131612075,DEPTH_PROPOSAL_CERTIFIED,1.0987101674123823,0,32,0,0,68,FULL_MOTION_CERTIFICATE,0,0,0,74,0,0,0,0,0,,21.983333333,1.97820741648,0.294337960742,-0.00778346021954,0.991167964111,0.131689200191,-0.0156211866991,0.98910370824,0.147168980371,-0.00389173010977,1.97714758422,0.297589363651,-0.0314701058789,1.9767227094906865,0.3003909129574814,-0.031488772476066344
21.933333333333334,-30.37958795214292,-2.842385607110066,3.1700774209770968,1.975896511258053,0.3012696402965335,-0.0330192509589371,1.9782082622062698,0.2943327459102774,-0.007765695317693162,DEPTH_PROPOSAL_CERTIFIED,1.1135842146172705,0,32,0,0,68,FULL_MOTION_CERTIFICATE,0,0,0,74,0,0,0,0,0,,22,1.97820784205,0.294335335793,-0.00777455711316,0.991167964111,0.131689200191,-0.0156211866991,0.989103921027,0.147167667897,-0.00388727855658,1.9775406406,0.294997623957,-0.0314528534179,1.9771479745902705,0.2975867700915651,-0.03147010587889253
21.95,-30.346654267232548,-2.8373723687918333,3.169529077902454,1.9760210946225145,0.30079429909396654,-0.03290058447855525,1.9782086663122351,0.2943302625750932,-0.007756871769291849,DEPTH_PROPOSAL_CERTIFIED,1.128309001261368,0,32,0,0,68,FULL_MOTION_CERTIFICATE,0,0,0,75,0,0,0,0,0,,22.016666666,1.97820826221,0.29433274591,-0.00776569531769,0.991167964111,0.131689200191,-0.0156211866991,0.989104131103,0.147166372955,-0.00388284765885,1.97790391995,0.292602228328,-0.0314369079625,1.9775410116689445,0.2949951364226488,-0.03145285341789653
21.966666666666665,-30.31371820458396,-2.83236947692773,3.1689825829042206,1.9761637589154226,0.30017351184621704,-0.03278969989400594,1.9782090453770718,0.29432794632670456,-0.007748083597813055,DEPTH_PROPOSAL_CERTIFIED,1.1429750382672832,0,32,0,0,68,FULL_MOTION_CERTIFICATE,0,0,0,75,0,0,0,0,0,,22.033333333,1.97820866631,0.294330262575,-0.00775687176929,0.991167964111,0.131689200191,-0.0156211866991,0.989104333156,0.147165131288,-0.00387843588465,1.97823967816,0.290388301924,-0.0314221704952,1.977904263288901,0.2925999074236729,-0.031436907962504305
21.983333333333334,-30.280779520435377,-2.8273789427823943,3.168437814584521,1.97632104891476,0.29943204872010676,-0.03268609918197701,1.9782093918480963,0.29432584800576567,-0.0077393281149848855,DEPTH_PROPOSAL_CERTIFIED,1.1575807744881212,0,32,0,0,68,FULL_MOTION_CERTIFICATE,0,0,0,75,0,0,0,0,0,,22.05,1.97820904538,0.294327946327,-0.00774808359781,0.991167964111,0.131689200191,-0.0156211866991,0.989104522689,0.147163973163,-0.00387404179891,1.97855000014,0.288342097221,-0.0314085495028,1.9782399869066758,0.2903861985815625,-0.03142217049522438
22.0,-30.247838021615248,-2.8224024134286188,3.1678946593325983,1.9764899292078804,0.29859176122654985,-0.03258931511536972,1.9782096994485423,0.2943240098734838,-0.007730602803265388,DEPTH_PROPOSAL_CERTIFIED,1.1721249893638177,0,32,0,0,69,FULL_MOTION_CERTIFICATE,0,0,0,75,0,0,0,0,0,,22.066666666,1.97820939185,0.294325848006,-0.00773932811498,0.991167964111,0.131689200191,-0.0156211866991,0.989104695924,0.147162924003,-0.00386966405749,1.97883681286,0.286450908142,-0.0313959604044,1.9785502687839494,0.28834025380515477,-0.031408549502760716
22.016666666666666,-30.214893559275126,-2.8174412153902173,3.167353010841674,1.9766677404074606,0.29767188230409075,-0.03249890945545092,1.9782099630279393,0.2943224666168964,-0.007721905305346156,DEPTH_PROPOSAL_CERTIFIED,1.1866067494469883,0,32,0,0,69,FULL_MOTION_CERTIFICATE,0,0,0,75,0,0,0,0,0,,22.083333333,1.97820969945,0.294324009873,-0.00773060280327,0.991167964111,0.131689200191,-0.0156211866991,0.989104849724,0.147162004937,-0.00386530140163,1.97910189736,0.284702990853,-0.031384325025,1.9788370370423412,0.2864493594500891,-0.031395960404441495
22.033333333333335,-30.181946023281846,-2.81249639376254,3.1668127696543236,1.9768521595965796,0.2966892976606053,-0.03241447124101945,1.9782101784278092,0.29432124625128914,-0.007713233414267973,DEPTH_PROPOSAL_CERTIFIED,1.2010253697631956,0,32,0,0,69,FULL_MOTION_CERTIFICATE,0,0,0,75,0,0,0,0,0,,22.1,1.97820996303,0.294322466617,-0.00772190530535,0.991167964111,0.131689200191,-0.0156211866991,0.989104981514,0.147161233308,-0.00386095265267,1.9793468997,0.283087491542,-0.0313735711136,1.9791020737038294,0.28470176501008476,-0.03138432502495564
22.05,-30.14899533720515,-2.8075687472445243,3.1662738427348107,1.9770411646018906,0.29565879108095333,-0.032335615170762694,1.9782103423612147,0.29432037092956176,-0.007704585064115878,DEPTH_PROPOSAL_CERTIFIED,1.2153803795122948,0,32,0,0,69,FULL_MOTION_CERTIFICATE,0,0,0,75,0,0,0,0,0,,22.116666666,1.97821017843,0.294321246251,-0.00771323341427,0.991167964111,0.131689200191,-0.0156211866991,0.989105089214,0.147160623126,-0.00385661670713,1.97957334125,0.281594378635,-0.0313636318932,1.979347025666686,0.2830866108091985,-0.03137357111363028
22.066666666666666,-30.116041453842588,-2.8026588594777113,3.165736143066911,1.9772330017537705,0.2945932660087927,-0.032261980073975335,1.9782104523048454,0.2943198576674306,-0.007695958321262455,DEPTH_PROPOSAL_CERTIFIED,1.2296714916648293,0,32,0,0,70,FULL_MOTION_CERTIFICATE,0,0,0,75,0,0,0,0,0,,22.133333333,1.97821034236,0.29432037093,-0.00770458506412,0.991167964111,0.131689200191,-0.0156211866991,0.989105171181,0.147160185465,-0.00385229253206,1.97978262815,0.280214380255,-0.0313544456434,1.9795734150067046,0.28159386012843235,-0.03136363189316949
22.083333333333332,-30.08308435122911,-2.797767127051067,3.165199589275818,1.9774261568086735,0.29350394559867515,-0.03219322746559648,1.9782105064024293,0.29431971899256837,-0.007687351376129585,DEPTH_PROPOSAL_CERTIFIED,1.244043299609646,0,32,0,0,70,FULL_MOTION_CERTIFICATE,0,0,0,75,0,0,0,0,0,,22.15,1.9782104523,0.294319857667,-0.00769595832126,0.991167964111,0.131689200191,-0.0156211866991,0.989105226152,0.147159928834,-0.00384797916063,1.97997605997,0.278938927209,-0.0313459553216,1.9797826484784904,0.2802142365952399,-0.03135444564337444
22.1,-30.050124029083598,-2.7928937844962634,3.164664105272785,1.9776193287305248,0.2924005532881765,-0.032129040181960986,1.97821050337838,0.2943199635250402,-0.007678762535440363,DEPTH_PROPOSAL_CERTIFIED,1.2585319387906337,0,32,0,0,70,FULL_MOTION_CERTIFICATE,0,0,0,75,0,0,0,0,0,,22.166666666,1.9782105064,0.294319718993,-0.00768735137613,0.991167964111,0.131689200191,-0.0156211866991,0.989105253201,0.147159859496,-0.00384367568806,1.98015483786,0.277760099467,-0.0313381082065,1.9799760261771102,0.2789391671000948,-0.03134595532160808
22.116666666666667,-30.01716050564903,-2.78803892656908,3.1641296199212365,1.9778114060742498,0.29129147563102376,-0.03206912109291242,1.978210442460682,0.29432059649569176,-0.007670190214933986,DEPTH_PROPOSAL_CERTIFIED,1.2729687723674306,0,32,0,0,70,FULL_MOTION_CERTIFICATE,0,0,0,75,0,0,0,0,0,,22.183333333,1.97821050338,0.294319963525,-0.00767876253544,0.991167964111,0.131689200191,-0.0156211866991,0.989105251689,0.147159981763,-0.00383938126772,1.98032007198,0.276670576787,-0.0313308555694,1.9801547496676954,0.27776072821375974,-0.03133810820651984
22.133333333333333,-29.984193814886925,-2.783202528084916,3.1635960667231267,1.9780014457265056,0.2901839090498407,-0.03201319188658485,1.9782103233121135,0.29432162020855773,-0.007661632932517951,DEPTH_PROPOSAL_CERTIFIED,1.2900356950966387,0,32,0,0,70,FULL_MOTION_CERTIFICATE,0,0,0,75,0,0,0,0,0,,22.2,1.97821044246,0.294320596496,-0.00767019021493,0.991167964111,0.131689200191,-0.0156211866991,0.98910522123,0.147160298248,-0.00383509510747,1.98047278837,0.275663593706,-0.0313241523745,1.9803199294840266,0.27667159675940634,-0.03133085556938843
22.15,-29.95122400399068,-2.778384461550628,3.163063383524401,1.9781886537748508,0.28908399205728963,-0.03196099192354623,1.9782101459689867,0.2943230344527911,-0.007653089301832956,DEPTH_PROPOSAL_CERTIFIED,1.3099534776746746,0,32,0,0,70,FULL_MOTION_CERTIFICATE,0,0,0,75,0,0,0,0,0,,22.216666666,1.97821032331,0.294321620209,-0.00766163293252,0.991167964111,0.131689200191,-0.0156211866991,0.989105161656,0.147160810104,-0.00383081646626,1.98061393532,0.274732897279,-0.0313179569977,1.9804725919646622,0.2756650047481656,-0.03132415237447494
22.166666666666668,-29.91825113118547,-2.77358451281303,3.16253151223846,1.9783723683123156,0.2879969242558495,-0.03191227715643967,1.9782099107866609,0.2943248368690881,-0.007644558026207318,DEPTH_PROPOSAL_CERTIFIED,1.32980754381989,0,32,0,0,70,FULL_MOTION_CERTIFICATE,0,0,0,75,0,0,0,0,0,,22.233333333,1.97821014597,0.294323034453,-0.00765308930183,0.991167964111,0.131689200191,-0.0156211866991,0.989105072984,0.147161517226,-0.00382654465092,1.98074438933,0.273872708103,-0.0313122309674,1.9806136856693866,0.27473469707828196,-0.0313179569977398
22.183333333333334,-29.88527526378559,-2.768802394923591,3.1620003985865965,1.9785520439930322,0.28692707336634166,-0.03186681911181278,1.9782096183911588,0.29432702327513577,-0.007636037892978617,DEPTH_PROPOSAL_CERTIFIED,1.3495983314508817,0,32,0,0,71,FULL_MOTION_CERTIFICATE,0,0,0,75,0,0,0,0,0,,22.25,1.97820991079,0.294324836869,-0.00764455802621,0.986572066055,0.162577787556,-0.0156211866992,0.989104955393,0.147162418435,-0.0038222790131,1.98062949749,0.274661028372,-0.0313066556364,1.9807440872977753,0.2738748925143454,-0.031312230967364685
22.2,-29.852296773787135,-2.7640357612285498,3.1614699922118485,1.9787093999075342,0.2859980217025045,-0.031824382484889197,1.9782092696362703,0.29432958795418424,-0.007627527768161709,DEPTH_PROPOSAL_CERTIFIED,1.3693278275782435,0,32,0,0,72,FULL_MOTION_CERTIFICATE,0,0,0,76,0,0,0,0,0,,22.266666666,1.97820961839,0.294327023275,-0.00763603789298,0.986572066055,0.162577787556,-0.0156211866992,0.989104809196,0.147163511638,-0.00381801894649,1.98026916196,0.277097843234,-0.0313014632314,1.9806291420644597,0.27466359140369057,-0.031306655636421474
22.216666666666665,-29.819316314903112,-2.759280361480996,3.1609402460886833,1.9788275330414182,0.2853239848532433,-0.03178476738992429,1.9782088718351447,0.2943324817725808,-0.007619026598988639,DEPTH_PROPOSAL_CERTIFIED,1.3889993956373201,0,32,0,0,72,FULL_MOTION_CERTIFICATE,0,0,0,76,0,0,0,0,0,,22.283333333,1.97820926964,0.294329587954,-0.00762752776816,0.986572066055,0.162577787556,-0.0156211866992,0.989104634818,0.147164793977,-0.00381376388408,1.97972938696,0.280738580571,-0.0312969867288,1.980268757274803,0.27710073529225626,-0.03130146323135247
22.233333333333334,-29.78633471787529,-2.7545307474316925,3.160411115850191,1.9788958216689263,0.28497684295817466,-0.031747814309532975,1.9782084382824086,0.29433561539442915,-0.0076105334015841904,DEPTH_PROPOSAL_CERTIFIED,1.40861719961302,0,32,0,0,72,FULL_MOTION_CERTIFICATE,0,0,0,76,0,0,0,0,0,,22.3,1.97820887184,0.294332481773,-0.00761902659899,0.986572066055,0.162577787556,-0.0156211866992,0.989104435918,0.147166240886,-0.00380951329949,1.97923050401,0.284103504467,-0.0312928493552,1.979728942924524,0.28074171183833835,-0.03129698672875897
22.25,-29.753352698858823,-2.7497822319718614,3.1598825600623988,1.9789211409882757,0.28491092758987646,-0.03171334726753477,1.9782079860508515,0.2943388740929241,-0.007602047246873143,DEPTH_PROPOSAL_CERTIFIED,1.428184727071885,0,32,0,0,72,FULL_MOTION_CERTIFICATE,0,0,0,76,0,0,0,0,0,,22.316666666,1.97820843828,0.294335615394,-0.00761053340158,0.986572066055,0.162577787556,-0.0156211866992,0.989104219141,0.147167807697,-0.00380526670079,1.97876941525,0.287213509694,-0.0312890254192,1.9792300366843374,0.28410676009663804,-0.03129284935515661
22.266666666666666,-29.720370872016588,-2.7450308050685384,3.159354540034516,1.9789096105341577,0.2850856141993895,-0.03168120167296275,1.9782075298474973,0.2943421590442542,-0.007593567266473846,DEPTH_PROPOSAL_CERTIFIED,1.4477048709273366,0,32,0,0,72,FULL_MOTION_CERTIFICATE,0,0,0,76,0,0,0,0,0,,22.333333333,1.97820798605,0.294338874093,-0.00760204724687,0.986572066055,0.162577787556,-0.0156211866992,0.989103993025,0.147169437046,-0.00380102362344,1.97834325742,0.290087908647,-0.0312854911751,1.9787689389939174,0.2872167908354485,-0.031289025419184074
22.283333333333335,-29.68738976086319,-2.7402730580686585,3.1588270196411004,1.9788666692035823,0.28546481999275963,-0.03165122360494337,1.9782070822734272,0.2943453855808896,-0.007585092648791971,DEPTH_PROPOSAL_CERTIFIED,1.4671800024522452,0,32,0,0,72,FULL_MOTION_CERTIFICATE,0,0,0,76,0,0,0,0,0,,22.35,1.97820752985,0.294342159044,-0.00759356726647,0.986572066055,0.162577787556,-0.0156211866992,0.989103764924,0.147171079522,-0.00379678363324,1.97794938429,0.292744550099,-0.0312822246768,1.9783427849705644,0.2900911306718748,-0.031285491175107025
22.3,-29.65440980847544,-2.7355061155876994,3.158299965155422,1.9787971432652007,0.28601654885757355,-0.03162326914069,1.9782066540578307,0.29434848161790056,-0.007576622635358017,DEPTH_PROPOSAL_CERTIFIED,1.4866120364110824,0,32,0,0,72,FULL_MOTION_CERTIFICATE,0,0,0,76,0,0,0,0,0,,22.366666666,1.97820708227,0.294345385581,-0.00758509264879,0.986572066055,0.162577787556,-0.0156211866992,0.989103541137,0.14717269279,-0.0037925463244,1.97758535005,0.295199930684,-0.0312792056407,1.9779489268169452,0.2927476410083041,-0.03128222467679875
22.316666666666666,-29.621431386676026,-2.730727574267326,3.1577733450933554,1.978705307964991,0.2867124792224147,-0.03159720372402179,1.9782062542686927,0.2943513862361711,-0.0075681565173941,DEPTH_PROPOSAL_CERTIFIED,1.5060024891024524,0,32,0,0,72,FULL_MOTION_CERTIFICATE,0,0,0,76,0,0,0,0,0,,22.383333333,1.97820665406,0.294348481618,-0.00757662263536,0.986572066055,0.162577787556,-0.0156211866992,0.989103327029,0.147174240809,-0.00378831131768,1.97724889413,0.297469297731,-0.0312764153192,1.9775849173024325,0.2952028296734778,-0.03127920564066962
22.333333333333332,-29.588454804287526,-2.725935447751645,3.157247130067153,1.9785949433101773,0.2875275909408747,-0.031572901572143035,1.9782058905023343,0.29435404840777607,-0.0075596936325962386,DEPTH_PROPOSAL_CERTIFIED,1.5220274301187207,0,32,0,0,72,FULL_MOTION_CERTIFICATE,0,0,0,76,0,0,0,0,0,,22.4,1.97820625427,0.294351386236,-0.00756815651739,0.986572066055,0.162577787556,-0.0156211866992,0.989103127134,0.147175693118,-0.0037840782587,1.97693792731,0.299566743029,-0.0312738363858,1.977248494521449,0.29747195390608716,-0.031276415319222185
22.35,-29.555480314544617,-2.7211281172923947,3.156721292648509,1.978469384574131,0.28843982755496334,-0.03155024511862973,1.9782055690537954,0.2943564258501242,-0.0075512333621192765,DEPTH_PROPOSAL_CERTIFIED,1.531316931951539,0,32,0,0,72,FULL_MOTION_CERTIFICATE,0,0,0,76,0,0,0,0,0,,22.416666666,1.9782058905,0.294354048408,-0.0075596936326,0.986572066055,0.162577787556,-0.0156211866992,0.989102945251,0.147177024204,-0.0037798468163,1.97665051859,0.301505290837,-0.0312714528262,1.9769375679943666,0.29956911424684246,-0.031273836385767424
22.366666666666667,-29.522508121744842,-2.716304287445372,3.1561958072403353,1.9783315679865343,0.28942979082137704,-0.031529124490415825,1.978205295069884,0.2943584839967171,-0.007542775127752169,DEPTH_PROPOSAL_CERTIFIED,1.539789795281238,0,32,0,0,72,FULL_MOTION_CERTIFICATE,0,0,0,76,0,0,0,0,0,,22.433333333,1.97820556905,0.29435642585,-0.00755123336212,0.986572066055,0.162577787556,-0.0156211866992,0.989102784527,0.147178212925,-0.00377561668106,1.97638488325,0.303296979075,-0.0312692498392,1.976650205617855,0.30150734267162516,-0.03127145282620616
22.383333333333333,-29.489538387210676,-2.711462946369727,3.1556706499567215,1.9781840720500508,0.29048046453871645,-0.03150943701683883,1.9782050726865343,0.29436019507343586,-0.007534318389272049,DEPTH_PROPOSAL_CERTIFIED,1.547443659105895,0,32,0,0,72,FULL_MOTION_CERTIFICATE,0,0,0,76,0,0,0,0,0,,22.45,1.97820529507,0.294358483997,-0.00754277512775,0.986572066055,0.162577787556,-0.0156211866992,0.989102647535,0.147179241998,-0.00377138756388,1.97613937179,0.304952933354,-0.0312672137452,1.976384621624951,0.303298683890258,-0.03126924983919952
22.4,-29.45657123462909,-2.7066033302878583,3.155145798510572,1.9780291548952236,0.2915769649121561,-0.03149108676898371,1.9782049051519839,0.2943615372702851,-0.007525862641966278,DEPTH_PROPOSAL_CERTIFIED,1.5542757298069838,0,32,0,0,72,FULL_MOTION_CERTIFICATE,0,0,0,76,0,0,0,0,0,,22.466666666,1.97820507269,0.294360195073,-0.00753431838927,0.986572066055,0.162577787556,-0.0156211866992,0.989102536343,0.147180097537,-0.00376715919464,1.9759124597,0.306483436456,-0.0312653319008,1.9761391656063323,0.3049542694681209,-0.031267213745151276
22.416666666666668,-29.423606754828675,-2.701724891702845,3.1546212321084477,1.9778687880246213,0.29270631510075623,-0.031473984127452226,1.9782047949371127,0.2943624939994626,-0.007517407414312055,DEPTH_PROPOSAL_CERTIFIED,1.5602828993304638,0,32,0,0,72,FULL_MOTION_CERTIFICATE,0,0,0,76,0,0,0,0,0,,22.483333333,1.97820490515,0.29436153727,-0.00752586264197,0.986572066055,0.162577787556,-0.0156211866992,0.989102452576,0.147180768635,-0.00376293132098,1.97570273791,0.307897992443,-0.0312635926202,1.9759123122032733,0.3064843874016753,-0.031265331900768134
22.433333333333334,-29.390645010049006,-2.6968272710077343,3.154096931352166,1.9777046867802277,0.29385724170666394,-0.0314580453769061,1.978204743834201,0.2943630532314379,-0.007508952265804086,DEPTH_PROPOSAL_CERTIFIED,1.5654618456761513,0,32,0,0,72,FULL_MOTION_CERTIFICATE,0,0,0,76,0,0,0,0,0,,22.5,1.97820479494,0.294362493999,-0.00751740741431,0.986572066055,0.162577787556,-0.0156211866992,0.989102397469,0.147181247,-0.00375870370716,1.97550890414,0.309205385096,-0.0312619851034,1.9757026515986253,0.3078985462987392,-0.031263592620243356
22.45,-29.357686037751577,-2.6919102711558227,3.153572878146735,1.977538337845841,0.2950199911147073,-0.03144319232588271,1.9782047530452087,0.2943632069014805,-0.0075004967849210775,DEPTH_PROPOSAL_CERTIFIED,1.5698091178710967,0,32,0,0,72,FULL_MOTION_CERTIFICATE,0,0,0,77,0,0,0,0,0,,22.516666666,1.97820474383,0.294363053231,-0.0075089522658,0.986572066055,0.162577787556,-0.0156211866992,0.989102371917,0.147181526616,-0.0037544761329,1.97532975475,0.310413732776,-0.0312604993682,1.975508880846324,0.3092055338928367,-0.03126198510339733
22.466666666666665,-29.324729854017423,-2.6869738350907117,3.15304905561423,1.9773710240493196,0.29618616390668584,-0.031429351950302366,1.9782048232606086,0.29436295037980453,-0.007492040587222465,DEPTH_PROPOSAL_CERTIFIED,1.5733212073622136,0,32,0,0,72,FULL_MOTION_CERTIFICATE,0,0,0,77,0,0,0,0,0,,22.533333333,1.97820475305,0.294363206901,-0.00750049678492,0.986572066055,0.162577787556,-0.0156211866992,0.989102376523,0.147181603451,-0.00375024839246,1.97516417727,0.311530539036,-0.0312591261887,1.9753297957317584,0.3104134719688252,-0.03126049936822213
22.483333333333334,-29.291776456572133,-2.682018025663071,3.152525448013242,1.9772038467169968,0.29734856565840173,-0.03141645605926848,1.9782049547296843,0.29436228199909814,-0.007483583313567353,DEPTH_PROPOSAL_CERTIFIED,1.5759946075472517,0,32,0,0,72,FULL_MOTION_CERTIFICATE,0,0,0,77,0,0,0,0,0,,22.55,1.97820482326,0.29436295038,-0.00749204058722,0.986572066055,0.162577787556,-0.0156211866992,0.98910241163,0.14718147519,-0.00374602029361,1.97501114354,0.312562738759,-0.0312578570378,1.9751642832626584,0.31152986702933316,-0.03125912618865513
22.5,-29.258825827475203,-2.6770430077874137,3.1520020406635436,1.9770377458158894,0.2985010725394527,-0.03140444098188794,1.9782051473231426,0.29436120263379073,-0.00747512462844805,DEPTH_PROPOSAL_CERTIFIED,1.5778258629695254,0,32,0,0,72,FULL_MOTION_CERTIFICATE,0,0,0,77,0,0,0,0,0,,22.55,1.97820482326,0.29436295038,-0.00749204058722,0.986572066055,0.162577787556,-0.0156211866992,0.98910241163,0.14718147519,-0.00374602029361,1.97501114354,0.312562738759,-0.0312578570378,1.9750113148223787,0.31256165648827494,-0.03125785703784529
22.516666666666666,-29.225877935507153,-2.672049032614418,3.1514788198756474,1.9768735180830652,0.2996385103797495,-0.03139324727378252,1.9782054005887946,0.29435971532595084,-0.00746666421843101,DEPTH_PROPOSAL_CERTIFIED,1.578811609528549,0,32,0,0,72,FULL_MOTION_CERTIFICATE,0,0,0,77,0,0,0,0,0,,22.583333333,1.97820514732,0.294361202634,-0.00747512462845,0.986572066055,0.162577787556,-0.0156211866992,0.989102573662,0.147180601317,-0.00373756231422,1.9747389782,0.314398471314,-0.0312555998957,1.9748699397426095,0.31351525203137154,-0.03125668403489637
22.533333333333335,-29.19293273828494,-2.6670364235156203,3.1509557728849455,1.9767118333323888,0.3007565459278227,-0.03138281944211252,1.9782057138009914,0.29435782495316726,-0.007458201790698459,DEPTH_PROPOSAL_CERTIFIED,1.5730957245909578,0,32,0,0,72,FULL_MOTION_CERTIFICATE,0,0,0,77,0,0,0,0,0,,22.6,1.97820540059,0.294359715326,-0.00746666421843,0.991167106245,0.131695656819,-0.0156211866992,0.989102700294,0.147179857663,-0.00373333210922,1.97485352871,0.313631681247,-0.0312545442855,1.9747392793741358,0.31439657961431383,-0.03125559989573862
22.55,-29.15998988694821,-2.662007560821444,3.1504328878578254,1.9765710802038778,0.3017317616505988,-0.03137310162722073,1.9782060860044457,0.29435553793420366,-0.007449737071684417,DEPTH_PROPOSAL_CERTIFIED,1.5456250876829811,0,32,0,0,72,FULL_MOTION_CERTIFICATE,0,0,0,77,0,0,0,0,0,,22.616666666,1.9782057138,0.294357824953,-0.0074582017907,0.991167106245,0.131695656819,-0.0156211866992,0.9891028569,0.147178912477,-0.00372910089535,1.97521333616,0.311216368749,-0.0312535611259,1.9748538920360446,0.31362939346846774,-0.03125454428554088
22.566666666666666,-29.127048749410722,-2.656966725939271,3.1499101537656817,1.9764682522494785,0.30245009293038416,-0.03136404552863232,1.9782065097427768,0.29435290437662875,-0.007441269807237634,DEPTH_PROPOSAL_CERTIFIED,1.5181697640688048,0,32,0,0,72,FULL_MOTION_CERTIFICATE,0,0,0,77,0,0,0,0,0,,22.633333333,1.978206086,0.294355537934,-0.00744973707168,0.991167106245,0.131695656819,-0.0156211866992,0.989103043002,0.147177768967,-0.00372486853584,1.9757527965,0.307593258441,-0.0312527135707,1.975213751205807,0.3112137345437664,-0.031253561125853764
22.583333333333332,-29.094108514658252,-2.6519194008109728,3.149387560244192,1.9764140851482788,0.3028395076979053,-0.03135561128939647,1.9782069715400843,0.294350014842766,-0.007432799759976447,DEPTH_PROPOSAL_CERTIFIED,1.4907290657135406,0,32,0,0,72,FULL_MOTION_CERTIFICATE,0,0,0,77,0,0,0,0,0,,22.65,1.97820650974,0.294352904377,-0.00744126980724,0.991167106245,0.131695656819,-0.0156211866992,0.989103254871,0.147176452188,-0.00372063490362,1.97625138863,0.304244626192,-0.0312519302243,1.975753246513641,0.3075903678616637,-0.03125271357071911
22.6,-29.06116848474152,-2.6468703053701055,3.1488650976331374,1.9764017950037924,0.3029457264519825,-0.03134775666325341,1.9782074541057184,0.29434698553497907,-0.00742432670632475,DEPTH_PROPOSAL_CERTIFIED,1.4633021876729178,0,32,0,0,72,FULL_MOTION_CERTIFICATE,0,0,0,77,0,0,0,0,0,,22.666666666,1.97820697154,0.294350014843,-0.00743279975998,0.991167106245,0.131695656819,-0.0156211866992,0.98910348577,0.147175007421,-0.00371639987999,1.9767122086,0.301149678395,-0.0312512062224,1.9762518552410597,0.304241595251724,-0.03125193022430807
22.616666666666667,-29.028228062297657,-2.641823481544484,3.1483427569292055,1.9764253466318151,0.3028094295373079,-0.03134044223591351,1.9782079425351524,0.2943439166232749,-0.007415850437385479,DEPTH_PROPOSAL_CERTIFIED,1.435888223934458,0,32,0,0,72,FULL_MOTION_CERTIFICATE,0,0,0,77,0,0,0,0,0,,22.683333333,1.97820745411,0.294346985535,-0.00742432670632,0.991167106245,0.131695656819,-0.0156211866992,0.989103727053,0.147173492767,-0.00371216335316,1.97713811799,0.298289196159,-0.031250537069,1.9767126764936906,0.30114660717827774,-0.03125120622236673
22.633333333333333,-28.995286739313606,-2.6367823689044507,3.1478205297418986,1.976479379043243,0.3024667584020151,-0.03133363123842119,1.9782084240483626,0.29434089400310826,-0.007407370757960949,DEPTH_PROPOSAL_CERTIFIED,1.408486181258951,0,32,0,0,72,FULL_MOTION_CERTIFICATE,0,0,0,77,0,0,0,0,0,,22.7,1.97820794254,0.294343916623,-0.00741585043739,0.991167106245,0.131695656819,-0.0156211866992,0.989103971268,0.147171958312,-0.00370792521869,1.97753176152,0.295645417127,-0.0312499186091,1.977138574462663,0.29828617055144296,-0.031250537069014976
22.65,-28.962344087015104,-2.631749872739197,3.147298408252356,1.976559137910258,0.3019497699152522,-0.03132728937256352,1.978208887754063,0.29433799087920887,-0.007398887485637201,DEPTH_PROPOSAL_CERTIFIED,1.3810949912623518,0,32,0,0,72,FULL_MOTION_CERTIFICATE,0,0,0,77,0,0,0,0,0,,22.716666666,1.97820842405,0.294340894003,-0.00740737075796,0.991167106245,0.131695656819,-0.0156211866992,0.989104212024,0.147170447002,-0.00370368537898,1.97789558355,0.293201924536,-0.0312493470022,1.9775321960878423,0.2956425103767442,-0.03124991860909997
22.666666666666668,-28.929399746775026,-2.6267284252750187,3.146776385174897,1.976660414404356,0.30128684785065973,-0.03132138464753932,1.9782093244373984,0.294335269191651,-0.007390400449928424,DEPTH_PROPOSAL_CERTIFIED,1.3537135209504427,0,32,0,0,72,FULL_MOTION_CERTIFICATE,0,0,0,77,0,0,0,0,0,,22.733333333,1.97820888775,0.294337990879,-0.00739888748564,0.991167106245,0.131695656819,-0.0156211866992,0.989104443877,0.14716899544,-0.00369944374282,1.97823184333,0.290943544878,-0.0312488186989,1.9778959876323507,0.293199198662633,-0.03124934700224406
22.683333333333334,-28.896453421944596,-2.6217200406844636,3.1462544537211103,1.9767794898258413,0.3005030754333223,-0.03131588722718819,1.978209726368905,0.2943327808989713,-0.007381909491477562,DEPTH_PROPOSAL_CERTIFIED,1.3263405818943261,0,32,0,0,72,FULL_MOTION_CERTIFICATE,0,0,0,77,0,0,0,0,0,,22.75,1.97820932444,0.294335269192,-0.00739040044993,0.991167106245,0.131695656819,-0.0156211866992,0.989104662219,0.147167634596,-0.00369520022496,1.97854262888,0.28885625459,-0.0312483304185,1.9782322099679617,0.29094105194180453,-0.031248818698904408
22.7,-28.863504870519872,-2.61672636447471,3.1457326075663246,1.9769130854835957,0.29962057258523705,-0.03131076928713953,1.9782100871327424,0.29433056913180083,-0.00737341446130958,DEPTH_PROPOSAL_CERTIFIED,1.2989749382123297,0,32,0,0,72,FULL_MOTION_CERTIFICATE,0,0,0,78,0,0,0,0,0,,22.766666666,1.97820972637,0.294332780899,-0.00738190949148,0.991167106245,0.131695656819,-0.0156211866992,0.989104863184,0.147166390449,-0.00369095474574,1.97882987005,0.286927092474,-0.0312478791292,1.9785429525081992,0.2888540378385968,-0.03124833041854584
22.716666666666665,-28.830553898563835,-2.6117487177917478,3.145210840818304,1.977058317362407,0.29865880097773967,-0.031306004881231336,1.9782104014723902,0.29432866922922396,-0.007364915220133957,DEPTH_PROPOSAL_CERTIFIED,1.2716153135052983,0,32,0,0,72,FULL_MOTION_CERTIFICATE,0,0,0,78,0,0,0,0,0,,22.783333333,1.97821008713,0.294330569132,-0.00737341446131,0.991167106245,0.131695656819,-0.0156211866992,0.989105043566,0.147165284566,-0.00368670723065,1.97909535054,0.28514407889,-0.0312474620283,1.9788301462839053,0.28692518736627076,-0.03124787912915135
22.733333333333334,-28.797600354311527,-2.6067881371276647,3.144689147988027,1.9772126551381866,0.2976348398449306,-0.031301569816616914,1.978210665152148,0.29432710966900566,-0.007356411637693295,DEPTH_PROPOSAL_CERTIFIED,1.2442514379169327,0,32,0,0,72,FULL_MOTION_CERTIFICATE,0,0,0,78,0,0,0,0,0,,22.8,1.97821040147,0.294328669229,-0.00736491522013,0.991167106245,0.131695656819,-0.0156211866992,0.989105200736,0.147164334615,-0.00368245761007,1.97934071887,0.283496142096,-0.031247076526,1.9790955760026971,0.2851425140246623,-0.031247462028320953
22.75,-28.76464412289268,-2.601845409872428,3.14416752396241,1.9773738851309135,0.2965636353142161,-0.031297441537027675,1.9782108748329423,0.29432591290181365,-0.007347903592155071,DEPTH_PROPOSAL_CERTIFIED,1.2167542907368554,0,32,0,0,72,FULL_MOTION_CERTIFICATE,0,0,0,78,0,0,0,0,0,,22.816666666,1.97821066515,0.294327109669,-0.00735641163769,0.991167106245,0.131695656819,-0.0156211866992,0.989105332576,0.147163554835,-0.00367820581885,1.97956749869,0.281973049092,-0.0312467202285,1.9793408910421835,0.2834949400394978,-0.03124707652603895
22.766666666666666,-28.731685121611918,-2.5969211061123794,3.143645963978849,1.9775400768457922,0.29545822560292756,-0.03129359901365416,1.978211027961057,0.2943250960986055,-0.0073393909695436705,DEPTH_PROPOSAL_CERTIFIED,1.189218335116087,0,32,0,0,72,FULL_MOTION_CERTIFICATE,0,0,0,78,0,0,0,0,0,,22.833333333,1.97821087483,0.294325912902,-0.00734790359216,0.991167106245,0.131695656819,-0.0156211866992,0.989105437416,0.147162956451,-0.00367395179608,1.97977709822,0.280565341832,-0.0312463909232,1.9795676157673128,0.2819722271252068,-0.03124672022849724
22.783333333333335,-28.69872329573241,-2.592015607040444,3.143124463601463,1.977709552770086,0.2943299443160691,-0.03129002264316314,1.9782111226685715,0.29432467181955,-0.007330873663210165,DEPTH_PROPOSAL_CERTIFIED,1.1616439915916539,0,32,0,0,72,FULL_MOTION_CERTIFICATE,0,0,0,78,0,0,0,0,0,,22.85,1.97821102796,0.294325096099,-0.00733939096954,0.989105513981,0.147162548049,-0.00366969548477,0.989105513981,0.147162548049,-0.00366969548477,1.97980816689,0.280490254431,-0.0302611610926,1.979777159046471,0.2805649126163989,-0.0312463909231727
22.8,-28.66575882008263,-2.5871275823595576,3.142604262291691,1.9778685389870023,0.2932814808532122,-0.031212078586302476,1.9782111576843404,0.2943246486120702,-0.007322351573337335,DEPTH_PROPOSAL_CERTIFIED,1.1340306382079166,0,32,0,0,72,FULL_MOTION_CERTIFICATE,0,0,0,78,0,0,0,0,0,,22.866666666,1.97821112267,0.29432467182,-0.00733087366321,0.989105561334,0.14716233591,-0.00366543683161,0.989105561334,0.14716233591,-0.00366543683161,1.9796871787,0.281538316312,-0.028524018175,1.9798081708333795,0.28049022660635725,-0.030261161092602278
22.816666666666666,-28.63279204823265,-2.582254384470224,3.1420874549975903,1.9780063109989006,0.29239187336002753,-0.031008437646053273,1.978211137063556,0.2943249985627808,-0.007313851156032251,DEPTH_PROPOSAL_CERTIFIED,1.1063768207520217,0,32,0,0,72,FULL_MOTION_CERTIFICATE,0,0,0,78,0,0,0,0,0,,22.883333333,1.97821115768,0.294324648612,-0.00732235157334,0.989105578842,0.147162324306,-0.00366117578667,0.989105578842,0.147162324306,-0.00366117578667,1.97957535892,0.282506977869,-0.0269178312791,1.979687129544059,0.28153866194317373,-0.02852401817501284
22.833333333333332,-28.599823295381018,-2.5773936666724335,3.1415758126105184,1.9781251710979022,0.29164306786745203,-0.030698543224316362,1.978211068978949,0.2943256656308766,-0.0073054171754070845,DEPTH_PROPOSAL_CERTIFIED,1.0786812145026028,0,32,0,0,72,FULL_MOTION_CERTIFICATE,0,0,0,78,0,0,0,0,0,,22.9,1.97821113706,0.294324998563,-0.00731385115603,0.989105568532,0.147162499281,-0.00365692557802,0.989105568532,0.147162499281,-0.00365692557802,1.97947200878,0.283402282485,-0.0254326812401,1.9795752643057227,0.28250764085803054,-0.026917831279125802
22.85,-28.56685284214498,-2.5725433527316968,3.1410708190390833,1.9782271941620508,0.29101883644415183,-0.030299614286117903,1.9782109606870744,0.294326600107795,-0.007297087536077699,DEPTH_PROPOSAL_CERTIFIED,1.050942615910714,0,32,0,0,72,FULL_MOTION_CERTIFICATE,0,0,0,78,0,0,0,0,0,,22.916666666,1.97821106898,0.294325665631,-0.00730541717541,0.989105534489,0.147162832815,-0.0036527085877,0.989105534489,0.147162832815,-0.0036527085877,1.97937648304,0.284229811478,-0.0240594037144,1.9794718755446639,0.28340321307989047,-0.02543268124009753
22.866666666666667,-28.53388093799588,-2.5677016093349145,3.1405737045214,1.9783142489458505,0.29050460380695425,-0.029826871060985534,1.9782108186201557,0.2943277579799549,-0.007288894063292189,DEPTH_PROPOSAL_CERTIFIED,1.0231599345975062,0,32,0,0,72,FULL_MOTION_CERTIFICATE,0,0,0,78,0,0,0,0,0,,22.933333333,1.97821096069,0.294326600108,-0.00729708753608,0.989105480344,0.147163300054,-0.00364854376804,0.989105480344,0.147163300054,-0.00364854376804,1.97928818589,0.284994719723,-0.0227895312512,1.9793763173082055,0.2842309656331432,-0.02405940371437026
22.883333333333333,-28.50090780437182,-2.562866821172082,3.14008547553378,1.9783880174438004,0.290087289769967,-0.029293739257215703,1.978210648469254,0.29432910035172116,-0.007280863204303502,DEPTH_PROPOSAL_CERTIFIED,0.9953321856812125,0,32,0,0,72,FULL_MOTION_CERTIFICATE,0,0,0,78,0,0,0,0,0,,22.95,1.97821081862,0.29432775798,-0.00728889406329,0.98910540931,0.14716387899,-0.00364444703165,0.98910540931,0.14716387899,-0.00364444703165,1.97920656716,0.28570176809,-0.0216152405317,1.979287993118791,0.28499605851872256,-0.02278953125122337
22.9,-28.467933637496806,-2.558037568403897,3.139606941620308,1.9784500125009956,0.2897551660911229,-0.02871203480831168,1.978210455259554,0.29433059292311803,-0.0072730166584488885,DEPTH_PROPOSAL_CERTIFIED,0.9674584824425898,0,32,0,0,72,FULL_MOTION_CERTIFICATE,0,0,0,78,0,0,0,0,0,,22.966666666,1.97821064847,0.294329100352,-0.0072808632043,0.989105324235,0.147164550176,-0.00364043160215,0.989105324235,0.147164550176,-0.00364043160215,1.97913111877,0.286355353841,-0.0205293028988,1.979206352198777,0.2857032572092246,-0.021615240531682168
22.916666666666668,-28.434958610933105,-2.5532126062960594,3.139138739439045,1.9785015938217094,0.2894977264702027,-0.028092130875773055,1.9782102434184918,0.29433220551731365,-0.0072653719427000505,DEPTH_PROPOSAL_CERTIFIED,0.9395380293331395,0,32,0,0,72,FULL_MOTION_CERTIFICATE,0,0,0,78,0,0,0,0,0,,22.983333333,1.97821045526,0.294330592923,-0.00727301665845,0.98910522763,0.147165296462,-0.00363650832922,0.98910522763,0.147165296462,-0.00363650832922,1.97906137154,0.286959538632,-0.0195250387696,1.9791308859344172,0.28635696309497727,-0.020529302898803115
22.933333333333334,-28.401982877891133,-2.548390846820722,3.13868135429327,1.9785439825184887,0.2893055685202644,-0.027443108746517564,1.978210016837376,0.29433391165332284,-0.007257942898852214,DEPTH_PROPOSAL_CERTIFIED,0.9115701153276123,0,32,0,0,72,FULL_MOTION_CERTIFICATE,0,0,0,78,0,0,0,0,0,,23,1.97821024342,0.294332205517,-0.0072653719427,0.989105121709,0.147166102759,-0.00363268597135,0.989105121709,0.147166102759,-0.00363268597135,1.97899689213,0.287518074014,-0.0185962761126,1.9790611246191965,0.286961241531017,-0.019525038769600087
22.95,-28.369006573318895,-2.5435713420437938,3.1382351393907193,1.9785782743343898,0.28917028661571725,-0.026772894153040766,1.978209778927102,0.29433568815978345,-0.00725074014795333,DEPTH_PROPOSAL_CERTIFIED,0.8869170543498421,0,32,0,0,72,FULL_MOTION_CERTIFICATE,0,0,0,79,0,0,0,0,0,,23.016666666,1.97821001684,0.294333911653,-0.00725794289885,0.989105008419,0.147166955827,-0.00362897144943,0.989105008419,0.147166955827,-0.00362897144943,1.97893728037,0.288034425329,-0.0177373115096,1.9789966344883845,0.2875198473802416,-0.01859627611262331
22.966666666666665,-28.336029815791345,-2.5387532691326054,3.1378003330521125,1.9786054516530767,0.2890843746713138,-0.02608838031641461,1.9782095326685014,0.2943375148260381,-0.007243771497045118,DEPTH_PROPOSAL_CERTIFIED,0.8624198525903857,0,32,0,0,72,FULL_MOTION_CERTIFICATE,0,0,0,79,0,0,0,0,0,,23.033333333,1.97820977893,0.29433568816,-0.00725074014795,0.989104889464,0.14716784408,-0.00362537007398,0.989104889464,0.14716784408,-0.00362537007398,1.97888216662,0.288511793735,-0.0169428742693,1.9789370149410555,0.28803624894959173,-0.017737311509574992
22.983333333333334,-28.30305270921792,-2.5339359168333218,3.1373770740696254,1.9786263944052236,0.28904113795695785,-0.025395538949210438,1.9782092806578206,0.2943393740870812,-0.007237042302837992,DEPTH_PROPOSAL_CERTIFIED,0.8378625028418454,0,32,0,0,72,FULL_MOTION_CERTIFICATE,0,0,0,79,0,0,0,0,0,,23.05,1.97820953267,0.294337514826,-0.00724377149705,0.989104766334,0.147168757413,-0.00362188574852,0.989104766334,0.147168757413,-0.00362188574852,1.9788312095,0.288953136251,-0.0162080937416,1.9788818959814167,0.288513650041815,-0.01694287426932096
23.0,-28.270075344385052,-2.5291186732814106,3.136965415396744,1.9786418899721712,0.2890346131146903,-0.024699520372874394,1.9782090251477813,0.2943412507392372,-0.007230555796513046,DEPTH_PROPOSAL_CERTIFIED,0.813244538908984,0,32,0,0,73,FULL_MOTION_CERTIFICATE,0,0,0,79,0,0,0,0,0,,23.066666666,1.97820928066,0.294339374087,-0.00723704230284,0.989104640329,0.147169687044,-0.00361852115142,0.989104640329,0.147169687044,-0.00361852115142,1.97878409368,0.289361184555,-0.0155284686598,1.9788309358889324,0.2889550100390264,-0.016208093741574153
23.016666666666666,-28.23709780034882,-2.5243010150203946,3.1365653363346118,1.9786526421739303,0.28905949566097994,-0.024004743727941827,1.9782087680846274,0.2943431316837262,-0.007224313373443912,DEPTH_PROPOSAL_CERTIFIED,0.7885655481097571,0,32,0,0,73,FULL_MOTION_CERTIFICATE,0,0,0,79,0,0,0,0,0,,23.083333333,1.97820902515,0.294341250739,-0.00723055579651,0.989104512574,0.14717062537,-0.00361527789826,0.989104512574,0.14717062537,-0.00361527789826,1.97874052789,0.289738462304,-0.0148998388848,1.9787838190353932,0.2893630627257131,-0.015528468659763995
23.033333333333335,-28.20412014569175,-2.519482497115476,3.136176753364453,1.978659279423948,0.28911107429508953,-0.023314978209523694,1.9782085111415362,0.29434500569551847,-0.007218314851292136,DEPTH_PROPOSAL_CERTIFIED,0.763825167451706,0,32,0,0,73,FULL_MOTION_CERTIFICATE,0,0,0,79,0,0,0,0,0,,23.1,1.97820876808,0.294343131684,-0.00722431337344,0.989104384042,0.147171565842,-0.00361215668672,0.989104384042,0.147171565842,-0.00361215668672,1.97870024305,0.2900873009,-0.0143183596678,1.9787402538741634,0.2897403336312266,-0.01489983888482391
23.05,-28.171142439656297,-2.5146627442591316,3.13579952976114,1.9786623621273784,0.2891851713806672,-0.022633416198786085,1.9782082557487286,0.2943468632151156,-0.007212558699606427,DEPTH_PROPOSAL_CERTIFIED,0.7390230799794528,0,32,0,0,73,FULL_MOTION_CERTIFICATE,0,0,0,79,0,0,0,0,0,,23.116666666,1.97820851114,0.294345005696,-0.00721831485129,0.989104255571,0.147172502848,-0.00360915742565,0.989104255571,0.147172502848,-0.00360915742565,1.97866299064,0.290409854281,-0.0137804775062,1.9786999711092306,0.2900891558247146,-0.014318359667786752
23.066666666666666,-28.138164733166484,-2.5098414427748326,3.135433484110721,1.9786623893888973,0.2892780890579664,-0.021962739025107956,1.978208003120589,0.2943486961611145,-0.007207042243753431,DEPTH_PROPOSAL_CERTIFIED,0.7141590112961664,0,32,0,0,74,FULL_MOTION_CERTIFICATE,0,0,0,79,0,0,0,0,0,,23.133333333,1.97820825575,0.294346863215,-0.00721255869961,0.989104127874,0.147173431608,-0.0036062793498,0.989104127874,0.147173431608,-0.0036062793498,1.97862854102,0.29070811254,-0.0132829078897,1.9786627219794282,0.290411684721017,-0.013780477506234262
23.083333333333332,-28.105187069748276,-2.505018333433633,3.1350783978430496,1.9786598050926076,0.2893865604719909,-0.021305176060305887,1.9782077542800751,0.29435049776159616,-0.007201761845752873,DEPTH_PROPOSAL_CERTIFIED,0.6892327262601321,0,32,0,0,74,FULL_MOTION_CERTIFICATE,0,0,0,79,0,0,0,0,0,,23.15,1.97820800312,0.294348696161,-0.00720704224375,0.98910400156,0.147174348081,-0.00360352112188,0.98910400156,0.147174348081,-0.00360352112188,1.97859668209,0.290983914335,-0.0128226150285,1.9786282766778756,0.2907099117230899,-0.013282907889720155
23.1,-28.072209486358066,-2.5001932050063522,3.134734021879711,1.9786550034123138,0.2895077056367875,-0.020662557800324062,1.9782075100806698,0.2943522624025628,-0.0071967130643463256,DEPTH_PROPOSAL_CERTIFIED,0.6642440258562285,0,32,0,0,74,FULL_MOTION_CERTIFICATE,0,0,0,79,0,0,0,0,0,,23.166666666,1.97820775428,0.294350497762,-0.00720176184575,0.98910387714,0.147175248881,-0.00360088092288,0.98910387714,0.147175248881,-0.00360088092288,1.97856721786,0.291238958523,-0.0123967928348,1.9785964229127306,0.29098567664730574,-0.012822615028547115
23.116666666666667,-28.039232014128032,-2.4953658884809213,3.1344000824882983,1.9786483338021568,0.289638991525862,-0.020036363484751234,1.9782072712261123,0.2943539854918079,-0.007191890796400582,DEPTH_PROPOSAL_CERTIFIED,0.6391927442401388,0,32,0,0,74,FULL_MOTION_CERTIFICATE,0,0,0,79,0,0,0,0,0,,23.183333333,1.97820751008,0.294352262403,-0.00719671306435,0.98910375504,0.147176131201,-0.00359835653217,0.98910375504,0.147176131201,-0.00359835653217,1.97853996727,0.291474814883,-0.0120028473897,1.9785669645582398,0.29124067937257087,-0.012396792834762263
23.133333333333333,-28.006254679036118,-2.4905362518809335,3.1340762864252887,1.978640105515023,0.2897781959992737,-0.01942776378058304,1.9782070382881156,0.29435566333675256,-0.007187289401555808,DEPTH_PROPOSAL_CERTIFIED,0.6140787459524706,0,32,0,0,74,FULL_MOTION_CERTIFICATE,0,0,0,79,0,0,0,0,0,,23.2,1.97820727123,0.294353985492,-0.0071918907964,0.989103635613,0.147176992746,-0.0035959453982,0.989103635613,0.147176992746,-0.0035959453982,1.97851476303,0.291692933873,-0.0116383809739,1.9785397204119888,0.2914764905748966,-0.012002847389730632
23.15,-27.973277502507905,-2.4857041956275303,3.1337623254415803,1.9786305916929188,0.2899233752042132,-0.018837659022497667,1.9782068117222622,0.2943572930349082,-0.007182902811845089,DEPTH_PROPOSAL_CERTIFIED,0.5940264701737161,0,32,0,0,74,FULL_MOTION_CERTIFICATE,0,0,0,79,0,0,0,0,0,,23.216666666,1.97820703829,0.294355663337,-0.00718728940156,0.989103519144,0.147177831668,-0.00359364470078,0.989103519144,0.147177831668,-0.00359364470078,1.97849145055,0.291894655794,-0.0113011770804,1.9785145230632488,0.2916945615044755,-0.011638380973855693
23.166666666666668,-27.94030050195678,-2.4808696483918666,3.1334578802179,1.978620033067101,0.290072834139764,-0.01826671342081983,1.9782065918822505,0.2943588723757586,-0.007178724627840733,DEPTH_PROPOSAL_CERTIFIED,0.5751091605010243,0,32,0,0,74,FULL_MOTION_CERTIFICATE,0,0,0,79,0,0,0,0,0,,23.233333333,1.97820681172,0.294357293035,-0.00718290281185,0.989103405861,0.147178646517,-0.00359145140592,0.989103405861,0.147178646517,-0.00359145140592,1.978469887,0.292081219225,-0.0109891865992,1.9784912178321257,0.29189623315348323,-0.011301177080351428
23.183333333333334,-27.907323691268385,-2.4760325633903393,3.1331626237907115,1.9786086413038466,0.29022510009166175,-0.017715385631305085,1.9782063790326594,0.294360399752958,-0.007174748202739655,DEPTH_PROPOSAL_CERTIFIED,0.5561271570588597,0,32,0,0,75,FULL_MOTION_CERTIFICATE,0,0,0,79,0,0,0,0,0,,23.25,1.97820659188,0.294358872376,-0.00717872462784,0.986569271483,0.162594744971,-0.0156211866992,0.989103295941,0.147179436188,-0.00358936231392,1.97823526908,0.293561534914,-0.0117060745984,1.9784696617921416,0.2920827447048149,-0.010989186599224775
23.2,-27.874347352285444,-2.471191263859543,3.1328749548774537,1.9785803389766645,0.2904779718477955,-0.017260134795479172,1.9782061733603582,0.294361874085844,-0.007170966715662667,DEPTH_PROPOSAL_CERTIFIED,0.5370807623038729,0,32,0,0,75,FULL_MOTION_CERTIFICATE,0,0,0,79,0,0,0,0,0,,23.25,1.97820659188,0.294358872376,-0.00717872462784,0.986569271483,0.162594744971,-0.0156211866992,0.989103295941,0.147179436188,-0.00358936231392,1.97823526908,0.293561534914,-0.0117060745984,1.9782350505850435,0.2935630072726277,-0.011706074598402704
23.216666666666665,-27.84137193677779,-2.466343043870344,3.1325924299510897,1.9785249304593493,0.29089319935195374,-0.01695149558184877,1.9782059803839094,0.2943632591308574,-0.007167345896168945,DEPTH_PROPOSAL_CERTIFIED,0.5179705463917259,0,32,0,0,76,FULL_MOTION_CERTIFICATE,0,0,0,80,0,0,0,0,0,,23.283333333,1.97820617336,0.294361874086,-0.00717096671566,0.986569271483,0.162594744971,-0.0156211866992,0.98910308668,0.147180937043,-0.00358548335783,1.97749228904,0.298172129783,-0.0145539969168,1.9778489465481026,0.2959589749026845,-0.013186097175557661
23.233333333333334,-27.80839782534542,-2.4614856317531335,3.1323129321695045,1.9784466859418184,0.29144472703258867,-0.016769866895099576,1.9782058090003283,0.2943644963817169,-0.00716383328214755,DEPTH_PROPOSAL_CERTIFIED,0.4987970333752967,0,32,0,0,76,FULL_MOTION_CERTIFICATE,0,0,0,80,0,0,0,0,0,,23.3,1.97820598038,0.294363259131,-0.00716734589617,0.986569271483,0.162594744971,-0.0156211866992,0.989102990192,0.147181629565,-0.00358367294808,1.97716245978,0.300218899533,-0.0158182678876,1.9774921028279409,0.29817336473633377,-0.014553996916759779
23.25,-27.775425335609714,-2.456617139824844,3.132034635901818,1.9783493841423703,0.2921095156973634,-0.01669777606119934,1.9782056666987868,0.29436553662193726,-0.007160383375664581,DEPTH_PROPOSAL_CERTIFIED,0.4795607066746056,0,32,0,0,76,FULL_MOTION_CERTIFICATE,0,0,0,80,0,0,0,0,0,,23.316666666,1.978205809,0.294364496382,-0.00716383328215,0.986569271483,0.162594744971,-0.0156211866992,0.9891029045,0.147182248191,-0.00358191664107,1.97685761761,0.302110610852,-0.0169867606826,1.9771623021891025,0.3002199374076156,-0.015818267887616432
23.266666666666666,-27.742454729571953,-2.451736019241203,3.131755974754559,1.9782363622657766,0.2928672350184667,-0.01671966883554751,1.9782055597223813,0.29436633885606384,-0.007156956890795426,DEPTH_PROPOSAL_CERTIFIED,0.46026201389808696,0,32,0,0,76,FULL_MOTION_CERTIFICATE,0,0,0,80,0,0,0,0,0,,23.333333333,1.9782056667,0.294365536622,-0.00716038337566,0.986569271483,0.162594744971,-0.0156211866992,0.989102833349,0.147182768311,-0.00358019168783,1.97657586953,0.303859010818,-0.0180667313645,1.9768574953713325,0.3021114107359272,-0.01698676068259518
23.283333333333335,-27.70948622021846,-2.4468410194857837,3.1314756127707732,1.9781105612092795,0.293699985325129,-0.01682171902713296,1.9782054932134903,0.2943668693492938,-0.007153520075306217,DEPTH_PROPOSAL_CERTIFIED,0.4409013710894947,0,32,0,0,76,FULL_MOTION_CERTIFICATE,0,0,0,80,0,0,0,0,0,,23.35,1.97820555972,0.294366338856,-0.0071569568908,0.986569271483,0.162594744971,-0.0156211866991,0.989102779861,0.147183169428,-0.0035784784454,1.97631546599,0.305474956239,-0.019064886084,1.9765757883200155,0.30385953906640745,-0.018066731364475265
23.3,-27.676519977444098,-2.4419311520532427,3.1311924185053503,1.9779745664617723,0.2945920459524716,-0.016991655925378223,1.9782054713442851,0.2943671007652069,-0.007150044099317838,DEPTH_PROPOSAL_CERTIFIED,0.42147916646606964,0,32,0,0,76,FULL_MOTION_CERTIFICATE,0,0,0,80,0,0,0,0,0,,23.35,1.97820555972,0.294366338856,-0.0071569568908,0.986569271483,0.162594744971,-0.0156211866991,0.989102779861,0.147183169428,-0.0035784784454,1.97631546599,0.305474956239,-0.019064886084,1.976315430542184,0.30547518560605297,-0.019064886083970535
23.316666666666666,-27.643556133359493,-2.437005657923264,3.130905441705787,1.9778306450764052,0.2955296477987317,-0.017218607973820868,1.978205497433808,0.29436701139228405,-0.007146504504718096,DEPTH_PROPOSAL_CERTIFIED,0.4019957637061723,0,32,0,0,76,FULL_MOTION_CERTIFICATE,0,0,0,80,0,0,0,0,0,,23.383333333,1.97820547134,0.294367100765,-0.00715004409932,0.986569271483,0.162594744971,-0.0156211866991,0.989102735672,0.147183550383,-0.00357502204966,1.97585234705,0.308348860918,-0.020840070742,1.976074804174925,0.3069683903231051,-0.01998742296482129
23.333333333333332,-27.610594787041524,-2.4320639784589644,3.130613892352223,1.9776807790782072,0.29650076785800283,-0.017492961213833383,1.9782055740529056,0.2943665844507194,-0.007142880709629555,DEPTH_PROPOSAL_CERTIFIED,0.3824515048385987,0,32,0,0,76,FULL_MOTION_CERTIFICATE,0,0,0,80,0,0,0,0,0,,23.4,1.97820549743,0.294367011392,-0.00714650450472,0.986569271483,0.162594744971,-0.0156211866991,0.989102748717,0.147183505696,-0.00357325225236,1.97564675583,0.309624666173,-0.0216281239893,1.9758524139001916,0.3083484325811113,-0.020840070741986266
23.35,-27.577636008780782,-2.427105729398217,3.1303171218335386,1.9775266956441742,0.2974949436447881,-0.01780623112106471,1.978205703118188,0.2943658074718021,-0.007139155562755754,DEPTH_PROPOSAL_CERTIFIED,0.3699879193615685,0,32,0,0,76,FULL_MOTION_CERTIFICATE,0,0,0,80,0,0,0,0,0,,23.416666666,1.97820557405,0.294366584451,-0.00714288070963,0.986569271483,0.162594744971,-0.0156211866991,0.989102787026,0.147183292225,-0.00357144035481,1.97545673971,0.310803819441,-0.0223564761881,1.9756468777489706,0.3096238882435665,-0.02162812398928625
23.366666666666667,-27.544679843875066,-2.422130677635916,3.1300146060559313,1.9773698943429845,0.29850310573807537,-0.01815094665644674,1.9782058859760707,0.29436467174288095,-0.007135314942909508,DEPTH_PROPOSAL_CERTIFIED,0.360905955046361,0,32,0,0,76,FULL_MOTION_CERTIFICATE,0,0,0,80,0,0,0,0,0,,23.416666666,1.97820557405,0.294366584451,-0.00714288070963,0.986569271483,0.162594744971,-0.0156211866991,0.989102787026,0.147183292225,-0.00357144035481,1.97545673971,0.310803819441,-0.0223564761881,1.9754569184684714,0.31080268327618027,-0.022356476188107748
23.383333333333333,-27.511726316013274,-2.4171387205232935,3.129705930299061,1.977211671707761,0.29951742675735316,-0.018520545412219418,1.978206123477864,0.2943631718115402,-0.007131347399437738,DEPTH_PROPOSAL_CERTIFIED,0.3518348860364915,0,32,0,0,76,FULL_MOTION_CERTIFICATE,0,0,0,80,0,0,0,0,0,,23.433333333,1.97820570312,0.294365807472,-0.00713915556276,0.986569271483,0.162594744971,-0.0156211866991,0.989102851559,0.147182903736,-0.00356957778138,1.97528111874,0.311893642986,-0.0230296502326,1.975281355558036,0.31189214319254316,-0.023029650232646397
23.4,-27.47877543028999,-2.41212986743671,3.1293907756522534,1.9770531433971419,0.30053118519502625,-0.01890927880845186,1.978206416046782,0.29436130504320474,-0.007127243829648367,DEPTH_PROPOSAL_CERTIFIED,0.3427757616842384,0,32,0,0,76,FULL_MOTION_CERTIFICATE,0,0,0,80,0,0,0,0,0,,23.45,1.97820588598,0.294364671743,-0.00713531494291,0.986569271483,0.162594744971,-0.0156211866992,0.989102942988,0.147182335871,-0.00356765747145,1.97511880239,0.312900904139,-0.0236518262425,1.9751190980075872,0.31289903813463854,-0.02365182624248792
23.416666666666668,-27.4458271758873,-2.407104223390538,3.1290689068780946,1.9768952641610633,0.3015386427702933,-0.019312126449530127,1.9782067637376646,0.29435907122694877,-0.0071229971897101745,DEPTH_PROPOSAL_CERTIFIED,0.33372964118495696,0,32,0,0,76,FULL_MOTION_CERTIFICATE,0,0,0,80,0,0,0,0,0,,23.466666666,1.97820612348,0.294363171812,-0.00713134739944,0.986569271483,0.162594744971,-0.0156211866992,0.989103061739,0.147181585906,-0.00356567369972,1.97496878275,0.313831857572,-0.0242268676707,1.9749691374809062,0.31382962518854945,-0.02422686767068415
23.433333333333334,-27.412881528457007,-2.4020619744900125,3.1287401615648722,1.976738845817583,0.30253493403154347,-0.019724718793349888,1.9782071662901266,0.294356472224744,-0.007118602235807147,DEPTH_PROPOSAL_CERTIFIED,0.32469759455045777,0,32,0,0,76,FULL_MOTION_CERTIFICATE,0,0,0,80,0,0,0,0,0,,23.5,1.97820676374,0.294359071227,-0.00712299718971,0.986569271483,0.162594744971,-0.0156211866992,0.989103381869,0.147179535613,-0.00356149859486,1.97470197781,0.315487527153,-0.025249559641,1.9748305420271217,0.3146896874187965,-0.02475834538795127
23.45,-27.379938452233116,-2.397003375039708,3.1284044404424987,1.976584573433453,0.30351596701829286,-0.02014326734241304,1.978207623175792,0.29435351165983414,-0.007114055292625552,DEPTH_PROPOSAL_CERTIFIED,0.31659899175019757,0,32,0,0,76,FULL_MOTION_CERTIFICATE,0,0,0,80,0,0,0,0,0,,23.5,1.97820676374,0.294359071227,-0.00712299718971,0.986569271483,0.162594744971,-0.0156211866992,0.989103381869,0.147179535613,-0.00356149859486,1.97470197781,0.315487527153,-0.025249559641,1.9747024503470676,0.315484569456636,-0.025249559640983795
23.466666666666665,-27.346997901901933,-2.3919287361400503,3.128061698747748,1.9764330198711462,0.3044783339794655,-0.020564501685036624,1.9782081336401982,0.29435019464033635,-0.007109354046528505,DEPTH_PROPOSAL_CERTIFIED,0.3091289956703749,0,32,0,0,76,FULL_MOTION_CERTIFICATE,0,0,0,81,0,0,0,0,0,,23.516666666,1.97820716629,0.294356472225,-0.00711860223581,0.986569271483,0.162594744971,-0.0156211866992,0.989103583145,0.147178236112,-0.0035593011179,1.97458353578,0.316222524304,-0.025703560665,1.9745840664110015,0.3162192109057725,-0.02570356066504468
23.483333333333334,-27.3140598242543,-2.3868384156202174,3.1277119385353034,1.9762846588576868,0.30541923118993347,-0.0209856127466766,1.9782086967399037,0.29434652751452306,-0.007104497361007956,DEPTH_PROPOSAL_CERTIFIED,0.3016497279718472,0,32,0,0,76,FULL_MOTION_CERTIFICATE,0,0,0,81,0,0,0,0,0,,23.533333333,1.97820762318,0.29435351166,-0.00711405529263,0.986569271483,0.162594744971,-0.0156211866992,0.989103811588,0.14717675583,-0.00355702764631,1.97447406663,0.316901839897,-0.0261231676987,1.9744746544934824,0.31689817715764085,-0.02612316769868344
23.5,-27.281124159642296,-2.3817328091707184,3.127355201841074,1.9761398767204703,0.30633638696995513,-0.0214042016537501,1.978209311375292,0.2943425176545744,-0.0070994851122279405,DEPTH_PROPOSAL_CERTIFIED,0.2941613052853903,0,32,0,0,76,FULL_MOTION_CERTIFICATE,0,0,0,81,0,0,0,0,0,,23.55,1.97820813364,0.29435019464,-0.00710935404653,0.986569271483,0.162594744971,-0.0156211866992,0.98910406682,0.14717509732,-0.00355467702326,1.97437289059,0.317529692185,-0.02651098632,1.974373534646428,0.3175256874862202,-0.026510986320047135
23.516666666666666,-27.24819084326043,-2.3766123425514594,3.1269915646126694,1.9759989829120754,0.30722799715555515,-0.021818233704278763,1.9782099763195002,0.294338173265905,-0.007094318042682556,DEPTH_PROPOSAL_CERTIFIED,0.28666382157821835,0,32,0,0,76,FULL_MOTION_CERTIFICATE,0,0,0,81,0,0,0,0,0,,23.583333333,1.97820931138,0.294342517655,-0.00709948511223,0.986569271483,0.162594744971,-0.0156211866992,0.989104655688,0.147171258827,-0.00354974255611,1.97419295241,0.318646306402,-0.0272007087181,1.9742800784496568,0.31810564141987613,-0.02686942472072876
23.533333333333335,-27.215259806269746,-2.371477464763118,3.126621131329954,1.97586221944077,0.30809266730045354,-0.022225996962900098,1.9782106902438783,0.2943335032194335,-0.007088997631169271,DEPTH_PROPOSAL_CERTIFIED,0.27915735108484363,0,32,0,0,76,FULL_MOTION_CERTIFICATE,0,0,0,81,0,0,0,0,0,,23.583333333,1.97820931138,0.294342517655,-0.00709948511223,0.986569271483,0.162594744971,-0.0156211866992,0.989104655688,0.147171258827,-0.00354974255611,1.97419295241,0.318646306402,-0.0272007087181,1.9741937050908434,0.31864164306821186,-0.02720070871807954
23.55,-27.18233067512193,-2.3663306721795077,3.126244009617732,1.9757478688692298,0.308807555016626,-0.022627302733315,1.9782114517403275,0.2943285169044141,-0.007083525977447089,DEPTH_PROPOSAL_CERTIFIED,0.27525055781225816,0,32,0,0,76,FULL_MOTION_CERTIFICATE,0,0,0,81,0,0,0,0,0,,23.616666666,1.97821069024,0.294333503219,-0.00708899763117,0.991167765511,0.13169069496,-0.0156211866992,0.989105345122,0.14716675161,-0.00354449881558,1.97475674461,0.314773721762,-0.0278232840136,1.9743527918964405,0.3175291851539306,-0.027523233132377135
23.566666666666666,-27.14940279433852,-2.361176353176421,3.125860327323086,1.975672847004537,0.309259140185226,-0.02302093767879313,1.9782122527897432,0.2943232681419604,-0.0070779052525484255,DEPTH_PROPOSAL_CERTIFIED,0.27446203733564367,0,32,0,0,76,FULL_MOTION_CERTIFICATE,0,0,0,81,0,0,0,0,0,,23.616666666,1.97821069024,0.294333503219,-0.00708899763117,0.991167765511,0.13169069496,-0.0156211866992,0.989105345122,0.14716675161,-0.00354449881558,1.97475674461,0.314773721762,-0.0278232840136,1.9747575802552866,0.31476847924214657,-0.0278232840136266
23.583333333333332,-27.116475344237255,-2.3560199940070854,3.1254702544119457,1.9756470060760003,0.3093815501601585,-0.023404374668421535,1.9782130792509245,0.2943178518943431,-0.007072138069560176,DEPTH_PROPOSAL_CERTIFIED,0.2736797638348395,0,32,0,0,76,FULL_MOTION_CERTIFICATE,0,0,0,81,0,0,0,0,0,,23.633333333,1.97821145174,0.294328516904,-0.00708352597745,0.991167765511,0.13169069496,-0.0156211866992,0.98910572587,0.147164258452,-0.00354176298872,1.97533089511,0.310880363211,-0.0280823059419,1.9753317467478508,0.3108749518543354,-0.028082305941888364
23.6,-27.083547622175615,-2.3508662927360544,3.1250739727503913,1.9756633236981365,0.309222076261824,-0.02377689969326879,1.9782139134133643,0.294312387099493,-0.007066227959844142,DEPTH_PROPOSAL_CERTIFIED,0.2729046300177488,0,32,0,0,76,FULL_MOTION_CERTIFICATE,0,0,0,81,0,0,0,0,0,,23.65,1.97821225279,0.294323268142,-0.00707790525255,0.991167765511,0.13169069496,-0.0156211866992,0.989106126395,0.147161634071,-0.00353895262627,1.97586154935,0.307281956071,-0.0283217049964,1.975862398688199,0.30727649470214363,-0.028321704996404514
23.616666666666667,-27.050619029519623,-2.345719247184621,3.124671673326145,1.975715559359716,0.3088227330860147,-0.02413796545478427,1.9782147400879988,0.29430697574987336,-0.007060178718348747,DEPTH_PROPOSAL_CERTIFIED,0.2721373624053848,0,32,0,0,76,FULL_MOTION_CERTIFICATE,0,0,0,81,0,0,0,0,0,,23.683333333,1.97821391341,0.294312387099,-0.00706622795984,0.991167765511,0.13169069496,-0.0156211866992,0.989106956707,0.14715619355,-0.00353311397992,1.97680530012,0.300882309782,-0.0287474681776,1.976352834430987,0.30395074634114067,-0.028542967745273373
23.633333333333333,-27.01768905991547,-2.340582234074773,3.124263553822703,1.9757981762493273,0.30822078659091023,-0.024487170206514457,1.9782155463275146,0.2943017047723836,-0.007053994343714643,DEPTH_PROPOSAL_CERTIFIED,0.27137854135198336,0,32,0,0,76,FULL_MOTION_CERTIFICATE,0,0,0,81,0,0,0,0,0,,23.7,1.97821474009,0.29430697575,-0.00706017871835,0.991167765511,0.13169069496,-0.0156211866992,0.989107370044,0.147153487875,-0.00353008935917,1.97722425701,0.298041330947,-0.0289364761527,1.9768061023025845,0.30087703935063503,-0.028747468177622987
23.65,-26.984757288741676,-2.3354580801990603,3.1238498165087227,1.9759062704276196,0.30744923254277345,-0.02482423883879869,1.9782163211744697,0.29429664772106945,-0.007047678985914949,DEPTH_PROPOSAL_CERTIFIED,0.27062861899088886,0,32,0,0,76,FULL_MOTION_CERTIFICATE,0,0,0,81,0,0,0,0,0,,23.716666666,1.97821554633,0.294301704772,-0.00705399434371,0.991167765511,0.13169069496,-0.0156211866992,0.989107773164,0.147150852386,-0.00352699717186,1.97761147472,0.295415577944,-0.029111165331,1.9772250194027845,0.29803627315550396,-0.028936476152666573
23.666666666666668,-26.951823363629973,-2.3303491263711944,3.1234306664087677,1.976035506701831,0.30653722967190544,-0.025149005997295377,1.9782170554346359,0.2942918663001541,-0.0070412369006363825,DEPTH_PROPOSAL_CERTIFIED,0.2698879353053595,0,32,0,0,76,FULL_MOTION_CERTIFICATE,0,0,0,81,0,0,0,0,0,,23.716666666,1.97821554633,0.294301704772,-0.00705399434371,0.991167765511,0.13169069496,-0.0156211866992,0.989107773164,0.147150852386,-0.00352699717186,1.97761147472,0.295415577944,-0.029111165331,1.9776121892472096,0.2954107946473179,-0.02911116533095428
23.683333333333334,-26.91888699595346,-2.3252572848433424,3.123006309724856,1.9761820605908749,0.3055104916711398,-0.02546140103468211,1.9782177414732074,0.29428741173337764,-0.007034672409681215,DEPTH_PROPOSAL_CERTIFIED,0.26915673250499883,0,32,0,0,76,FULL_MOTION_CERTIFICATE,0,0,0,81,0,0,0,0,0,,23.75,1.97821705543,0.2942918663,-0.00704123690064,0.991167765511,0.13169069496,-0.0156211866992,0.989108527717,0.14714593315,-0.00352061845032,1.97830012849,0.290745763944,-0.0294218441989,1.9779700180372106,0.29298428806179827,-0.029272620490800497
23.7,-26.885947953189955,-2.320184090811821,3.122576952481394,1.976342565810516,0.30439164189129103,-0.025761434607728794,1.9782183730317124,0.2942833259941792,-0.0070279898667404694,DEPTH_PROPOSAL_CERTIFIED,0.26843516787145716,0,32,0,0,76,FULL_MOTION_CERTIFICATE,0,0,0,81,0,0,0,0,0,,23.75,1.97821705543,0.2942918663,-0.00704123690064,0.991167765511,0.13169069496,-0.0156211866992,0.989108527717,0.14714593315,-0.00352061845032,1.97830012849,0.290745763944,-0.0294218441989,1.9783007294901374,0.29074167457713485,-0.02942184419889859
23.716666666666665,-26.85300605207677,-2.3151307485780546,3.122142799368659,1.9765140667912815,0.30320053402601177,-0.026049186764122382,1.9782189450636805,0.29427964290990016,-0.0070211936279551525,DEPTH_PROPOSAL_CERTIFIED,0.2677233252225384,0,32,0,0,76,FULL_MOTION_CERTIFICATE,0,0,0,82,0,0,0,0,0,,23.783333333,1.97821837303,0.294283325994,-0.00702798986674,0.991167765511,0.13169069496,-0.0156211866992,0.989109186516,0.147141662997,-0.00351399493337,1.97888839309,0.286756696602,-0.0296872335539,1.9786063787566202,0.28866901806960366,-0.02955976307212439
23.733333333333334,-26.820061152480665,-2.31009817287945,3.121704052762502,1.9766939757658941,0.3019545419162246,-0.026324796369410847,1.9782194535872712,0.2942763891520292,-0.007014288026736964,DEPTH_PROPOSAL_CERTIFIED,0.26702122512993354,0,32,0,0,76,FULL_MOTION_CERTIFICATE,0,0,0,82,0,0,0,0,0,,23.8,1.97821894506,0.29427964291,-0.00702119362796,0.991167765511,0.13169069496,-0.0156211866992,0.989109472532,0.147139821455,-0.00351059681398,1.97914953991,0.28498584,-0.0298050471809,1.9788888652561685,0.28675343817682397,-0.02968723355392955
23.75,-26.7871131519141,-2.305087025856201,3.1212609119002703,1.9768800339940662,0.3006688213949502,-0.026588451733914508,1.9782198955532526,0.29427358512340945,-0.007007277352372855,DEPTH_PROPOSAL_CERTIFIED,0.26898970035402825,0,32,0,0,76,FULL_MOTION_CERTIFICATE,0,0,0,82,0,0,0,0,0,,23.816666666,1.97821945359,0.294276389152,-0.00701428802674,0.991167765511,0.13169069496,-0.0156211866992,0.989109726794,0.147138194576,-0.00350714401337,1.97939090286,0.283349139302,-0.0299139355263,1.979149944377765,0.2849830310354014,-0.029805047180859363
23.766666666666666,-26.754161980634823,-2.3000977500785527,3.120813572194866,1.9770702767567114,0.29935654665893097,-0.026840382324247482,1.978220268726846,0.294271245752299,-0.007000165831987199,DEPTH_PROPOSAL_CERTIFIED,0.27511874561595817,0,32,0,0,76,FULL_MOTION_CERTIFICATE,0,0,0,82,0,0,0,0,0,,23.833333333,1.97821989555,0.294273585123,-0.00700727735237,0.991167765511,0.13169069496,-0.0156211866992,0.989109947777,0.147136792562,-0.00350363867619,1.97961398075,0.281836430985,-0.030014574761,1.9793912384609826,0.283346794879495,-0.02991393552630996
23.783333333333335,-26.721207597271995,-2.2951305980196537,3.1203622246707288,1.977263001769401,0.2980291235338995,-0.027080851448247657,1.9782205715820989,0.2942693812022988,-0.006992957615476009,DEPTH_PROPOSAL_CERTIFIED,0.28126940753337104,0,32,0,0,76,FULL_MOTION_CERTIFICATE,0,0,0,82,0,0,0,0,0,,23.85,1.97822026873,0.294271245752,-0.00700016583199,0.991167765511,0.13169069496,-0.0156211866992,0.989110134363,0.147135622876,-0.00350008291599,1.97982015881,0.280438321785,-0.0301075898112,1.9796142469242137,0.2818345614085184,-0.030014574761049285
23.8,-26.688249984927193,-2.290185658322271,3.119907055507244,1.9774567406882135,0.2966963818429629,-0.02731014980907632,1.9782208032075697,0.29426799750633226,-0.006985656763067054,DEPTH_PROPOSAL_CERTIFIED,0.28744133192641064,0,32,0,0,76,FULL_MOTION_CERTIFICATE,0,0,0,82,0,0,0,0,0,,23.866666666,1.97822057158,0.294269381202,-0.00699295761548,0.991167765511,0.13169069496,-0.0156211866992,0.989110285791,0.147134690601,-0.00349647880774,1.9800107173,0.279146130029,-0.0301935582613,1.9798203554977256,0.28043693321353497,-0.03010758981118618
23.816666666666666,-26.65528914770335,-2.2852628791764062,3.119448245676522,1.9776502334307318,0.2953667487519129,-0.02752858984333694,1.9782209632222214,0.2942670971320795,-0.006978267235196484,DEPTH_PROPOSAL_CERTIFIED,0.29363413716974596,0,32,0,0,76,FULL_MOTION_CERTIFICATE,0,0,0,82,0,0,0,0,0,,23.883333333,1.97822080321,0.294267997506,-0.00698565676307,0.991167765511,0.13169069496,-0.0156211866992,0.989110401604,0.147133998753,-0.00349282838153,1.98018683956,0.277951831512,-0.0302730139551,1.9800108448894556,0.2791452250411016,-0.0301935582613167
23.833333333333332,-26.62232510761922,-2.2803620890951124,3.1189859706638403,1.9778424050479555,0.29404740487764774,-0.027736500760894855,1.9782210517005117,0.2942666794856067,-0.0069707928844227034,DEPTH_PROPOSAL_CERTIFIED,0.29984742063667713,0,32,0,0,76,FULL_MOTION_CERTIFICATE,0,0,0,82,0,0,0,0,0,,23.9,1.97822096322,0.294267097132,-0.0069782672352,0.991167765511,0.13169069496,-0.0156211866992,0.989110481611,0.147133548566,-0.0034891336176,1.98034961922,0.276848010157,-0.030346450278,1.9801868987780853,0.2779514096116119,-0.030273013955101544
23.85,-26.589357901870873,-2.27548301534798,3.1185204002603544,1.9780323449003756,0.29274442482788376,-0.0279342242091623,1.9782210691057769,0.29426674135930586,-0.006963237449127335,DEPTH_PROPOSAL_CERTIFIED,0.3060807642885126,0,32,0,0,76,FULL_MOTION_CERTIFICATE,0,0,0,82,0,0,0,0,0,,23.916666666,1.9782210517,0.294266679486,-0.00697079288442,0.991167765511,0.13169069496,-0.0156211866992,0.98911052585,0.147133339743,-0.00348539644221,1.98050006707,0.275827811695,-0.030414323239,1.9803496110999015,0.27684806822076563,-0.030346450278024725
23.866666666666667,-26.556387580405378,-2.2706253002882955,3.1180516984186992,1.9782192879297595,0.29146290358111077,-0.02812211049929901,1.9782210162310847,0.2942672773296682,-0.00695560454878064,DEPTH_PROPOSAL_CERTIFIED,0.3123337395043059,0,32,0,0,76,FULL_MOTION_CERTIFICATE,0,0,0,82,0,0,0,0,0,,23.933333333,1.97822106911,0.294266741359,-0.00696323744913,0.991167765511,0.13169069496,-0.0156211866992,0.989110534553,0.14713337068,-0.00348161872456,1.98063911738,0.274884900936,-0.0304770543129,1.9804999928882427,0.27582834437047915,-0.03041432323896705
23.883333333333333,-26.52341420377492,-2.265788515787431,3.1175800231631383,1.9784025978276716,0.2902070700518881,-0.028300515333662592,1.978220894146802,0.2942682801099159,-0.0069478976805705745,DEPTH_PROPOSAL_CERTIFIED,0.3186059112364237,0,32,0,0,76,FULL_MOTION_CERTIFICATE,0,0,0,82,0,0,0,0,0,,23.95,1.97822101623,0.29426727733,-0.00695560454878,0.986576722529,0.162549528111,-0.0156211866992,0.989110508116,0.147133638665,-0.00347780227439,1.98053293954,0.275590516317,-0.030538135006,1.980638978582198,0.274885900995371,-0.030477054312898436
23.9,-26.490438137575314,-2.260970184689665,3.1171055226302133,1.9785639719763521,0.2890998658659978,-0.028470031975506304,1.9782207041542037,0.2942697408620471,-0.006940120217216617,DEPTH_PROPOSAL_CERTIFIED,0.324896374040485,0,32,0,0,76,FULL_MOTION_CERTIFICATE,0,0,0,82,0,0,0,0,0,,23.966666666,1.97822089415,0.29426828011,-0.00694789768057,0.986576722529,0.162549528111,-0.0156211866992,0.989110447073,0.147134140055,-0.00347394884029,1.98018158293,0.277944660452,-0.0305950311835,1.9805327365902547,0.27559197479813485,-0.030538135005999695
23.916666666666668,-26.457460029267786,-2.256165936095047,3.1166283390174803,1.9786864984513994,0.2882549156770337,-0.02863101676398736,1.978220454220429,0.29427160594050755,-0.006932275320179549,DEPTH_PROPOSAL_CERTIFIED,0.33120380190392384,0,32,0,0,76,FULL_MOTION_CERTIFICATE,0,0,0,82,0,0,0,0,0,,23.983333333,1.97822070415,0.294269740862,-0.00694012021722,0.986576722529,0.162549528111,-0.0156211866992,0.989110352077,0.147134870431,-0.00347006010861,1.97964914824,0.281516963233,-0.0306440722613,1.980181321446976,0.27794652337167336,-0.030595031183455922
23.933333333333334,-26.42448070588332,-2.251370192273968,3.1161486136680083,1.9787594030680997,0.28774462926476085,-0.028783520968330648,1.9782201584854022,0.29427378020668576,-0.006924366025637564,DEPTH_PROPOSAL_CERTIFIED,0.33752661954189866,0,32,0,0,76,FULL_MOTION_CERTIFICATE,0,0,0,82,0,0,0,0,0,,24,1.97822045422,0.294271605941,-0.00693227532018,0.986576722529,0.162549528111,-0.0156211866992,0.98911022711,0.14713580297,-0.00346613766009,1.9791570495,0.28481863701,-0.0306893981059,1.9796488393918423,0.28151913503503145,-0.030644072261318878
23.95,-26.391500880848636,-2.246578139909229,3.115666481908009,1.9787895020811987,0.28752314188435385,-0.028927905599967416,1.9782198350375255,0.2942761419812895,-0.006916395355499993,DEPTH_PROPOSAL_CERTIFIED,0.3466659285242726,0,32,0,0,76,FULL_MOTION_CERTIFICATE,0,0,0,83,0,0,0,0,0,,24.016666666,1.97822015849,0.294273780207,-0.00692436602564,0.986576722529,0.162549528111,-0.0156211866992,0.989110079243,0.147136890103,-0.00346218301282,1.978702231,0.287870183798,-0.0307312901719,1.9791567100410057,0.2848209958433879,-0.030689398105936093
23.966666666666665,-26.358521166453045,-2.241785646278605,3.1151820731472877,1.9787828637356137,0.2875496178374516,-0.02906452564329289,1.9782194995040074,0.29427858613650476,-0.006908366204400059,DEPTH_PROPOSAL_CERTIFIED,0.36389531871661496,0,32,0,0,76,FULL_MOTION_CERTIFICATE,0,0,0,83,0,0,0,0,0,,24.033333333,1.97821983504,0.294276141981,-0.0069163953555,0.986576722529,0.162549528111,-0.0156211866992,0.989109917519,0.147138070991,-0.00345819767775,1.97828186842,0.290690552978,-0.0307700085989,1.9787018759194759,0.2878726244652443,-0.030731290171863743
23.983333333333334,-26.325542085078528,-2.2369891837499183,3.1146955109989958,1.9787448824707952,0.28778775172114585,-0.029193728897504302,1.9782191653193202,0.2942810222911739,-0.006900281341661932,DEPTH_PROPOSAL_CERTIFIED,0.3811444675479695,0,32,0,0,76,FULL_MOTION_CERTIFICATE,0,0,0,83,0,0,0,0,0,,24.05,1.9782194995,0.294278586137,-0.0069083662044,0.986576722529,0.162549528111,-0.0156211866992,0.989109749752,0.147139293068,-0.0034541831022,1.97789335149,0.293297257821,-0.0308057938117,1.9782815110400078,0.290692985102215,-0.030770008598883288
24.0,-26.292564079308715,-2.232185761811539,3.1142069134152064,1.9786803461889722,0.2882053163027637,-0.02931585502736579,1.9782188439671107,0.2942833731840672,-0.0068921434136946505,DEPTH_PROPOSAL_CERTIFIED,0.39841236546117054,0,32,0,0,77,FULL_MOTION_CERTIFICATE,0,0,0,83,0,0,0,0,0,,24.066666666,1.97821916532,0.294281022291,-0.00690028134166,0.986576722529,0.162549528111,-0.0156211866992,0.98910958266,0.147140511146,-0.00345014067083,1.97753426768,0.295706484876,-0.0308388680215,1.9778930035507325,0.2932996041985021,-0.030805793811676016
24.016666666666666,-26.259587521022166,-2.2273728659291088,3.1137163928352125,1.978593497192959,0.28877375294583574,-0.029431234799645718,1.9782185451980603,0.29428557320868093,-0.006883954946737864,DEPTH_PROPOSAL_CERTIFIED,0.4156981758730608,0,32,0,0,77,FULL_MOTION_CERTIFICATE,0,0,0,83,0,0,0,0,0,,24.083333333,1.97821884397,0.294283373184,-0.00689214341369,0.986576722529,0.162549528111,-0.0156211866992,0.989109421984,0.147141686592,-0.00344607170685,1.97720238718,0.297933194871,-0.0308694366112,1.9775339394415996,0.29570867999131484,-0.030838868021460925
24.033333333333335,-26.226612719566017,-2.222548402583773,3.11322405634384,1.978488087368516,0.2894678007200776,-0.02954018948234127,1.9782182772259518,0.2942875670944342,-0.006875718349892435,DEPTH_PROPOSAL_CERTIFIED,0.43300121284828563,0,32,0,0,77,FULL_MOTION_CERTIFICATE,0,0,0,83,0,0,0,0,0,,24.1,1.9782185452,0.294285573209,-0.00688395494674,0.986576722529,0.162549528111,-0.0156211866992,0.989109272599,0.147142786604,-0.00344197747337,1.97689564913,0.299991214712,-0.0308976893987,1.9772020875103116,0.29793518356582716,-0.030869436611226774
24.05,-26.193639929096893,-2.2177106499072914,3.1127300058374217,1.9783674281476007,0.29026516058892365,-0.029643030385095054,1.9782180469040096,0.29428930872050496,-0.006867435918377269,DEPTH_PROPOSAL_CERTIFIED,0.45032092127253465,0,32,0,0,77,FULL_MOTION_CERTIFICATE,0,0,0,83,0,0,0,0,0,,24.116666666,1.97821827723,0.294287567094,-0.00687571834989,0.986576722529,0.162549528111,-0.0156211866992,0.989109138613,0.147143783547,-0.00343785917495,1.97661214883,0.301893323841,-0.0309238018219,1.976895385652435,0.2999929509888464,-0.030897689398691315
24.066666666666666,-26.160669355168373,-2.2128582133808066,3.112234338195351,1.978234435711367,0.2911461915890981,-0.029740058524243877,1.9782178598833704,0.2942907600498221,-0.0068591098369613504,DEPTH_PROPOSAL_CERTIFIED,0.46765685926657596,0,32,0,0,78,FULL_MOTION_CERTIFICATE,0,0,0,83,0,0,0,0,0,,24.133333333,1.9782180469,0.294289308721,-0.00686743591838,0.986576722529,0.162549528111,-0.0156211866991,0.989109023452,0.14714465436,-0.00343371795919,1.97635012582,0.303651333905,-0.0309479360327,1.976611927989317,0.3018947697912273,-0.0309238018218596
24.083333333333332,-26.127701160637226,-2.207989986112965,3.111737145455416,1.9780916718689845,0.2920936360705167,-0.029831564396094995,1.978217720755385,0.2942918901718237,-0.006850742183525793,DEPTH_PROPOSAL_CERTIFIED,0.4850086826081401,0,32,0,0,78,FULL_MOTION_CERTIFICATE,0,0,0,83,0,0,0,0,0,,24.15,1.97821785988,0.29429076005,-0.00685910983696,0.986576722529,0.162549528111,-0.0156211866992,0.989108929942,0.147145380025,-0.00342955491848,1.97610795303,0.305276161386,-0.0309702418942,1.9763499529919175,0.3036524587438241,-0.030947936032678678
24.1,-26.09473547095357,-2.203105113258607,3.111238514991367,1.9779413810191642,0.2930923712614408,-0.029917827842917865,1.9782176331792936,0.29429267444362855,-0.006842334932716731,DEPTH_PROPOSAL_CERTIFIED,0.5023761309516084,0,32,0,0,78,FULL_MOTION_CERTIFICATE,0,0,0,83,0,0,0,0,0,,24.166666666,1.97821772076,0.294291890172,-0.00685074218353,0.986576722529,0.162549528111,-0.0156211866992,0.989108860378,0.147145945086,-0.00342537109176,1.97588412667,0.306777895783,-0.0309908579164,1.9761078326513564,0.3052769405907126,-0.030970241894156716
24.116666666666667,-26.06177237889455,-2.198202960178164,3.110738529691367,1.9777855235413462,0.2941291848265833,-0.029999117999997812,1.9782175999966711,0.2942930937202398,-0.006833889959655308,DEPTH_PROPOSAL_CERTIFIED,0.5197590156560574,0,32,0,0,78,FULL_MOTION_CERTIFICATE,0,0,0,83,0,0,0,0,0,,24.183333333,1.97821763318,0.294292674444,-0.00684233493272,0.986576722529,0.162549528111,-0.0156211866992,0.98910881659,0.147146337222,-0.00342116746636,1.97567725685,0.308165862511,-0.0310099121199,1.975884062311967,0.3067783103213225,-0.030990857916373234
24.133333333333333,-26.02881194879544,-2.19328308397484,3.1102372681361654,1.9776258059466598,0.29519257219944317,-0.03007569331211393,1.9782176233339162,0.2942931336652251,-0.006825409043675291,DEPTH_PROPOSAL_CERTIFIED,0.5371572090509629,0,32,0,0,78,FULL_MOTION_CERTIFICATE,0,0,0,83,0,0,0,0,0,,24.2,1.9782176,0.29429309372,-0.00683388995966,0.986576722529,0.162549528111,-0.0156211866992,0.989108799998,0.14714654686,-0.00341694497983,1.97548605898,0.309448680242,-0.0310275228232,1.9756772512914866,0.30816589814833417,-0.03100991211993059
24.15,-25.99585422032716,-2.188345208081205,3.1097348047760254,1.9774637080967878,0.29627255361810495,-0.030147801608407535,1.9782177046939338,0.2942927841341051,-0.006816893872062846,DEPTH_PROPOSAL_CERTIFIED,0.5553540363899867,0,32,0,0,78,FULL_MOTION_CERTIFICATE,0,0,0,83,0,0,0,0,0,,24.216666666,1.97821762333,0.294293133665,-0.00682540904368,0.986576722529,0.162549528111,-0.0156211866992,0.989108811667,0.147146566833,-0.00341270452184,1.97530934581,0.310634314738,-0.0310437993813,1.97548611432835,0.3094483269257796,-0.03102752282318958
24.166666666666668,-25.962899211864613,-2.1833891995961205,3.109231210105566,1.977300507752532,0.2973605091050324,-0.03021568022756296,1.9782178450380585,0.294292038623418,-0.006808346043777188,DEPTH_PROPOSAL_CERTIFIED,0.5790081052563005,0,32,0,0,78,FULL_MOTION_CERTIFICATE,0,0,0,83,0,0,0,0,0,,24.233333333,1.97821770469,0.294292784134,-0.00681689387206,0.986576722529,0.162549528111,-0.0156211866992,0.989108852347,0.147146392067,-0.00340844693603,1.97514602,0.311730128509,-0.0310588428677,1.9753094635526123,0.310633566045545,-0.031043799381259007
24.183333333333334,-25.929946923486256,-2.1784150491008734,3.1087265508358137,1.9771373027014916,0.29844902971483595,-0.030279556185149048,1.97821804485918,0.29429089377905304,-0.006799767073133578,DEPTH_PROPOSAL_CERTIFIED,0.6026735745343412,0,32,0,0,79,FULL_MOTION_CERTIFICATE,0,0,0,83,0,0,0,0,0,,24.25,1.97821784504,0.294292038623,-0.00680834604378,0.989108922519,0.147146019312,-0.00340417302189,0.989108922519,0.147146019312,-0.00340417302189,1.97519765488,0.311514118519,-0.0300685563984,1.9751462010787966,0.31172898115443953,-0.03105884286769935
24.2,-25.896997083850174,-2.173424404234358,3.1082221579799336,1.9769903781650169,0.29943869199094975,-0.030263571352821043,1.9782183042469121,0.2942893489580382,-0.006791158393433045,DEPTH_PROPOSAL_CERTIFIED,0.6263499915537238,0,32,0,0,80,FULL_MOTION_CERTIFICATE,0,0,0,84,0,0,0,0,0,,24.266666666,1.97821804486,0.294290893779,-0.00679976707313,0.98910902243,0.14714544689,-0.00339988353657,0.98910902243,0.14714544689,-0.00339988353657,1.97542647229,0.310209328818,-0.0283057693988,1.9751978988200243,0.311512571759539,-0.03006855639841936
24.216666666666665,-25.864049218463915,-2.168420162491179,3.1077202370962174,1.9768719231756045,0.3002545045907473,-0.030115253022973507,1.9782186177610295,0.294287440046524,-0.0067825492630601255,DEPTH_PROPOSAL_CERTIFIED,0.6500366545693144,0,32,0,0,80,FULL_MOTION_CERTIFICATE,0,0,0,84,0,0,0,0,0,,24.283333333,1.97821830425,0.294289348958,-0.00679115839343,0.989109152123,0.147144674479,-0.00339557919672,0.989109152123,0.147144674479,-0.00339557919672,1.97563797472,0.309003269714,-0.0266758745931,1.9754267723047725,0.3102074183082785,-0.02830576939883344
24.233333333333334,-25.83110291065677,-2.1634048771189107,3.1072226588620335,1.9767784684283558,0.3009171223360479,-0.02985469405101329,1.9782189757880353,0.29428523054260236,-0.006773988236139447,DEPTH_PROPOSAL_CERTIFIED,0.6737330675221798,0,32,0,0,80,FULL_MOTION_CERTIFICATE,0,0,0,84,0,0,0,0,0,,24.3,1.97821861776,0.294287440047,-0.00678254926306,0.989109308881,0.147143720023,-0.00339127463153,0.989109308881,0.147143720023,-0.00339127463153,1.97583347798,0.307888434111,-0.0251688044622,1.975638320511924,0.3090010588287137,-0.026675874593099152
24.25,-25.798157795536298,-2.1583807926855116,3.1067309971551085,1.9767069072285097,0.30144506600397003,-0.02949970241549694,1.9782193698568389,0.2942827764393381,-0.0067655165630577645,DEPTH_PROPOSAL_CERTIFIED,0.6974389106587919,0,32,0,0,80,FULL_MOTION_CERTIFICATE,0,0,0,84,0,0,0,0,0,,24.316666666,1.97821897579,0.294285230543,-0.00677398823614,0.989109487894,0.147142615271,-0.00338699411807,0.989109487894,0.147142615271,-0.00338699411807,1.9760141975,0.306857888427,-0.0237752578341,1.975833860590389,0.3078859787526202,-0.025168804462197224
24.266666666666666,-25.765213554529595,-2.15334987722713,3.106246563282251,1.976654460402363,0.3018549275029129,-0.029066032371455292,1.9782197925209952,0.2942801269965068,-0.006757169016022943,DEPTH_PROPOSAL_CERTIFIED,0.7211540145874069,0,32,0,0,80,FULL_MOTION_CERTIFICATE,0,0,0,84,0,0,0,0,0,,24.333333333,1.97821936986,0.294282776439,-0.00676551656306,0.989109684928,0.14714138822,-0.00338275828153,0.989109684928,0.14714138822,-0.00338275828153,1.97618125602,0.305905228409,-0.0224866410454,1.976014609123373,0.30685523779001583,-0.023775257834146843
24.283333333333335,-25.732269910455376,-2.1483138512912623,3.1057704367216736,1.9766186444529488,0.30216155615201284,-0.028567593634633844,1.9782202372522135,0.29427732543847,-0.006748974631535537,DEPTH_PROPOSAL_CERTIFIED,0.7448783374035082,0,32,0,0,80,FULL_MOTION_CERTIFICATE,0,0,0,84,0,0,0,0,0,,24.35,1.97821979252,0.294280126997,-0.00675716901602,0.98910989626,0.147140063498,-0.00337858450801,0.98910989626,0.147140063498,-0.00337858450801,1.97633569061,0.305024538891,-0.0212950143527,1.9761816898700952,0.3059024256710321,-0.02248664104541322
24.3,-25.699326623077674,-2.143274214161345,3.105303492710695,1.9765972426623022,0.30237822779505846,-0.028016640658728848,1.9782206983441093,0.2942744095849625,-0.006740957377631808,DEPTH_PROPOSAL_CERTIFIED,0.7686119445551336,0,32,0,0,80,FULL_MOTION_CERTIFICATE,0,0,0,84,0,0,0,0,0,,24.366666666,1.97822023725,0.294277325438,-0.00674897463154,0.989110118626,0.147138662719,-0.00337448731577,0.989110118626,0.147138662719,-0.00337448731577,1.97647845929,0.304210356086,-0.0201930416906,1.9763361408164137,0.3050216218402151,-0.021295014352687488
24.316666666666666,-25.666383485096283,-2.1382322675239864,3.1048464269812417,1.9765882788835138,0.30251679824154193,-0.02742394376720537,1.9782211708252564,0.2942714124209446,-0.006733136753022252,DEPTH_PROPOSAL_CERTIFIED,0.7923549911523347,0,32,0,0,80,FULL_MOTION_CERTIFICATE,0,0,0,84,0,0,0,0,0,,24.383333333,1.97822069834,0.294274409585,-0.00674095737763,0.989110349172,0.147137204792,-0.00337047868882,0.989110349172,0.147137204792,-0.00337047868882,1.9766104471,0.303457632851,-0.0191739443738,1.9764789207822948,0.30420735768864027,-0.020193041690618526
24.333333333333332,-25.633440318533296,-2.1331891368165277,3.104399777917689,1.9765899937794096,0.302587842447549,-0.02679894381315941,1.9782216503806922,0.29426836261114503,-0.006725528324622626,DEPTH_PROPOSAL_CERTIFIED,0.8161077064553908,0,32,0,0,80,FULL_MOTION_CERTIFICATE,0,0,0,84,0,0,0,0,0,,24.4,1.97822117083,0.294271412421,-0.00673313675302,0.989110585413,0.14713570621,-0.00336656837651,0.989110585413,0.14713570621,-0.00336656837651,1.97673247162,0.302761707047,-0.0182314589291,1.9766109155093377,0.3034545817608352,-0.0191739443737982
24.35,-25.600496971478602,-2.1281457904706578,3.1039639463855555,1.9766008232813577,0.3026007807521465,-0.026149891928005726,1.9782221332810928,0.29426528496440824,-0.00671814420937843,DEPTH_PROPOSAL_CERTIFIED,0.8398703803043537,0,32,0,0,80,FULL_MOTION_CERTIFICATE,0,0,0,84,0,0,0,0,0,,24.416666666,1.97822165038,0.294268362611,-0.00672552832462,0.98911082519,0.147134181306,-0.00336276416231,0.98911082519,0.147134181306,-0.00336276416231,1.97684528819,0.302118271888,-0.0173597975546,1.9767329432051255,0.3027586280682362,-0.018231458929132128
24.366666666666667,-25.56755331516071,-2.1231030572489797,3.103539213457429,1.9766193790736781,0.3025639933006959,-0.02548397568759367,1.9782226163189045,0.29426220085249555,-0.006710993505726425,DEPTH_PROPOSAL_CERTIFIED,0.8612610998192132,0,32,0,0,80,FULL_MOTION_CERTIFICATE,0,0,0,84,0,0,0,0,0,,24.433333333,1.97822213328,0.294265284964,-0.00671814420938,0.989111066641,0.147132642482,-0.00335907210469,0.989111066641,0.147132642482,-0.00335907210469,1.97694959464,0.301523348624,-0.016553611679,1.9768457597399884,0.3021151863929984,-0.017359797554566053
24.383333333333333,-25.534609241312054,-2.118061641853529,3.1031257562414347,1.976644430919255,0.3024849237270563,-0.024807432959666795,1.9782230967507943,0.29425912858758274,-0.006704082679563577,DEPTH_PROPOSAL_CERTIFIED,0.8826330226793471,0,32,0,0,80,FULL_MOTION_CERTIFICATE,0,0,0,84,0,0,0,0,0,,24.45,1.97822261632,0.294262200852,-0.00671099350573,0.989111308159,0.147131100426,-0.00335549675286,0.989111308159,0.147131100426,-0.00335549675286,1.97704603568,0.300973261661,-0.0158079587721,1.9769500634352917,0.3015202749286532,-0.016553611678958424
24.4,-25.501664659801147,-2.1130221389686388,3.1027236619978993,1.9766748906545117,0.302370173093421,-0.02412565461212646,1.9782235722458184,0.29425608376231316,-0.006697415909142791,DEPTH_PROPOSAL_CERTIFIED,0.9040224126801772,0,32,0,0,80,FULL_MOTION_CERTIFICATE,0,0,0,84,0,0,0,0,0,,24.466666666,1.97822309675,0.294259128588,-0.00670408267956,0.989111548375,0.147129564294,-0.00335204133978,0.989111548375,0.147129564294,-0.00335204133978,1.97713520697,0.300464615236,-0.015118271217,1.9770464994246433,0.30097021536307045,-0.01580795877213385
24.416666666666668,-25.468719496506033,-2.107985045886236,3.102332940713196,1.9767097977066224,0.3022255849441281,-0.02344327708218881,1.9782240408387812,0.2942530795559083,-0.006690995392893161,DEPTH_PROPOSAL_CERTIFIED,0.9254290110186218,0,32,0,0,80,FULL_MOTION_CERTIFICATE,0,0,0,84,0,0,0,0,0,,24.483333333,1.97822357225,0.294256083762,-0.00669741590914,0.989111786123,0.147128041881,-0.00334870795457,0.989111786123,0.147128041881,-0.00334870795457,1.97721765888,0.299994271933,-0.0144803276203,1.9771356637423705,0.3004616095227551,-0.015118271216950878
24.433333333333334,-25.435773691406148,-2.1029507738481406,3.101953536283874,1.9767483059933155,0.3020563222857328,-0.022764265759315994,1.978224500888292,0.2942501270095327,-0.006684821623805719,DEPTH_PROPOSAL_CERTIFIED,0.946852580880921,0,32,0,0,80,FULL_MOTION_CERTIFICATE,0,0,0,84,0,0,0,0,0,,24.5,1.97822404084,0.294253079556,-0.00669099539289,0.989112020419,0.147126539778,-0.00334549769645,0.989112020419,0.147126539778,-0.00334549769645,1.97729389994,0.299559333108,-0.0138902266821,1.9772181070909736,0.2999913178533102,-0.01448032762026715
24.45,-25.402827196871566,-2.0979196582272994,3.1015853364493466,1.9767896720750844,0.30186693725048697,-0.02209199007165186,1.9782249510390737,0.29424723527381597,-0.0066788936336851954,DEPTH_PROPOSAL_CERTIFIED,0.9682929069771566,0,32,0,0,80,FULL_MOTION_CERTIFICATE,0,0,0,85,0,0,0,0,0,,24.516666666,1.97822450089,0.29425012701,-0.00668482162381,0.989112250444,0.147125063505,-0.0033424108119,0.989112250444,0.147125063505,-0.0033424108119,1.97736440001,0.299157120541,-0.0133443626844,1.9772943382726658,0.29955643982048735,-0.013890226682148918
24.466666666666665,-25.369879976130758,-2.0928919676591278,3.101228181598894,1.9768332444487025,0.30166143409032264,-0.02142929102716403,1.9782253901881264,0.29424441183116834,-0.0066732092102497085,DEPTH_PROPOSAL_CERTIFIED,0.9897497949143921,0,32,0,0,80,FULL_MOTION_CERTIFICATE,0,0,0,85,0,0,0,0,0,,24.533333333,1.97822495104,0.294247235274,-0.00667889363369,0.98911247552,0.147123617637,-0.00333944681684,0.98911247552,0.147123617637,-0.00333944681684,1.97742959327,0.298785159529,-0.0128394028977,1.9773648274068425,0.29915429553631806,-0.013344362684412024
24.483333333333334,-25.336932001899477,-2.0878679122238615,3.1008818725667866,1.9768784538764657,0.30144332611593144,-0.020778541926450185,1.9782258174543723,0.29424166269528906,-0.006667765089792233,DEPTH_PROPOSAL_CERTIFIED,1.0112230704437217,0,32,0,0,80,FULL_MOTION_CERTIFICATE,0,0,0,85,0,0,0,0,0,,24.55,1.97822539019,0.294244411831,-0.00667320921025,0.989112695094,0.147122205916,-0.00333660460512,0.989112695094,0.147122205916,-0.00333660460512,1.97748988092,0.298441163484,-0.012372267003,1.9774300088951762,0.29878240882835955,-0.012839402897742616
24.5,-25.303983255155266,-2.0828476507712934,3.100546177518168,1.976924804652674,0.3012156871540931,-0.020141702917096705,1.9782262321514468,0.29423899259005026,-0.006662557127860749,DEPTH_PROPOSAL_CERTIFIED,1.0327125786115205,0,32,0,0,80,FULL_MOTION_CERTIFICATE,0,0,0,85,0,0,0,0,0,,24.566666666,1.97822581745,0.294241662695,-0.00666776508979,0.989112908727,0.147120831348,-0.0033338825449,0.989112908727,0.147120831348,-0.0033338825449,1.97754563368,0.298123019498,-0.0119401077844,1.9774902841224138,0.2984384918196652,-0.012372267002983769
24.516666666666666,-25.271033724043207,-2.077831297471104,3.1002208380189598,1.9769718667236154,0.30098119801137513,-0.019520369952500193,1.9782266337633438,0.29423640510973254,-0.006657580450174209,DEPTH_PROPOSAL_CERTIFIED,1.0542181828405774,0,32,0,0,80,FULL_MOTION_CERTIFICATE,0,0,0,85,0,0,0,0,0,,24.583333333,1.97822623215,0.29423899259,-0.00666255712786,0.989113116076,0.147119496295,-0.00333127856393,0.989113116076,0.147119496295,-0.00333127856393,1.97759719418,0.297828775029,-0.0115402933327,1.9775460239891003,0.29812043047021597,-0.01194010778442229
24.533333333333335,-25.23808340290018,-2.0728189276642954,3.0999055743740693,1.9770192685813586,0.3007421884084564,-0.018915818693427892,1.9782270219226241,0.2942339028624124,-0.0066528295857898895,DEPTH_PROPOSAL_CERTIFIED,1.0757397639628938,0,32,0,0,80,FULL_MOTION_CERTIFICATE,0,0,0,85,0,0,0,0,0,,24.6,1.97822663376,0.29423640511,-0.00665758045017,0.989113316882,0.147118202555,-0.00332879022509,0.989113316882,0.147118202555,-0.00332879022509,1.97764487899,0.297556625787,-0.0111703908342,1.9775975712458262,0.29782627125284855,-0.01154029333274709
24.55,-25.2051322913859,-2.0678105830839915,3.099600090309809,1.9770666908569734,0.3005006748182572,-0.018329043855611044,1.9782273963909511,0.2942314875981363,-0.006648298584344843,DEPTH_PROPOSAL_CERTIFIED,1.0972772192227003,0,32,0,0,80,FULL_MOTION_CERTIFICATE,0,0,0,85,0,0,0,0,0,,24.616666666,1.97822702192,0.294233902862,-0.00665282958579,0.989113510961,0.147116951431,-0.00332641479289,0.989113510961,0.147116951431,-0.00332641479289,1.97768898073,0.297304904364,-0.0108281513594,1.9776452426194737,0.29755420901782714,-0.011170390834245028
24.566666666666666,-25.172180393710068,-2.0628062765077355,3.099304077069408,1.9771138605501914,0.3002583945753713,-0.017760794424081093,1.9782277570417168,0.2942291603233586,-0.006643981119013505,DEPTH_PROPOSAL_CERTIFIED,1.1206452177025799,0,32,0,0,80,FULL_MOTION_CERTIFICATE,0,0,0,85,0,0,0,0,0,,24.633333333,1.97822739639,0.294231487598,-0.00664829858434,0.989113698195,0.147115743799,-0.00332414929217,0.989113698195,0.147115743799,-0.00332414929217,1.9777297698,0.297072069756,-0.0105114958398,1.9776893308074526,0.2973025756121626,-0.010828151359415273
24.583333333333332,-25.139227717946145,-2.0578059958976214,3.0990172169837846,1.9771605458354657,0.3000168366068618,-0.01721160513739462,1.9782281038445597,0.2942269214029927,-0.006639870576672871,DEPTH_PROPOSAL_CERTIFIED,1.144351557708819,0,32,0,0,80,FULL_MOTION_CERTIFICATE,0,0,0,85,0,0,0,0,0,,24.65,1.97822775704,0.294229160323,-0.00664398111901,0.989113878521,0.147114580162,-0.00332199055951,0.989113878521,0.147114580162,-0.00332199055951,1.9777674961,0.296856697825,-0.0102185022945,1.9777301063158108,0.2970698293910458,-0.010511495839819253
24.6,-25.106274275423,-2.0528097080790997,3.098739186573468,1.9772065513883543,0.29977726911124786,-0.016681824618993764,1.9782284368515832,0.29422477065129315,-0.006635960136621797,DEPTH_PROPOSAL_CERTIFIED,1.1680608053812342,0,32,0,0,80,FULL_MOTION_CERTIFICATE,0,0,0,85,0,0,0,0,0,,24.666666666,1.97822810384,0.294226921403,-0.00663987057667,0.989114051922,0.147113460701,-0.00331993528834,0.989114051922,0.147113460701,-0.00331993528834,1.97780239063,0.296657472346,-0.00994739384188,1.9777678191335963,0.296854545664758,-0.010218502294504403
24.616666666666667,-25.073320080186587,-2.047817362004737,3.098469659232314,1.9772517141849568,0.29954076446177513,-0.016171640469212194,1.9782287561851082,0.29422270741267376,-0.006632242839065524,DEPTH_PROPOSAL_CERTIFIED,1.191773368038182,0,32,0,0,80,FULL_MOTION_CERTIFICATE,0,0,0,85,0,0,0,0,0,,24.683333333,1.97822843685,0.294224770651,-0.00663596013662,0.989114218426,0.147112385326,-0.00331798006831,0.989114218426,0.147112385326,-0.00331798006831,1.97783466686,0.296473176759,-0.00969652764707,1.9778027003035086,0.2966554077382076,-0.009947393841876661
24.633333333333333,-25.040365148524433,-2.0428288916447803,3.0982083075386635,1.9772958997292558,0.29930822159741055,-0.01568110161904973,1.9782290620268028,0.2942207306334654,-0.006628711644463987,DEPTH_PROPOSAL_CERTIFIED,1.2154896408025981,0,32,0,0,80,FULL_MOTION_CERTIFICATE,0,0,0,85,0,0,0,0,0,,24.7,1.97822875619,0.294222707413,-0.00663224283907,0.989114378093,0.147111353706,-0.00331612141953,0.989114378093,0.147111353706,-0.00331612141953,1.97786452211,0.296302686654,-0.00946438485394,1.9778349633697023,0.2964711986521626,-0.009696527647067299
24.65,-25.007409498546664,-2.037844218542319,3.0979548052348678,1.9773389986661793,0.2990803861476765,-0.015210138227753524,1.9782293546080585,0.29421883892552236,-0.006625359484734191,DEPTH_PROPOSAL_CERTIFIED,1.2392100057943685,0,32,0,0,80,FULL_MOTION_CERTIFICATE,0,0,0,85,0,0,0,0,0,,24.716666666,1.97822906203,0.294220730633,-0.00662871164446,0.989114531013,0.147110365317,-0.00331435582223,0.989114531013,0.147110365317,-0.00331435582223,1.97789213877,0.296144962719,-0.00924956113454,1.9778648056966455,0.2963007936609212,-0.009464384853939457
24.666666666666668,-24.974453149817577,-2.0328632540673475,3.0977088289122503,1.97738092374499,0.29885786849826335,-0.0147585793570556,1.9782296342014754,0.29421703062249754,-0.006622179307195418,DEPTH_PROPOSAL_CERTIFIED,1.262934831536628,0,32,0,0,80,FULL_MOTION_CERTIFICATE,0,0,0,85,0,0,0,0,0,,24.733333333,1.97822935461,0.294218838926,-0.00662535948473,0.989114677304,0.147109419463,-0.00331267974237,0.989114677304,0.147109419463,-0.00331267974237,1.97791768542,0.295999044247,-0.00905075797528,1.9778924097064785,0.296143153175423,-0.009249561134541845
24.683333333333334,-24.941496123032593,-2.02788590140076,3.0974700594348117,1.9774216070991333,0.2986411599952457,-0.014326168646314846,1.9782299011133548,0.29421530382953376,-0.0066191641120624456,DEPTH_PROPOSAL_CERTIFIED,1.2866644725466,0,32,0,0,80,FULL_MOTION_CERTIFICATE,0,0,0,85,0,0,0,0,0,,24.75,1.9782296342,0.294217030622,-0.0066221793072,0.989114817101,0.147108515311,-0.0033110896536,0.989114817101,0.147108515311,-0.0033110896536,1.97794131791,0.295864043212,-0.00886677473917,1.9779179440196821,0.2959973162584302,-0.009050757975277327
24.7,-24.908538439735747,-2.022912057276213,3.0972381831314983,1.9774609978108795,0.29843064747284964,-0.013912578198803684,1.9782301556770847,0.2942136564670429,-0.006616306984211038,DEPTH_PROPOSAL_CERTIFIED,1.3103992690850816,0,32,0,0,80,FULL_MOTION_CERTIFICATE,0,0,0,86,0,0,0,0,0,,24.766666666,1.97822990111,0.29421530383,-0.00661916411206,0.989114950557,0.147107651915,-0.00330958205603,0.989114950557,0.147107651915,-0.00330958205603,1.97796318027,0.295739138719,-0.00869650121362,1.9779415644941827,0.29586239469961734,-0.00886677473916721
24.716666666666665,-24.875580122073508,-2.017941613505222,3.097012892783974,1.9774990597343272,0.2982266262594748,-0.013517420851441437,1.9782303982473388,0.29421208630918533,-0.006613601119864359,DEPTH_PROPOSAL_CERTIFIED,1.3341395470413915,0,32,0,0,80,FULL_MOTION_CERTIFICATE,0,0,0,86,0,0,0,0,0,,24.783333333,1.97823015568,0.294213656467,-0.00661630698421,0.989115077839,0.147106828234,-0.00330815349211,0.989115077839,0.147106828234,-0.00330815349211,1.97798340568,0.295623571879,-0.00853891073854,1.97796341520039,0.2957375674563016,-0.008696501213621734
24.733333333333334,-24.842621192580978,-2.0129744583083853,3.0967938884340676,1.9775357695514328,0.29802931181016934,-0.01314026099440376,1.9782306291949872,0.294210591017597,-0.006611039848786721,DEPTH_PROPOSAL_CERTIFIED,1.3578856179334697,0,32,0,0,80,FULL_MOTION_CERTIFICATE,0,0,0,86,0,0,0,0,0,,24.8,1.97823039825,0.294212086309,-0.00661360111986,0.989115199124,0.147106043155,-0.00330680055993,0.989115199124,0.147106043155,-0.00330680055993,1.97800211724,0.295516641152,-0.00839305394633,1.9779836293201207,0.2956220755286427,-0.00853891073854487
24.75,-24.809661673997024,-2.008010477473315,3.0965808780324537,1.9775711150373465,0.2978388501042184,-0.012780624096822719,1.978230848902662,0.29420916817086584,-0.006608616652511343,DEPTH_PROPOSAL_CERTIFIED,1.381637779005298,0,32,0,0,80,FULL_MOTION_CERTIFICATE,0,0,0,86,0,0,0,0,0,,24.816666666,1.97823062919,0.294210591018,-0.00661103984879,0.989115314597,0.147105295509,-0.00330551992439,0.989115314597,0.147105295509,-0.00330551992439,1.97801942875,0.295417697964,-0.00825805288374,1.9780023299654936,0.29551521729161667,-0.008393053946333757
24.766666666666666,-24.7767015891051,-2.0030495553579293,3.0963735779480284,1.9776050935153855,0.2976553269231643,-0.012438005065528427,1.9782310577608957,0.29420781529020623,-0.006606325179072049,DEPTH_PROPOSAL_CERTIFIED,1.4072069048781473,0,32,0,0,80,FULL_MOTION_CERTIFICATE,0,0,0,86,0,0,0,0,0,,24.833333333,1.9782308489,0.294209168171,-0.00660861665251,0.989115424451,0.147104584085,-0.00330430832626,0.989115424451,0.147104584085,-0.00330430832626,1.97803544543,0.295326142675,-0.00813309559099,1.9780196309474614,0.2954163441143043,-0.008258052883737804
24.783333333333335,-24.74374096059705,-1.9980915757559288,3.0961717133553637,1.977637710482735,0.2974787761199845,-0.012111875559881845,1.9782312561647726,0.2942065298617358,-0.006604159254663369,DEPTH_PROPOSAL_CERTIFIED,1.433694789136776,0,32,0,0,80,FULL_MOTION_CERTIFICATE,0,0,0,86,0,0,0,0,0,,24.85,1.97823105776,0.29420781529,-0.00660632517907,0.98911552888,0.147103907645,-0.00330316258954,0.98911552888,0.147103907645,-0.00330316258954,1.97805026455,0.295241420901,-0.00801743116354,1.978035637484397,0.29532485632119126,-0.008133095590994224
24.8,-24.710779810957234,-1.9931364226395438,3.0959750185157247,1.9776689783891654,0.29730918698311876,-0.011801690378340458,1.978231444511045,0.29420530935572414,-0.00660211289260879,DEPTH_PROPOSAL_CERTIFIED,1.460404194339121,0,32,0,0,80,FULL_MOTION_CERTIFICATE,0,0,0,86,0,0,0,0,0,,24.866666666,1.97823125616,0.294206529862,-0.00660415925466,0.989115628082,0.147103264931,-0.00330207962733,0.989115628082,0.147103264931,-0.00330207962733,1.97806397603,0.295163020068,-0.00791036511412,1.9780504468476168,0.2952401995133561,-0.00801743116353531
24.816666666666666,-24.677818162364666,-1.9881839807931936,3.095783236965561,1.9776989155541749,0.2971465107810251,-0.011506893009838587,1.9782316231956536,0.2942041512431419,-0.0066001802999752935,DEPTH_PROPOSAL_CERTIFIED,1.4870561463003884,0,32,0,0,80,FULL_MOTION_CERTIFICATE,0,0,0,86,0,0,0,0,0,,24.883333333,1.97823144451,0.294205309356,-0.00660211289261,0.989115722256,0.147102654678,-0.0033010564463,0.989115722256,0.147102654678,-0.0033010564463,1.97807666304,0.295090466225,-0.00781125509535,1.9780641489672903,0.2951618611154822,-0.00791036511411554
24.833333333333332,-24.64485603661119,-1.9832341363503647,3.095596121624885,1.9777275452084904,0.2969906665697485,-0.011226920440559356,1.978231792611614,0.29420305300980804,-0.006598355882138505,DEPTH_PROPOSAL_CERTIFIED,1.5136510183207053,0,32,0,0,80,FULL_MOTION_CERTIFICATE,0,0,0,86,0,0,0,0,0,,24.9,1.9782316232,0.294204151243,-0.00660018029998,0.989115811598,0.147102075622,-0.00330009014999,0.989115811598,0.147102075622,-0.00330009014999,1.97808840244,0.295023321149,-0.00771950700296,1.978076826991139,0.2950893671921738,-0.007811255095352528
24.85,-24.61189345503374,-1.9782867772446835,3.095413434836529,1.9777548946467425,0.296841546340821,-0.010961207301347142,1.9782319531472266,0.29420201216840475,-0.006596634245570107,DEPTH_PROPOSAL_CERTIFIED,1.540189164572305,0,32,0,0,80,FULL_MOTION_CERTIFICATE,0,0,0,86,0,0,0,0,0,,24.916666666,1.97823179261,0.29420305301,-0.00659835588214,0.989115896306,0.147101526505,-0.00329917794107,0.989115896306,0.147101526505,-0.00329917794107,1.97809926533,0.294961179626,-0.00763457131538,1.9780885577934177,0.2950222795479056,-0.0077195070029586884
24.866666666666667,-24.578930438459068,-1.9733417935851352,3.0952349483461354,1.97778099448053,0.2966990195729186,-0.010709189423622744,1.9782321051845702,0.2942010262685997,-0.00659501019908829,DEPTH_PROPOSAL_CERTIFIED,1.5666709209447056,0,32,0,0,80,FULL_MOTION_CERTIFICATE,0,0,0,86,0,0,0,0,0,,24.933333333,1.97823195315,0.294202012168,-0.00659663424557,0.989115976574,0.147101006084,-0.00329831712279,0.989115976574,0.147101006084,-0.00329831712279,1.97810931744,0.294903666939,-0.00755593971761,1.978099412452739,0.2949601930045097,-0.007634571315384897
24.883333333333333,-24.54596700715938,-1.9683990779643268,3.0950604432316333,1.9778058779814518,0.29656293724851407,-0.01047030687013726,1.9782322490982505,0.2942000929054935,-0.006593478753787284,DEPTH_PROPOSAL_CERTIFIED,1.5930966058939426,0,32,0,0,80,FULL_MOTION_CERTIFICATE,0,0,0,86,0,0,0,0,0,,24.95,1.97823210518,0.294201026269,-0.00659501019909,0.989116052592,0.147100513134,-0.00329750509954,0.989116052592,0.147100513134,-0.00329750509954,1.97811861954,0.294850436584,-0.00748314202536,1.978109456692698,0.2949027328907785,-0.007555939717614172
24.9,-24.513003180817645,-1.9634585257077772,3.094889709789915,1.977829580504319,0.29643313539299504,-0.010244006503108753,1.9782323852543724,0.29419920972658825,-0.006592035121838263,DEPTH_PROPOSAL_CERTIFIED,1.6194665212880746,0,32,0,0,80,FULL_MOTION_CERTIFICATE,0,0,0,86,0,0,0,0,0,,24.966666666,1.9782322491,0.294200092905,-0.00659347875379,0.989116124549,0.147100046453,-0.00329673937689,0.989116124549,0.147100046453,-0.00329673937689,1.97812722784,0.294801168125,-0.00741574329536,1.9781187512832974,0.29484955275566244,-0.007483142025360798
24.916666666666668,-24.480038978501263,-1.9585200350713932,3.0947225473876,1.9778521389826171,0.2963094381830019,-0.010029744138885464,1.9782325140097086,0.2941983744374504,-0.00659067471433081,DEPTH_PROPOSAL_CERTIFIED,1.645780953243269,0,32,0,0,80,FULL_MOTION_CERTIFICATE,0,0,0,86,0,0,0,0,0,,24.983333333,1.97823238525,0.294199209727,-0.00659203512184,0.989116192627,0.147099604863,-0.00329601756092,0.989116192627,0.147099604863,-0.00329601756092,1.97813519431,0.294755565215,-0.00735334115976,1.9781273524178566,0.2948003322210861,-0.007415743295361788
24.933333333333334,-24.447074418643123,-1.9535835073935721,3.094558764281976,1.9778735914885255,0.2961916606692804,-0.009826986337436266,1.9782326357110411,0.2941975848062262,-0.006589393138306691,DEPTH_PROPOSAL_CERTIFIED,1.672040172944787,0,32,0,0,80,FULL_MOTION_CERTIFICATE,0,0,0,86,0,0,0,0,0,,25,1.97823251401,0.294198374437,-0.00659067471433,0.989116257005,0.147099187219,-0.00329533735717,0.989116257005,0.147099187219,-0.00329533735717,1.97814256702,0.294713353792,-0.00729556339758,1.9781353120606078,0.29475477500187713,-0.007353341159755905
24.95,-24.414109519028955,-1.9486488472076289,3.0943981774174376,1.9778939768502561,0.29607961115660886,-0.0096352118722959,1.9782327506946547,0.29419683866715074,-0.006588186193119892,DEPTH_PROPOSAL_CERTIFIED,1.6982444374494974,0,32,0,0,80,FULL_MOTION_CERTIFICATE,0,0,0,87,0,0,0,0,0,,25.016666666,1.97823263571,0.294197584806,-0.00658939313831,0.989116317856,0.147098792403,-0.00329469656915,0.989116317856,0.147098792403,-0.00329469656915,1.9781493904,0.294674280386,-0.00724206565281,1.9781426782633704,0.29471260710201647,-0.007295563397583295
24.966666666666665,-24.381144296790275,-1.9437159623197109,3.0942406122021664,1.9779133343209137,0.2959730932751015,-0.009453912916274123,1.978232859285963,0.2941961339231764,-0.0065870498662402915,DEPTH_PROPOSAL_CERTIFIED,1.6957950966499498,0,32,0,0,80,FULL_MOTION_CERTIFICATE,0,0,0,87,0,0,0,0,0,,25.033333333,1.97823275069,0.294196838667,-0.00658818619312,0.989116375347,0.147098419334,-0.00329409309656,0.989116375347,0.147098419334,-0.00329409309656,1.97815570558,0.294638110558,-0.00719252932911,1.9781494954629366,0.2946735751207116,-0.00724206565280831
24.983333333333334,-24.34817876840205,-1.9387847638567728,3.094085902269202,1.977931703293219,0.29587190777624284,-0.009282595977852868,1.9782329617992498,0.2941954685478324,-0.006585980328605631,DEPTH_PROPOSAL_CERTIFIED,1.6719130876713293,0,32,0,0,80,FULL_MOTION_CERTIFICATE,0,0,0,87,0,0,0,0,0,,25.05,1.97823285929,0.294196133923,-0.00658704986624,0.989116429643,0.147098066962,-0.00329352493312,0.989116429643,0.147098066962,-0.00329352493312,1.97816155056,0.294604627479,-0.00714665967192,1.978155804755345,0.29463744469016734,-0.0071925293291139085
25.0,-24.315212949684472,-1.933855166288689,3.093933889225513,1.9779491230547757,0.2957758540850455,-0.009120782621342676,1.9782330585375116,0.2941948405864185,-0.006584973929613586,DEPTH_PROPOSAL_CERTIFIED,1.648004812861152,0,32,0,0,81,FULL_MOTION_CERTIFICATE,0,0,0,87,0,0,0,0,0,,25.066666666,1.9782329618,0.294195468548,-0.00658598032861,0.989116529269,0.147097420293,-0.00329248696481,0.9891164809,0.147097734274,-0.0032929901643,1.97816696783,0.294573583018,-0.00710410772345,1.9781616441457652,0.2946039990524372,-0.007146659671918211
25.016666666666666,-24.282246855798892,-1.9289270874882,3.0937844224885134,1.977965633134856,0.29568472802934903,-0.008968004219986853,1.9782331497923844,0.2941942481566204,-0.006584027191833773,DEPTH_PROPOSAL_CERTIFIED,1.6240702628137598,0,32,0,0,81,FULL_MOTION_CERTIFICATE,0,0,0,87,0,0,0,0,0,,25.083333333,1.97823305854,0.294194840586,-0.00658497392961,0.989116529269,0.147097420293,-0.00329248696481,0.989116529269,0.147097420293,-0.00329248696481,1.9781719747,0.294544890409,-0.00706477940494,1.9781670561118379,0.2945729901498523,-0.007104107723445689
25.033333333333335,-24.249280501275912,-1.9240004485825846,3.0936373588131487,1.9779812713784415,0.29559833433688226,-0.008823820521877567,1.9782332358439392,0.2941936894499749,-0.006583136807667467,DEPTH_PROPOSAL_CERTIFIED,1.6001094285087674,0,32,0,0,81,FULL_MOTION_CERTIFICATE,0,0,0,87,0,0,0,0,0,,25.1,1.97823314979,0.294194248157,-0.00658402719183,0.989116574896,0.147097124078,-0.00329201359592,0.989116574896,0.147097124078,-0.00329201359592,1.97817660918,0.294518326602,-0.00702835878201,1.9781720579501831,0.29454433128878793,-0.0070647794049445625
25.05,-24.21631390001522,-1.9190751739886454,3.0934925621349305,1.9779960756417239,0.29551647563637534,-0.008687800693099788,1.978233316961196,0.29419316272866824,-0.006582299629063402,DEPTH_PROPOSAL_CERTIFIED,1.5761223010149341,0,32,0,0,81,FULL_MOTION_CERTIFICATE,0,0,0,87,0,0,0,0,0,,25.116666666,1.97823323584,0.29419368945,-0.00658313680767,0.989116617922,0.147096844725,-0.00329156840383,0.989116617922,0.147096844725,-0.00329156840383,1.97818089907,0.294493732879,-0.00699462984591,1.9781766876537699,0.2945177994901905,-0.007028358782010785
25.066666666666666,-24.18334706529823,-1.9141511913638063,3.093349903298691,1.9780100830195506,0.2954389574903671,-0.008559530174373274,1.9782333934019998,0.2941926663264379,-0.006581512664295657,DEPTH_PROPOSAL_CERTIFIED,1.552108871290494,0,32,0,0,82,FULL_MOTION_CERTIFICATE,0,0,0,87,0,0,0,0,0,,25.133333333,1.97823331696,0.294193162729,-0.00658229962906,0.989116658481,0.147096581364,-0.00329114981453,0.989116658481,0.147096581364,-0.00329114981453,1.97818487013,0.294470962413,-0.00696339270765,1.978180973029036,0.29449323610906614,-0.006994629845909691
25.083333333333332,-24.15038000980248,-1.9092284315459154,3.0932092597875354,1.9780233297450673,0.29536558907347177,-0.008438610669318114,1.978233465413187,0.29419219864759577,-0.006580773072170646,DEPTH_PROPOSAL_CERTIFIED,1.528069130008404,0,32,0,0,82,FULL_MOTION_CERTIFICATE,0,0,0,87,0,0,0,0,0,,25.15,1.9782333934,0.294192666326,-0.0065815126643,0.989116696701,0.147096333163,-0.00329075633215,0.989116696701,0.147096333163,-0.00329075633215,1.97818854613,0.294449879375,-0.00693446240075,1.9781849397963724,0.2944704943873489,-0.006963392707645069
25.1,-24.11741274561733,-1.904306828483713,3.093070515453487,1.9780358511087601,0.29529618373209665,-0.008324660042911582,1.9782335332307905,0.2941917581657935,-0.006580078156225533,DEPTH_PROPOSAL_CERTIFIED,1.5040030674042535,0,32,0,0,82,FULL_MOTION_CERTIFICATE,0,0,0,87,0,0,0,0,0,,25.166666666,1.97823346541,0.294192198648,-0.00658077307217,0.989116732707,0.147096099324,-0.00329038653609,0.989116732707,0.147096099324,-0.00329038653609,1.97819194911,0.294430358109,-0.00690766775572,1.978188611745813,0.2944494385673206,-0.006934462400752121
25.116666666666667,-24.084445284260752,-1.8993863191597358,3.0929335602511143,1.978047681394711,0.2952305594386469,-0.008217312142366713,1.9782335970802754,0.29419134342257786,-0.006579425358951631,DEPTH_PROPOSAL_CERTIFIED,1.4799106731449168,0,32,0,0,82,FULL_MOTION_CERTIFICATE,0,0,0,87,0,0,0,0,0,,25.183333333,1.97823353323,0.294191758166,-0.00658007815623,0.989116766615,0.147095879083,-0.00329003907811,0.989116766615,0.147095879083,-0.00329003907811,1.97819509942,0.294412282355,-0.00688285036132,1.9781920108833102,0.2944299430585599,-0.006907667755719247
25.133333333333333,-24.051477636696887,-1.8944668435071843,3.092798289975233,1.9780588538319053,0.295168539153102,-0.008116216552893624,1.9782336571767978,0.29419095302577125,-0.006578812256071817,DEPTH_PROPOSAL_CERTIFIED,1.4557919362159417,0,32,0,0,82,FULL_MOTION_CERTIFICATE,0,0,0,87,0,0,0,0,0,,25.2,1.97823359708,0.294191343423,-0.00657942535895,0.98911679854,0.147095671711,-0.00328971267948,0.98911679854,0.147095671711,-0.00328971267948,1.97819801591,0.294395544557,-0.00685986361826,1.9781951575656755,0.2944118916694537,-0.006882850361321854
25.15,-24.018509813354246,-1.8895483443221153,3.0926646060035616,1.9780694005585433,0.2951099511041606,-0.008021038300269743,1.978233713725488,0.29419058564771433,-0.00657823655089664,DEPTH_PROPOSAL_CERTIFIED,1.4316468448260535,0,32,0,0,82,FULL_MOTION_CERTIFICATE,0,0,0,87,0,0,0,0,0,,25.216666666,1.97823365718,0.294190953026,-0.00657881225607,0.989116828588,0.147095476513,-0.00328940612804,0.989116828588,0.147095476513,-0.00328940612804,1.97820071601,0.294380045199,-0.00683857184925,1.9781980706235265,0.2943951769070756,-0.0068598636182583194
25.166666666666668,-23.985541824144278,-1.8846307671721272,3.092532415045086,1.9780793525978064,0.2950546289992407,-0.00793145750852561,1.978233766921746,0.29419024002339966,-0.006577696068779099,DEPTH_PROPOSAL_CERTIFIED,1.4075109131125478,0,32,0,0,82,FULL_MOTION_CERTIFICATE,0,0,0,87,0,0,0,0,0,,25.233333333,1.97823371373,0.294190585648,-0.0065782365509,0.989116856863,0.147095292824,-0.00328911827545,0.989116856863,0.147095292824,-0.00328911827545,1.97820321583,0.294365692203,-0.00681884947777,1.9782007674768158,0.29437969931921737,-0.006838571849247374
25.183333333333334,-23.95257367848022,-1.8797140603025844,3.0924016288947302,1.9780887398435345,0.29500241217258294,-0.007847169021346839,1.9782338169515516,0.2941899149485219,-0.006577188751685281,DEPTH_PROPOSAL_CERTIFIED,1.3834047910235439,0,32,0,0,83,FULL_MOTION_CERTIFICATE,0,0,0,87,0,0,0,0,0,,25.25,1.97823376692,0.294190240023,-0.00657769606878,0.989116883461,0.147095120012,-0.00328884803439,0.989116883461,0.147095120012,-0.00328884803439,1.97820553031,0.294352400371,-0.00680058027975,1.9782032642414185,0.2943653668873587,-0.006818849477765757
25.2,-23.919605385295984,-1.8747981745412474,3.0922721641948057,1.978097591054346,0.2949531456802379,-0.007767881995468285,1.9782338639917807,0.2941896092774702,-0.006576712652894689,DEPTH_PROPOSAL_CERTIFIED,1.3592871976656329,0,32,0,0,84,FULL_MOTION_CERTIFICATE,0,0,0,88,0,0,0,0,0,,25.266666666,1.97823381695,0.294189914949,-0.00657718875169,0.989116908476,0.147094957474,-0.00328859437584,0.989116908476,0.147094957474,-0.00328859437584,1.97820767324,0.294340090869,-0.00678365667982,1.9782055758262451,0.29435209447362815,-0.00680058027974987
25.216666666666665,-23.886636953065068,-1.8698830632021064,3.092143942203613,1.9781059338551161,0.29490668034847495,-0.007693319471555227,1.978233908210526,0.29418932192127817,-0.006576265931841146,DEPTH_PROPOSAL_CERTIFIED,1.3351581633886933,0,32,0,0,84,FULL_MOTION_CERTIFICATE,0,0,0,88,0,0,0,0,0,,25.283333333,1.97823386399,0.294189609277,-0.00657671265289,0.989116931996,0.147094804639,-0.00328835632645,0.989116931996,0.147094804639,-0.00328835632645,1.97820965738,0.294328690749,-0.00676797910171,1.978207716024513,0.2943398033009669,-0.006783656679815856
25.233333333333334,-23.85366838981932,-1.8649686819890692,3.0920168885714734,1.9781137947447254,0.29486287278218837,-0.007623217928384763,1.978233949767426,0.29418905184555455,-0.006575846849103092,DEPTH_PROPOSAL_CERTIFIED,1.3110177176867517,0,32,0,0,84,FULL_MOTION_CERTIFICATE,0,0,0,88,0,0,0,0,0,,25.3,1.97823390821,0.294189321921,-0.00657626593184,0.989116954105,0.147094660961,-0.00328813296592,0.989116954105,0.147094660961,-0.00328813296592,1.97821149457,0.294318132504,-0.00675345537643,1.978209697597957,0.2943284204734923,-0.006767979101705244
25.25,-23.820699703167502,-1.8600549889000768,3.091890933124374,1.978121199109031,0.29482158533956154,-0.0075573268259635775,1.978233988813987,0.29418879806840365,-0.006575453761549908,DEPTH_PROPOSAL_CERTIFIED,1.2868658891974198,0,32,0,0,84,FULL_MOTION_CERTIFICATE,0,0,0,88,0,0,0,0,0,,25.316666666,1.97823394977,0.294189051846,-0.0065758468491,0.989116974884,0.147094525923,-0.00328792342455,0.989116974884,0.147094525923,-0.00328792342455,1.97821319572,0.294308353667,-0.0067400001855,1.9782115323535603,0.2943178785395143,-0.006753455376425066
25.266666666666666,-23.787730900313534,-1.8551419441321182,3.091766009655356,1.9781281712383223,0.29478268607752733,-0.007495408141079937,1.97823402549391,0.2941885596583532,-0.006575085117648838,DEPTH_PROPOSAL_CERTIFIED,1.2627027057048212,0,32,0,0,84,FULL_MOTION_CERTIFICATE,0,0,0,88,0,0,0,0,0,,25.333333333,1.97823398881,0.294188798068,-0.00657545376155,0.989116994407,0.147094399034,-0.00328772688077,0.989116994407,0.147094399034,-0.00328772688077,1.97821477095,0.294299296424,-0.00672753454707,1.9782132312156764,0.29430811508071025,-0.006740000185499481
25.283333333333335,-23.75476198807439,-1.8502295099875734,3.091642055723704,1.9781347343484934,0.29474604867264165,-0.007437235899109642,1.97823405994341,0.294188335732297,-0.0065747394529358065,DEPTH_PROPOSAL_CERTIFIED,1.2385281941456117,0,32,0,0,84,FULL_MOTION_CERTIFICATE,0,0,0,88,0,0,0,0,0,,25.35,1.97823402549,0.294188559658,-0.00657508511765,0.989117012747,0.147094279829,-0.00328754255882,0.989117012747,0.147094279829,-0.00328754255882,1.97821622963,0.294290907275,-0.00671598534764,1.978214804292581,0.2942990723330365,-0.006727534547072167
25.3,-23.72179297289764,-1.8453176507822107,3.0915190124619403,1.9781409106052068,0.2947115523217856,-0.0073825957058166755,1.9782340922915351,0.2941881254534636,-0.006574415385651931,DEPTH_PROPOSAL_CERTIFIED,1.2143423806176763,0,32,0,0,84,FULL_MOTION_CERTIFICATE,0,0,0,88,0,0,0,0,0,,25.366666666,1.97823405994,0.294188335732,-0.00657473945294,0.989117029972,0.147094167866,-0.00328736972647,0.989117029972,0.147094167866,-0.00328736972647,1.97821758041,0.294283136704,-0.0067052849015,1.9782162609371094,0.2942906968413415,-0.006715985347642438
25.316666666666666,-23.688823860878465,-1.8404063327551146,3.091396824390586,1.9781467211505446,0.29467908162578654,-0.007331284281247368,1.978234122660476,0.2941879280294185,-0.006574111612546144,DEPTH_PROPOSAL_CERTIFIED,1.1901452903911758,0,32,0,0,84,FULL_MOTION_CERTIFICATE,0,0,0,88,0,0,0,0,0,,25.383333333,1.97823409229,0.294188125453,-0.00657441538565,0.989117046146,0.147094062727,-0.00328720769283,0.989117046146,0.147094062727,-0.00328720769283,1.97821883131,0.294275938882,-0.00669537054404,1.9782176098036668,0.29428293913459797,-0.006705284901501778
25.333333333333332,-23.655854657776274,-1.8354955239807957,3.091275439240617,1.9781521861316271,0.2946485264591508,-0.007283108998125762,1.9782341511658723,0.2941877427101055,-0.006573826904843688,DEPTH_PROPOSAL_CERTIFIED,1.1659369479216057,0,32,0,0,84,FULL_MOTION_CERTIFICATE,0,0,0,88,0,0,0,0,0,,25.4,1.97823412266,0.294187928029,-0.00657411161255,0.98911706133,0.147093964015,-0.00328705580627,0.98911706133,0.147093964015,-0.00328705580627,1.97821998975,0.294269271393,-0.00668618426117,1.978218858900834,0.29427575342619433,-0.006695370544042136
25.35,-23.622885369030758,-1.8305851942836453,3.0911548077834983,1.9781573247306936,0.2946197818289777,-0.0072378874271442056,1.9782341779171082,0.2941875687859329,-0.0065735601043790575,DEPTH_PROPOSAL_CERTIFIED,1.1417173768646283,0,32,0,0,84,FULL_MOTION_CERTIFICATE,0,0,0,88,0,0,0,0,0,,25.416666666,1.97823415117,0.29418774271,-0.00657382690484,0.989117075583,0.147093871355,-0.00328691345242,0.989117075583,0.147093871355,-0.00328691345242,1.97822106258,0.294263094978,-0.00667767234058,1.9782200156393035,0.29426909734086604,-0.006686184261169312
25.366666666666667,-23.58991599977749,-1.825675315154894,3.09103488366866,1.9781621551963193,0.29459274772510663,-0.007195446890282983,1.9782342030176052,0.2941874055859096,-0.006573310119891391,DEPTH_PROPOSAL_CERTIFIED,1.1185987618335778,0,32,0,0,84,FULL_MOTION_CERTIFICATE,0,0,0,88,0,0,0,0,0,,25.433333333,1.97823417792,0.294187568786,-0.00657356010438,0.989117088959,0.147093784393,-0.00328678005219,0.989117088959,0.147093784393,-0.00328678005219,1.97822205617,0.294257373296,-0.0066697850498,1.9782210868769516,0.2942629316578796,-0.006677672340576032
25.383333333333333,-23.5569465548629,-1.8207658596721665,3.090915623268267,1.9781666948754189,0.2945673289636603,-0.007155624023579525,1.9782342265651012,0.2941872524758333,-0.00657307592347958,DEPTH_PROPOSAL_CERTIFIED,1.0979751166302658,0,32,0,0,84,FULL_MOTION_CERTIFICATE,0,0,0,88,0,0,0,0,0,,25.45,1.97823420302,0.294187405586,-0.00657331011989,0.989117101509,0.147093702793,-0.00328665505995,0.989117101509,0.147093702793,-0.00328665505995,1.97822297638,0.294252072712,-0.00666247634284,1.9782220789604328,0.2942572200740147,-0.006669785049797309
25.4,-23.523977038858806,-1.815856802421732,3.0907969855290873,1.9781709602456967,0.2945434350260803,-0.007118264350796236,1.9782342486519242,0.2941871088565341,-0.006572856547214114,DEPTH_PROPOSAL_CERTIFIED,1.077312884581564,0,32,0,0,84,FULL_MOTION_CERTIFICATE,0,0,0,88,0,0,0,0,0,,25.45,1.97823420302,0.294187405586,-0.00657331011989,0.989117101509,0.147093702793,-0.00328665505995,0.989117101509,0.147093702793,-0.00328665505995,1.97822297638,0.294252072712,-0.00666247634284,1.9782229977630854,0.2942519289876049,-0.0066624763428400876
25.416666666666668,-23.49100745607633,-1.8109481194234818,3.0906789318312793,1.9781749669483388,0.29452097989496806,-0.007083221868468373,1.9782342693652553,0.2941869741621749,-0.0065726510799017715,DEPTH_PROPOSAL_CERTIFIED,1.0566120157251424,0,32,0,0,84,FULL_MOTION_CERTIFICATE,0,0,0,88,0,0,0,0,0,,25.483333333,1.97823424865,0.294187108857,-0.00657285654721,0.989117124326,0.147093554428,-0.00328642827361,0.989117124326,0.147093554428,-0.00328642827361,1.97822461806,0.294242612601,-0.00664942729327,1.9782238487205728,0.2942470272953986,-0.006655703584068529
25.433333333333334,-23.458037810579317,-1.8060397880586794,3.090561425853895,1.978178729820721,0.29449988188815684,-0.007050358643074726,1.9782342887873836,0.2941868478586102,-0.006572458663999429,DEPTH_PROPOSAL_CERTIFIED,1.0358724594058182,0,32,0,0,84,FULL_MOTION_CERTIFICATE,0,0,0,88,0,0,0,0,0,,25.5,1.97823426937,0.294186974162,-0.0065726510799,0.989117134683,0.147093487081,-0.00328632553995,0.989117134683,0.147093487081,-0.00328632553995,1.97822534922,0.294238397568,-0.00664361091336,1.9782246368637835,0.2942424862050603,-0.006649427293272207
25.45,-23.42506810619717,-1.8011317870004728,3.0904444334468764,1.9781822629289094,0.29448006349241235,-0.007019544421126271,1.9782343069959507,0.29418672944180474,-0.006572278492672806,DEPTH_PROPOSAL_CERTIFIED,1.0150941642728526,0,32,0,0,84,FULL_MOTION_CERTIFICATE,0,0,0,89,0,0,0,0,0,,25.516666666,1.97823428879,0.294186847859,-0.006572458664,0.989117144394,0.147093423929,-0.003286229332,0.989117144394,0.147093423929,-0.003286229332,1.97822602646,0.294234492287,-0.00663822059165,1.9782253668488077,0.2942382790643296,-0.006643610913355097
25.466666666666665,-23.392098346537175,-1.7962240961471805,3.0903279225093394,1.9781855795998355,0.29446145119755457,-0.006990656252226542,1.9782343240641878,0.2941866184363107,-0.006572109806995498,DEPTH_PROPOSAL_CERTIFIED,0.9942770782809134,0,32,0,0,84,FULL_MOTION_CERTIFICATE,0,0,0,89,0,0,0,0,0,,25.533333333,1.978234307,0.294186729442,-0.00657227849267,0.989117153498,0.147093364721,-0.00328613924634,0.989117153498,0.147093364721,-0.00328613924634,1.97822665378,0.294230873889,-0.00663322497799,1.9782260429851348,0.2942343812002899,-0.006638220591649826
25.483333333333334,-23.359128534996287,-1.7913166965583147,3.0902118628739164,1.9781886924530052,0.2944439753319066,-0.0069635781253905155,1.9782343400611404,0.2941865143938053,-0.006571951893283985,DEPTH_PROPOSAL_CERTIFIED,0.9734211486943876,0,32,0,0,84,FULL_MOTION_CERTIFICATE,0,0,0,89,0,0,0,0,0,,25.55,1.97823432406,0.294186618436,-0.006572109807,0.989117162032,0.147093309218,-0.0032860549035,0.989117162032,0.147093309218,-0.0032860549035,1.97822723486,0.294227521204,-0.0066285950407,1.9782266692616757,0.29423076977100127,-0.006633224977991043
25.5,-23.32615867477243,-1.7864095703933156,3.0900962261969336,1.978191613431602,0.2944275698999674,-0.006938200618974706,1.9782343550518875,0.2941864168916866,-0.006571804080563835,DEPTH_PROPOSAL_CERTIFIED,0.9525263220944356,0,32,0,0,84,FULL_MOTION_CERTIFICATE,0,0,0,89,0,0,0,0,0,,25.55,1.97823432406,0.294186618436,-0.006572109807,0.989117162032,0.147093309218,-0.0032860549035,0.989117162032,0.147093309218,-0.0032860549035,1.97822723486,0.294227521204,-0.0066285950407,1.9782272493704813,0.29422742363030924,-0.006628595040701815
25.516666666666666,-23.293188768875215,-1.7815027008529367,3.0899809858542002,1.978194353832924,0.2944121724227451,-0.006914420564002518,1.978234369097748,0.29418632553172847,-0.006571665738162327,DEPTH_PROPOSAL_CERTIFIED,0.9315925443885043,0,32,0,0,84,FULL_MOTION_CERTIFICATE,0,0,0,89,0,0,0,0,0,,25.583333333,1.97823435505,0.294186416892,-0.00657180408056,0.989117177526,0.147093208446,-0.00328590204028,0.989117177526,0.147093208446,-0.00328590204028,1.97822827176,0.294221536011,-0.00662032663472,1.9782277867290523,0.29422432320063296,-0.006624303893341814
25.533333333333335,-23.26021882013624,-1.7765960721232479,3.0898661168421855,1.9781969243380761,0.29439772378128914,-0.006892140720874937,1.9782343822564814,0.2941862399387927,-0.006571536273422827,DEPTH_PROPOSAL_CERTIFIED,0.9106197608219189,0,32,0,0,84,FULL_MOTION_CERTIFICATE,0,0,0,89,0,0,0,0,0,,25.6,1.9782343691,0.294186325532,-0.00657166573816,0.989117184549,0.147093162766,-0.00328583286908,0.989117184549,0.147093162766,-0.00328583286908,1.97822873368,0.29421886855,-0.00661664020309,1.97822828450093,0.29422145035552655,-0.006620326634718488
25.55,-23.227248831218898,-1.771689669322182,3.08975159568436,1.9781993350408331,0.2943841680639694,-0.006871269469527403,1.9782343945824759,0.29418615975959783,-0.006571415129536104,DEPTH_PROPOSAL_CERTIFIED,0.8896079159911632,0,32,0,0,84,FULL_MOTION_CERTIFICATE,0,0,0,89,0,0,0,0,0,,25.616666666,1.97823438226,0.294186239939,-0.00657153627342,0.989117191128,0.147093119969,-0.00328576813671,0.989117191128,0.147093119969,-0.00328576813671,1.9782291616,0.294216396686,-0.00661322323886,1.978228745614468,0.29421878831266846,-0.006616640203087482
25.566666666666666,-23.19427880462764,-1.766783478448554,3.0896374003424825,1.978201595475655,0.294371452417695,-0.006851720512658331,1.9782344061269337,0.29418608466154306,-0.006571301783483892,DEPTH_PROPOSAL_CERTIFIED,0.8690245943117956,0,32,0,0,84,FULL_MOTION_CERTIFICATE,0,0,0,89,0,0,0,0,0,,25.616666666,1.97823438226,0.294186239939,-0.00657153627342,0.989117191128,0.147093119969,-0.00328576813671,0.989117191128,0.147093119969,-0.00328576813671,1.9782291616,0.294216396686,-0.00661322323886,1.9782291727804837,0.2942163215331474,-0.006613223238855631
25.583333333333332,-23.161308742716894,-1.7618774863334983,3.0895235101326186,1.9782037146448146,0.2943595269033605,-0.006833412591834461,1.9782344169380404,0.294186014331586,-0.006571195744089941,DEPTH_PROPOSAL_CERTIFIED,0.8505691749761628,0,32,0,0,84,FULL_MOTION_CERTIFICATE,0,0,0,89,0,0,0,0,0,,25.633333333,1.97823439458,0.29418615976,-0.00657141512954,0.989117197291,0.14709307988,-0.00328570756477,0.989117197291,0.14709307988,-0.00328570756477,1.97822955804,0.29421410601,-0.00661005595778,1.9782295685085614,0.29421403562847903,-0.006610055957783237
25.6,-23.12833864769948,-1.7569716805942337,3.0894099056456796,1.9782057010445944,0.29434834435582374,-0.006816269216349206,1.9782344270611334,0.2941859484751729,-0.006571096550174131,DEPTH_PROPOSAL_CERTIFIED,0.8319720044608834,0,32,0,0,84,FULL_MOTION_CERTIFICATE,0,0,0,89,0,0,0,0,0,,25.666666666,1.97823441694,0.294186014332,-0.00657119574409,0.989117208469,0.147093007166,-0.00328559787204,0.989117208469,0.147093007166,-0.00328559787204,1.97823026559,0.294210015843,-0.00660439849832,1.9782299351219073,0.29421191727587526,-0.0066071200354291225
25.616666666666667,-23.09536852165464,-1.752066049590093,3.0892965686722733,1.9782075626905589,0.29433786024844977,-0.006800218404376942,1.9782344365388582,0.29418588681521995,-0.00657100376880493,DEPTH_PROPOSAL_CERTIFIED,0.8132331215830682,0,32,0,0,84,FULL_MOTION_CERTIFICATE,0,0,0,89,0,0,0,0,0,,25.683333333,1.97823442706,0.294185948475,-0.00657109655017,0.989117218269,0.147092943408,-0.0032855018844,0.989117213531,0.147092974238,-0.00328554827509,1.97823058158,0.294208187886,-0.00660186859451,1.9782302747713247,0.29420995413848705,-0.006604398498315314
25.633333333333333,-23.0623983665347,-1.747160582386619,3.089183482140546,1.978209307196284,0.29432803220845744,-0.006785191903629745,1.9782344454113168,0.29418582909114294,-0.006570916993645891,DEPTH_PROPOSAL_CERTIFIED,0.7943525634352078,0,32,0,0,84,FULL_MOTION_CERTIFICATE,0,0,0,89,0,0,0,0,0,,25.7,1.97823443654,0.294185886815,-0.0065710037688,0.989117218269,0.147092943408,-0.0032855018844,0.989117218269,0.147092943408,-0.0032855018844,1.97823087362,0.294206498411,-0.0065995303501,1.9782305901661315,0.294208130120551,-0.006601868594513934
25.65,-23.029428184174282,-1.742255268703182,3.089070630029972,1.978210941625313,0.2943188210062358,-0.00677112663442259,1.9782344537161913,0.29418577505806937,-0.006570835843593579,DEPTH_PROPOSAL_CERTIFIED,0.7753303655176396,0,32,0,0,84,FULL_MOTION_CERTIFICATE,0,0,0,89,0,0,0,0,0,,25.716666666,1.97823444541,0.294185829091,-0.00657091699365,0.989117222706,0.147092914546,-0.00328545849682,0.989117222706,0.147092914546,-0.00328545849682,1.97823114421,0.294204932554,-0.00659736267166,1.9782308816594663,0.29420644433913146,-0.006599530350095279
25.666666666666668,-22.99645797629604,-1.7373500988821953,3.0889579973183414,1.978212472694212,0.29431018925915853,-0.006757962697849899,1.978234461488925,0.2941857244856739,-0.00657075996086567,DEPTH_PROPOSAL_CERTIFIED,0.7561665618422124,0,32,0,0,84,FULL_MOTION_CERTIFICATE,0,0,0,89,0,0,0,0,0,,25.716666666,1.97823444541,0.294185829091,-0.00657091699365,0.989117222706,0.147092914546,-0.00328545849682,0.989117222706,0.147092914546,-0.00328545849682,1.97823114421,0.294204932554,-0.00659736267166,1.9782311517347813,0.2942048819448157,-0.0065973626716630904
25.683333333333334,-22.9634877445172,-1.7324450638533728,3.0888455699219057,1.9782139067304247,0.29430210172936994,-0.006745643786151863,1.9782344687628204,0.29418567715750227,-0.006570689009839565,DEPTH_PROPOSAL_CERTIFIED,0.7368611850362492,0,32,0,0,84,FULL_MOTION_CERTIFICATE,0,0,0,89,0,0,0,0,0,,25.733333333,1.97823445372,0.294185775058,-0.00657083584359,0.989117226858,0.147092887529,-0.0032854179218,0.989117226858,0.147092887529,-0.0032854179218,1.97823139493,0.294203481228,-0.00659535306344,1.978231401972219,0.29420343386594905,-0.006595353063435822
25.7,-22.93051749035565,-1.7275401550998384,3.0887333346389,1.9782152496928782,0.29429452521208566,-0.006734116980350017,1.9782344755691688,0.29418563287018146,-0.006570622675732835,DEPTH_PROPOSAL_CERTIFIED,0.7174142664396437,0,32,0,0,84,FULL_MOTION_CERTIFICATE,0,0,0,89,0,0,0,0,0,,25.75,1.97823446149,0.294185724486,-0.00657075996087,0.989117230744,0.147092862243,-0.00328537998043,0.989117230744,0.147092862243,-0.00328537998043,1.97823162724,0.294202136021,-0.00659348994957,1.9782316338348118,0.29420209170121736,-0.0065934899495674925
25.716666666666665,-22.89754721523514,-1.7226353646302655,3.0886212791026115,1.9782165072307571,0.29428742817438935,-0.006723332177324023,1.9782344819373612,0.2941855914326702,-0.006570560663357381,DEPTH_PROPOSAL_CERTIFIED,0.6978258361915055,0,32,0,0,84,FULL_MOTION_CERTIFICATE,0,0,0,90,0,0,0,0,0,,25.783333333,1.97823447557,0.29418563287,-0.00657062267573,0.989117237785,0.147092816435,-0.00328531133787,0.989117237785,0.147092816435,-0.00328531133787,1.97823204246,0.294199730258,-0.00659015645123,1.9782318491928799,0.29420084431449434,-0.006591757580406881
25.733333333333334,-22.864576920492148,-1.7177306849393672,3.088509391717492,1.9782176845792236,0.29428078145385145,-0.006713243107165601,1.978234487894984,0.2941855526656454,-0.006570502696088156,DEPTH_PROPOSAL_CERTIFIED,0.6780959233235839,0,32,0,0,84,FULL_MOTION_CERTIFICATE,0,0,0,90,0,0,0,0,0,,25.8,1.97823448194,0.294185591433,-0.00657056066336,0.989117240969,0.147092795716,-0.00328528033168,0.989117240969,0.147092795716,-0.00328528033168,1.97823222727,0.294198659135,-0.00658867192182,1.978232048230516,0.29419969146328906,-0.006590156451232877
25.75,-22.831606607380365,-1.7128261089840886,3.0883976616192226,1.9782187867070817,0.2942745573167369,-0.006703805896154471,1.9782344934679557,0.29418551640062157,-0.0065704485144433885,DEPTH_PROPOSAL_CERTIFIED,0.6582245558342368,0,32,0,0,84,FULL_MOTION_CERTIFICATE,0,0,0,90,0,0,0,0,0,,25.816666666,1.97823448789,0.294185552666,-0.00657050269609,0.989117243947,0.147092776333,-0.00328525134804,0.989117243947,0.147092776333,-0.00328525134804,1.97823239853,0.294197666221,-0.00658729546538,1.9782322326669513,0.29419862284393966,-0.006588671921818679
25.766666666666666,-22.798636277075563,-1.7079216301563878,3.088286078630083,1.9782198182881807,0.2942687296620721,-0.006694979348368451,1.9782344986806062,0.29418548247942683,-0.006570397875207233,DEPTH_PROPOSAL_CERTIFIED,0.6383414821720272,0,32,0,0,84,FULL_MOTION_CERTIFICATE,0,0,0,90,0,0,0,0,0,,25.833333333,1.97823449347,0.294185516401,-0.00657044851444,0.989117246734,0.1470927582,-0.00328522425722,0.989117246734,0.1470927582,-0.00328522425722,1.97823255724,0.29419674578,-0.00658601918119,1.9782324035775871,0.29419763227516205,-0.006587295465378992
25.783333333333335,-22.76566593068026,-1.7030172422575127,3.088174633216912,1.978220783717737,0.29426327393245955,-0.006686724790248997,1.9782345035557705,0.2941854507535996,-0.006570350550443429,DEPTH_PROPOSAL_CERTIFIED,0.6213216566372968,0,32,0,0,84,FULL_MOTION_CERTIFICATE,0,0,0,90,0,0,0,0,0,,25.833333333,1.97823449347,0.294185516401,-0.00657044851444,0.989117246734,0.1470927582,-0.00328522425722,0.989117246734,0.1470927582,-0.00328522425722,1.97823255724,0.29419674578,-0.00658601918119,1.9782325619583234,0.29419671403118625,-0.006586019181191679
25.8,-22.73269556922813,-1.6981129394736942,3.088063316451521,1.978221687127863,0.2942581670291198,-0.006679005923479866,1.9782345081148776,0.29418542108381823,-0.006570306326565809,DEPTH_PROPOSAL_CERTIFIED,0.604156945507689,0,32,0,0,84,FULL_MOTION_CERTIFICATE,0,0,0,90,0,0,0,0,0,,25.85,1.97823449868,0.294185482479,-0.00657039787521,0.98911724934,0.14709274124,-0.0032851989376,0.98911724934,0.14709274124,-0.0032851989376,1.97823270432,0.294195892499,-0.0065848357489,1.9782327087314013,0.29419586280837423,-0.006584835748896469
25.816666666666666,-22.699725193688092,-1.6932087163531782,3.087952119973425,1.978222532402336,0.2942533872309875,-0.00667178868574815,1.9782345123780316,0.29418539333936206,-0.0065702650034625805,DEPTH_PROPOSAL_CERTIFIED,0.5868474835456898,0,32,0,0,84,FULL_MOTION_CERTIFICATE,0,0,0,90,0,0,0,0,0,,25.883333333,1.97823450811,0.294185421084,-0.00657030632657,0.989117254057,0.147092710542,-0.00328515316328,0.989117254057,0.147092710542,-0.00328515316328,1.97823296695,0.294194368096,-0.00658272080518,1.9782328447509046,0.2941950736937734,-0.006583738385421201
25.833333333333332,-22.66675480496825,-1.6883045677845494,3.0878410359547743,1.9782233231906317,0.29424891411773607,-0.006665041119038786,1.9782345163640922,0.2941853673976016,-0.006570226393671597,DEPTH_PROPOSAL_CERTIFIED,0.5693934048075273,0,32,0,0,84,FULL_MOTION_CERTIFICATE,0,0,0,90,0,0,0,0,0,,25.883333333,1.97823450811,0.294185421084,-0.00657030632657,0.989117254057,0.147092710542,-0.00328515316328,0.989117254057,0.147092710542,-0.00328515316328,1.97823296695,0.294194368096,-0.00658272080518,1.9782329708078388,0.2941943421360689,-0.006582720805184538
25.85,-22.633784403919556,-1.6834004889762715,3.087730057067355,1.978224062921248,0.2942447284966283,-0.006658733245158809,1.978234520090747,0.29418534314351713,-0.006570190321603856,DEPTH_PROPOSAL_CERTIFIED,0.5517948427011374,0,32,0,0,84,FULL_MOTION_CERTIFICATE,0,0,0,90,0,0,0,0,0,,25.9,1.97823451238,0.294185393339,-0.00657026500346,0.989117256189,0.14709269667,-0.00328513250173,0.989117256189,0.14709269667,-0.00328513250173,1.97823308403,0.294193688191,-0.00658177718382,1.978233087634766,0.2941936639191137,-0.0065817771838231
25.866666666666667,-22.60081399133932,-1.6784964754373881,3.087619176451553,1.9782247548143475,0.29424081233301924,-0.006652836948101182,1.9782345235745835,0.2941853204692447,-0.006570156622812554,DEPTH_PROPOSAL_CERTIFIED,0.5340519300395403,0,32,0,0,84,FULL_MOTION_CERTIFICATE,0,0,0,90,0,0,0,0,0,,25.916666666,1.97823451636,0.294185367398,-0.00657022639367,0.989117258182,0.147092683699,-0.00328511319684,0.989117258182,0.147092683699,-0.00328511319684,1.97823319254,0.294193057828,-0.006580902124,1.9782331959101622,0.2941930351369887,-0.0065809021239981325
25.883333333333333,-22.56784356797409,-1.6735925229614843,3.087508387690394,1.9782254019137433,0.2942371485542462,-0.0066473256695224366,1.978234526831153,0.2941852992736465,-0.006570125143305304,DEPTH_PROPOSAL_CERTIFIED,0.5161647990881186,0,32,0,0,84,FULL_MOTION_CERTIFICATE,0,0,0,90,0,0,0,0,0,,25.933333333,1.97823452009,0.294185343144,-0.0065701903216,0.989117261787,0.147092660235,-0.00328507831141,0.989117260045,0.147092671572,-0.0032850951608,1.97823329337,0.294192471664,-0.00658008807086,1.9782332965263738,0.2941924504532151,-0.006580088070861729
25.9,-22.534873134523504,-1.668688627604865,3.0873976847751714,1.978226007035246,0.29423372139717713,-0.006642174913378216,1.9782345298750275,0.2941852794619564,-0.006570095738970765,DEPTH_PROPOSAL_CERTIFIED,0.498133581613722,0,32,0,0,84,FULL_MOTION_CERTIFICATE,0,0,0,90,0,0,0,0,0,,25.95,1.97823452357,0.294185320469,-0.00657015662281,0.989117261787,0.147092660235,-0.00328507831141,0.989117261787,0.147092660235,-0.00328507831141,1.97823338657,0.294191929907,-0.00657933568842,1.9782333895175777,0.29419191008093415,-0.006579335688418714
25.916666666666668,-22.50190269164277,-1.6637847856729175,3.087287062083425,1.9782265728438124,0.2942305159168016,-0.006637361504779671,1.9782345327198734,0.2941852609452911,-0.006570068274811664,DEPTH_PROPOSAL_CERTIFIED,0.47995840892410224,0,32,0,0,84,FULL_MOTION_CERTIFICATE,0,0,0,90,0,0,0,0,0,,25.983333333,1.97823452988,0.294185279462,-0.00657009573897,0.989117264938,0.147092639731,-0.00328504786949,0.989117264938,0.147092639731,-0.00328504786949,1.97823355302,0.294190961819,-0.00657799078495,1.9782334757083238,0.29419140905622004,-0.006578637919877429
25.933333333333334,-22.46893223994543,-1.658880993704879,3.0871765143547085,1.9782271018403317,0.29422751808233366,-0.006632863722974189,1.978234535378498,0.2941852436403486,-0.006570042624458544,DEPTH_PROPOSAL_CERTIFIED,0.46163941190613555,0,32,0,0,84,FULL_MOTION_CERTIFICATE,0,0,0,90,0,0,0,0,0,,26,1.97823453272,0.294185260945,-0.00657006827481,0.98911726636,0.147092630473,-0.00328503413741,0.98911726636,0.147092630473,-0.00328503413741,1.97823362724,0.294190529935,-0.00657739059477,1.978233555597867,0.2941909445018246,-0.006577990784947311
25.95,-22.43596178000591,-1.6539772484594797,3.087066036667821,1.9782275963712646,0.2942247147239685,-0.006628661213262017,1.9782345378629032,0.2941852274690687,-0.006570018669631777,DEPTH_PROPOSAL_CERTIFIED,0.4431767210609172,0,32,0,0,84,FULL_MOTION_CERTIFICATE,0,0,0,90,0,0,0,0,0,,26,1.97823453272,0.294185260945,-0.00657006827481,0.98911726636,0.147092630473,-0.00328503413741,0.98911726636,0.147092630473,-0.00328503413741,1.97823362724,0.294190529935,-0.00657739059477,1.978233629648647,0.2941905137519133,-0.00657739059477351
25.966666666666665,-22.40299131236195,-1.6490735469014386,3.0869556244194216,1.9782280586377619,0.29422209348248374,-0.00662473490395262,1.9782345401843324,0.2941852123583135,-0.006569996299635863,DEPTH_PROPOSAL_CERTIFIED,0.42457046653608743,0,32,0,0,84,FULL_MOTION_CERTIFICATE,0,0,0,91,0,0,0,0,0,,26.016666666,1.97823453538,0.29418524364,-0.00657004262446,0.989117267689,0.14709262182,-0.00328502131223,0.989117267689,0.14709262182,-0.00328502131223,1.97823369604,0.294190129458,-0.00657683393038,1.9782336982890294,0.2941901143363695,-0.006576833930377982
25.983333333333334,-22.370020837516876,-1.6441698861887453,3.086845273303953,1.9782284907042829,0.29421964276156015,-0.006621066928102827,1.9782345423533194,0.2941851982395661,-0.006569975410884278,DEPTH_PROPOSAL_CERTIFIED,0.4137134883993082,0,32,0,0,84,FULL_MOTION_CERTIFICATE,0,0,0,91,0,0,0,0,0,,26.033333333,1.97823453786,0.294185227469,-0.00657001866963,0.989117268931,0.147092613735,-0.00328500933482,0.989117268931,0.147092613735,-0.00328500933482,1.97823375981,0.294189758095,-0.00657631762274,1.9782337619158403,0.29418974396629255,-0.00657631762273536
26.0,-22.337050355941766,-1.6392662636607003,3.0867349792947896,1.9782288945067366,0.2942173516827133,-0.006617640549808081,1.9782345443797305,0.29418518504864755,-0.006569955906453146,DEPTH_PROPOSAL_CERTIFIED,0.4038846078193268,0,32,0,0,84,FULL_MOTION_CERTIFICATE,0,0,0,91,0,0,0,0,0,,26.05,1.97823454018,0.294185212358,-0.00656999629964,0.989117270092,0.147092606179,-0.00328499814982,0.989117270092,0.147092606179,-0.00328499814982,1.97823381893,0.294189413721,-0.00657583873461,1.9782338208966712,0.29418940052078135,-0.006575838734612178
26.016666666666666,-22.304079868077434,-1.6343626768266557,3.086624738626543,1.97822927186017,0.29421521004269535,-0.006614440094780079,1.9782345462728055,0.2941851727254495,-0.006569937695662006,DEPTH_PROPOSAL_CERTIFIED,0.39431449255380735,0,32,0,0,85,FULL_MOTION_CERTIFICATE,0,0,0,91,0,0,0,0,0,,26.083333333,1.97823454438,0.294185185049,-0.00656995590645,0.98911727219,0.147092592524,-0.00328497795323,0.98911727219,0.147092592524,-0.00328497795323,1.97823392454,0.294188798206,-0.00657498252548,1.9782338755720559,0.29418908203447613,-0.006575394543438443
26.033333333333335,-22.271109374336326,-1.629459123355434,3.08651454777846,1.9782296244660267,0.29421320827325215,-0.006611450884984373,1.9782345480411965,0.29418516121368354,-0.006569920693680144,DEPTH_PROPOSAL_CERTIFIED,0.3850030966252578,0,32,0,0,85,FULL_MOTION_CERTIFICATE,0,0,0,91,0,0,0,0,0,,26.083333333,1.97823454438,0.294185185049,-0.00656995590645,0.98911727219,0.147092592524,-0.00328497795323,0.98911727219,0.147092592524,-0.00328497795323,1.97823392454,0.294188798206,-0.00657498252548,1.97823392625748,0.29418878668604476,-0.00657498252547677
26.05,-22.238138875104344,-1.624555601065382,3.0864044034588414,1.9782299539189951,0.294211337403134,-0.0066086591771364845,1.9782345496930056,0.2941851504606446,-0.006569904821157028,DEPTH_PROPOSAL_CERTIFIED,0.3759503742787281,0,32,0,0,85,FULL_MOTION_CERTIFICATE,0,0,0,91,0,0,0,0,0,,26.116666666,1.97823454804,0.294185161214,-0.00656992069368,0.989117274021,0.147092580607,-0.00328496034684,0.989117274021,0.147092580607,-0.00328496034684,1.97823401531,0.294188268826,-0.00657424582264,1.9782339732452094,0.2941885127876923,-0.006574600341392244
26.066666666666666,-22.205168370742456,-1.619652107915012,3.0862943025904275,1.9782302617134666,0.2942095890222351,-0.006606052104826172,1.9782345512358166,0.2941851404169888,-0.006569890003875361,DEPTH_PROPOSAL_CERTIFIED,0.36715627996061095,0,32,0,0,85,FULL_MOTION_CERTIFICATE,0,0,0,91,0,0,0,0,0,,26.116666666,1.97823454804,0.294185161214,-0.00656992069368,0.989117274021,0.147092580607,-0.00328496034684,0.989117274021,0.147092580607,-0.00328496034684,1.97823401531,0.294188268826,-0.00657424582264,1.978234016806018,0.2941882587752683,-0.006574245822640361
26.083333333333332,-22.172197861588298,-1.6147486419942163,3.0861842422966927,1.9782305492496268,0.2942079552477571,-0.006603617624073057,1.9782345526767298,0.29418513103652477,-0.006569876172425521,DEPTH_PROPOSAL_CERTIFIED,0.35862076829933187,0,32,0,0,86,FULL_MOTION_CERTIFICATE,0,0,0,91,0,0,0,0,0,,26.133333333,1.97823454969,0.294185150461,-0.00656990482116,0.989117274847,0.14709257523,-0.00328495241058,0.989117274847,0.14709257523,-0.00328495241058,1.97823405579,0.294188032586,-0.00657391695889,1.9782340571907817,0.29418802319912557,-0.006573916958885055
26.1,-22.13922734795764,-1.6098452015160105,3.0860742198889906,1.9782308178391954,0.29420642869230496,-0.006601344462137957,1.9782345540223902,0.2941851222760167,-0.0065698632619000845,DEPTH_PROPOSAL_CERTIFIED,0.35034379408760596,0,32,0,0,86,FULL_MOTION_CERTIFICATE,0,0,0,91,0,0,0,0,0,,26.15,1.97823455124,0.294185140417,-0.00656989000388,0.989117275618,0.147092570208,-0.00328494500194,0.989117275618,0.147092570208,-0.00328494500194,1.97823409333,0.294187813483,-0.00657361188653,1.9782340946319308,0.29418780471578837,-0.006573611886529732
26.116666666666667,-22.106256830145796,-1.6049417848087808,3.0859642328545007,1.9782310687108335,0.2942050024338043,-0.006599222069392415,1.9782345552790168,0.2941851140950001,-0.006569851211607219,DEPTH_PROPOSAL_CERTIFIED,0.3423253122663078,0,32,0,0,86,FULL_MOTION_CERTIFICATE,0,0,0,91,0,0,0,0,0,,26.183333333,1.97823455402,0.294185122276,-0.0065698632619,0.989117277011,0.147092561138,-0.00328493163095,0.989117277011,0.147092561138,-0.00328493163095,1.97823416039,0.294187421783,-0.00657306633123,1.9782341293448196,0.2941876020800967,-0.006573328877896802
26.133333333333333,-22.073286308428877,-1.6000383903089952,3.085854278844933,1.9782313030152396,0.2942036699871483,-0.006597240574076711,1.9782345564524293,0.29418510645560814,-0.006569839964801835,DEPTH_PROPOSAL_CERTIFIED,0.33456527790967705,0,32,0,0,86,FULL_MOTION_CERTIFICATE,0,0,0,91,0,0,0,0,0,,26.2,1.97823455528,0.294185114095,-0.00656985121161,0.98911727764,0.147092557048,-0.0032849256058,0.98911727764,0.147092557048,-0.0032849256058,1.97823419031,0.294187246958,-0.00657282276155,1.9782341615289927,0.2941874141379451,-0.006573066331225136
26.15,-22.040315783065047,-1.5951350165543707,3.0857443556659363,1.978231521829944,0.2942024252774905,-0.006595390739794555,1.978234557548073,0.2941850993224086,-0.006569829468433497,DEPTH_PROPOSAL_CERTIFIED,0.3271389528674761,0,32,0,0,86,FULL_MOTION_CERTIFICATE,0,0,0,91,0,0,0,0,0,,26.216666666,1.97823455645,0.294185106456,-0.0065698399648,0.989117278226,0.147092553228,-0.0032849199824,0.989117278226,0.147092553228,-0.0032849199824,1.97823421805,0.294187084799,-0.00657259679211,1.9782341913693358,0.29418723981966555,-0.006572822761552241
26.166666666666668,-22.007345254295643,-1.590231662177452,3.0856344612671767,1.9782317261638245,0.2942012626150886,-0.006593663925576066,1.9782345585710428,0.294185092662251,-0.006569819672910016,DEPTH_PROPOSAL_CERTIFIED,0.3197006245857952,0,32,0,0,86,FULL_MOTION_CERTIFICATE,0,0,0,91,0,0,0,0,0,,26.216666666,1.97823455645,0.294185106456,-0.0065698399648,0.989117278226,0.147092553228,-0.0032849199824,0.989117278226,0.147092553228,-0.0032849199824,1.97823421805,0.294187084799,-0.00657259679211,1.9782342190371673,0.29418707813378514,-0.006572596792110499
26.183333333333334,-21.97437472234629,-1.5853283258995918,3.0855245937330373,1.9782319169613558,0.29420017667161663,-0.006592052048363728,1.9782345595261042,0.29418508644412233,-0.0065698105318758,DEPTH_PROPOSAL_CERTIFIED,0.3119956120474203,0,32,0,0,87,FULL_MOTION_CERTIFICATE,0,0,0,91,0,0,0,0,0,,26.25,1.97823455857,0.294185092662,-0.00656981967291,0.989117279286,0.147092546331,-0.00328490983646,0.989117279286,0.147092546331,-0.00328490983646,1.97823426761,0.294186794859,-0.0065721926408,1.978234244691238,0.2941869281612586,-0.006572387146373202
26.2,-21.94140418742785,-1.5804250065252943,3.0854147512739076,1.9782320951066052,0.2941991624578737,-0.006590547547791015,1.9782345604177156,0.29418508063901283,-0.006569802002004112,DEPTH_PROPOSAL_CERTIFIED,0.3043722330339529,0,32,0,0,87,FULL_MOTION_CERTIFICATE,0,0,0,91,0,0,0,0,0,,26.25,1.97823455857,0.294185092662,-0.00656981967291,0.989117279286,0.147092546331,-0.00328490983646,0.989117279286,0.147092546331,-0.00328490983646,1.97823426761,0.294186794859,-0.0065721926408,1.9782342684786496,0.29418678905020995,-0.0065721926408039205
26.216666666666665,-21.9084336497374,-1.5755217029369144,3.0853049322180226,1.9782322614269927,0.29419821530280543,-0.006589143353110905,1.9782345612500463,0.2941850752197882,-0.006569794042802323,DEPTH_PROPOSAL_CERTIFIED,0.2969240074340982,0,32,0,0,88,FULL_MOTION_CERTIFICATE,0,0,0,92,0,0,0,0,0,,26.283333333,1.97823456042,0.294185080639,-0.006569802002,0.989117280209,0.14709254032,-0.003284901001,0.989117280209,0.14709254032,-0.003284901001,1.97823431024,0.294186545374,-0.00657184474043,1.9782342905357189,0.29418666001097293,-0.0065720121780135496
26.233333333333334,-21.875463109459115,-1.5706184140896842,3.0851951350038203,1.9782324166968244,0.29419733083376765,-0.0065878328521505125,1.9782345620269957,0.29418507016107187,-0.006569786616429448,DEPTH_PROPOSAL_CERTIFIED,0.289650886217799,0,32,0,0,88,FULL_MOTION_CERTIFICATE,0,0,0,92,0,0,0,0,0,,26.283333333,1.97823456042,0.294185080639,-0.006569802002,0.989117280209,0.14709254032,-0.003284901001,0.989117280209,0.14709254032,-0.003284901001,1.97823431024,0.294186545374,-0.00657184474043,1.978234310988771,0.2941865403115066,-0.006571844740433736
26.25,-21.842492566765106,-1.5657151390070516,3.0850853581727837,1.978232561640616,0.29419650495796834,-0.006586609862180736,1.9782345627522107,0.2941850654391325,-0.006569779687525156,DEPTH_PROPOSAL_CERTIFIED,0.2825528203946873,0,32,0,0,88,FULL_MOTION_CERTIFICATE,0,0,0,92,0,0,0,0,0,,26.316666666,1.97823456203,0.294185070161,-0.00656978661643,0.989117280625,0.14709253761,-0.0032848970214,0.989117281013,0.147092535081,-0.00328489330821,1.97823434683,0.294186331061,-0.00657154579806,1.9782343299548726,0.2941864292732169,-0.0065716893845494595
26.266666666666666,-21.809522021816246,-1.5608118767758177,3.0849756003620303,1.9782326969317552,0.2941957338740503,-0.006585468645201832,1.978234563429101,0.2941850610317796,-0.006569773223049581,DEPTH_PROPOSAL_CERTIFIED,0.27562976100947645,0,32,0,0,88,FULL_MOTION_CERTIFICATE,0,0,0,92,0,0,0,0,0,,26.316666666,1.97823456203,0.294185070161,-0.00656978661643,0.989117280625,0.14709253761,-0.0032848970214,0.989117281013,0.147092535081,-0.00328489330821,1.97823434683,0.294186331061,-0.00657154579806,1.9782343474836523,0.2941863266502504,-0.006571545798059205
26.283333333333335,-21.776551474762748,-1.5559086265430804,3.084865860299564,1.9782328232094888,0.2941950139641875,-0.0065844037479747194,1.978234564060856,0.29418505691825425,-0.006569767192116913,DEPTH_PROPOSAL_CERTIFIED,0.26888165913590634,0,32,0,0,88,FULL_MOTION_CERTIFICATE,0,0,0,92,0,0,0,0,0,,26.333333333,1.97823456275,0.294185065439,-0.00656977968753,0.989117281376,0.14709253272,-0.00328488984376,0.989117281376,0.14709253272,-0.00328488984376,1.97823436319,0.29418623518,-0.0065714120018,1.9782343637978381,0.29418623106386155,-0.006571412001803953
26.3,-21.74358092576335,-1.5510053874047156,3.084756136640818,1.9782329399640093,0.2941943483019044,-0.006583419524779964,1.978234564650456,0.29418505307916076,-0.0065697615658900565,DEPTH_PROPOSAL_CERTIFIED,0.26230846602156843,0,32,0,0,88,FULL_MOTION_CERTIFICATE,0,0,0,92,0,0,0,0,0,,26.366666666,1.97823456406,0.294185056918,-0.00656976719212,0.989117282325,0.14709252654,-0.00328488078295,0.98911728203,0.147092528459,-0.00328488359606,1.97823439251,0.294186063127,-0.0065711718019,1.97823436436916,0.29418622722205,-0.006571412001803953
26.316666666666666,-21.710610374947066,-1.5461021586274262,3.084646428300417,1.9782330489771178,0.2941937266373824,-0.006582500424039587,1.9782345652010669,0.2941850494938897,-0.0065697563138131685,DEPTH_PROPOSAL_CERTIFIED,0.25591013277258334,0,32,0,0,88,FULL_MOTION_CERTIFICATE,0,0,0,92,0,0,0,0,0,,26.383333333,1.97823456465,0.294185053079,-0.00656976156589,0.989117282325,0.14709252654,-0.00328488078295,0.989117282325,0.14709252654,-0.00328488078295,1.97823440555,0.294185986608,-0.00657106496583,1.9782343789370418,0.29418614233021423,-0.0065712873950069875
26.333333333333332,-21.677639822433097,-1.5411989395350465,3.0845367342638323,1.9782331508383149,0.2941931455427997,-0.006581642195089368,1.978234565715253,0.29418504614575436,-0.006569751411265944,DEPTH_PROPOSAL_CERTIFIED,0.24968661051475805,0,32,0,0,88,FULL_MOTION_CERTIFICATE,0,0,0,92,0,0,0,0,0,,26.4,1.9782345652,0.294185049494,-0.00656975631381,0.989117282601,0.147092524747,-0.00328487815691,0.989117282601,0.147092524747,-0.00328487815691,1.97823441765,0.294185915615,-0.00657096582553,1.9782343935449174,0.29418605618889065,-0.006571171801896696
26.35,-21.644669268319024,-1.5362957295753128,3.084427053707512,1.9782332468440158,0.29419259758397276,-0.006580833379213423,1.9782345661953782,0.2941850430193648,-0.006569746835225993,DEPTH_PROPOSAL_CERTIFIED,0.2436378502653065,0,32,0,0,88,FULL_MOTION_CERTIFICATE,0,0,0,92,0,0,0,0,0,,26.416666666,1.97823456572,0.294185046146,-0.00656975141127,0.989117282858,0.147092523073,-0.00328487570563,0.989117282858,0.147092523073,-0.00328487570563,1.97823442887,0.294185849746,-0.00657087382445,1.9782344181135665,0.2941859124862843,-0.006570965825526898
26.366666666666667,-21.61169871271196,-1.5313925281392635,3.0843173857263873,1.9782333364239864,0.29419208616297216,-0.006580078867488936,1.9782345666433703,0.2941850401021783,-0.006569742567046924,DEPTH_PROPOSAL_CERTIFIED,0.23776380319213775,0,32,0,0,88,FULL_MOTION_CERTIFICATE,0,0,0,92,0,0,0,0,0,,26.433333333,1.9782345662,0.294185043019,-0.00656974683523,0.989117283098,0.14709252151,-0.00328487341761,0.989117283098,0.14709252151,-0.00328487341761,1.97823443927,0.29418578863,-0.00657078844648,1.978234429299626,0.2941858468267651,-0.0065708738244502005
26.383333333333333,-21.5787281557119,-1.5264893346580835,3.084207729475592,1.9782334200035583,0.2941916088708209,-0.006579375047715302,1.9782345670613608,0.29418503738031954,-0.006569738586169926,DEPTH_PROPOSAL_CERTIFIED,0.23579228746450864,0,32,0,0,88,FULL_MOTION_CERTIFICATE,0,0,0,92,0,0,0,0,0,,26.45,1.97823456664,0.294185040102,-0.00656974256705,0.989117283322,0.147092520051,-0.00328487128352,0.989117283322,0.147092520051,-0.00328487128352,1.97823444892,0.294185731924,-0.00657070921319,1.9782344396743365,0.29418578590657535,-0.006570788446476966
26.4,-21.54575759741223,-1.5215861486004998,3.084098084166507,1.9782334979803153,0.2941911634550304,-0.006578718545099387,1.9782345674513415,0.2941850348408232,-0.0065697348733962276,DEPTH_PROPOSAL_CERTIFIED,0.2359019327670585,0,32,0,0,88,FULL_MOTION_CERTIFICATE,0,0,0,92,0,0,0,0,0,,26.466666666,1.97823456706,0.29418503738,-0.00656973858617,0.989117283531,0.14709251869,-0.00328486929309,0.989117283531,0.14709251869,-0.00328486929308,1.97823445787,0.294185679307,-0.00657063568084,1.97823444929675,0.2941857293823858,-0.0065707092131852265
26.416666666666668,-21.51278703790013,-1.5166829694703383,3.083988449063059,1.9782335707258676,0.2941907478096369,-0.006578106206897807,1.9782345678151743,0.2941850324715752,-0.006569731410798219,DEPTH_PROPOSAL_CERTIFIED,0.23601156786397182,0,32,0,0,88,FULL_MOTION_CERTIFICATE,0,0,0,92,0,0,0,0,0,,26.483333333,1.97823456745,0.294185034841,-0.0065697348734,0.989117283726,0.14709251742,-0.0032848674367,0.989117283726,0.14709251742,-0.0032848674367,1.97823446617,0.294185630484,-0.00657056743785,1.9782344582216056,0.2941856769358362,-0.00657063568083853
26.433333333333334,-21.479816477257007,-1.511779796804241,3.0838788234782584,1.9782336385875174,0.29419035996585385,-0.006577535088030482,1.9782345681545965,0.29418503026125686,-0.006569728181636283,DEPTH_PROPOSAL_CERTIFIED,0.23612119344223803,0,32,0,0,88,FULL_MOTION_CERTIFICATE,0,0,0,92,0,0,0,0,0,,26.5,1.97823456782,0.294185032472,-0.0065697314108,0.989117283908,0.147092516236,-0.0032848657054,0.989117283908,0.147092516236,-0.0032848657054,1.97823447387,0.29418558518,-0.00657050410247,1.9782344664996454,0.29418562827170097,-0.006570567437849116
26.45,-21.446845915558846,-1.5068766301695196,3.083769206770965,1.9782337018898195,0.294189998083306,-0.0065770024376088695,1.9782345684712337,0.29418502819929465,-0.006569725170280981,DEPTH_PROPOSAL_CERTIFIED,0.23623081014299785,0,32,0,0,88,FULL_MOTION_CERTIFICATE,0,0,0,93,0,0,0,0,0,,26.516666666,1.97823456815,0.294185030261,-0.00656972818164,0.989117284077,0.147092515131,-0.00328486409082,0.989117284077,0.147092515131,-0.00328486409082,1.97823448101,0.29418554314,-0.00657044532059,1.9782344741779052,0.2941855831162216,-0.006570504102465202
26.466666666666665,-21.41387535287658,-1.5019734691621565,3.0836595983428596,1.9782337609360445,0.29418966044180767,-0.006576505686319302,1.9782345687666023,0.29418502627581056,-0.006569722362140272,DEPTH_PROPOSAL_CERTIFIED,0.2363404185645701,0,32,0,0,88,FULL_MOTION_CERTIFICATE,0,0,0,93,0,0,0,0,0,,26.533333333,1.97823456847,0.294185028199,-0.00656972517028,0.989117284236,0.1470925141,-0.00328486258514,0.989117284236,0.1470925141,-0.00328486258514,1.97823448764,0.29418550413,-0.00657039076374,1.97823448129999,0.29418554121552826,-0.006570445320586568
26.483333333333334,-21.380904789276418,-1.4970703134049281,3.083549997635616,1.9782338160095505,0.29418934543365427,-0.006576042434609062,1.9782345690421204,0.29418502448157796,-0.006569719743591402,DEPTH_PROPOSAL_CERTIFIED,0.2364500192652812,0,32,0,0,88,FULL_MOTION_CERTIFICATE,0,0,0,93,0,0,0,0,0,,26.55,1.97823456877,0.294185026276,-0.00656972236214,0.989117284383,0.147092513138,-0.00328486118107,0.989117284383,0.147092513138,-0.00328486118107,1.97823449379,0.294185467929,-0.00657034012726,1.978234487906322,0.294185502334183,-0.006570390763744141
26.5,-21.34793422482017,-1.4921671625456552,3.0834404041282557,1.9782338673750677,0.2941890515563964,-0.00657561044162792,1.9782345692991117,0.2941850228079786,-0.0065697173019172335,DEPTH_PROPOSAL_CERTIFIED,0.23655961276610893,0,32,0,0,88,FULL_MOTION_CERTIFICATE,0,0,0,93,0,0,0,0,0,,26.566666666,1.97823456904,0.294185024482,-0.00656971974359,0.989117284521,0.147092512241,-0.0032848598718,0.989117284521,0.147092512241,-0.0032848598718,1.97823449949,0.294185434334,-0.0065702931285,1.9782344940343772,0.2941854662538503,-0.006570340127257985
26.516666666666666,-21.314963659565507,-1.4872640162555544,3.0833308173346743,1.978233915279903,0.2941887774060665,-0.006575207614875597,1.9782345695388128,0.29418502124696344,-0.006569715025246692,DEPTH_PROPOSAL_CERTIFIED,0.2366691995531588,0,32,0,0,88,FULL_MOTION_CERTIFICATE,0,0,0,93,0,0,0,0,0,,26.583333333,1.9782345693,0.294185022808,-0.00656971730192,0.98911728465,0.147092511404,-0.00328485865096,0.98911728465,0.147092511404,-0.00328485865096,1.97823450478,0.294185403158,-0.00657024950527,1.9782344997188954,0.2941854327720419,-0.006570293128497253
26.533333333333335,-21.28199309356625,-1.4823608742277063,3.0832212368013323,1.9782339599550685,0.2941885216708309,-0.006574832000511584,1.9782345697623773,0.2941850197910149,-0.00656971290249902,DEPTH_PROPOSAL_CERTIFIED,0.2367787800799689,0,32,0,0,88,FULL_MOTION_CERTIFICATE,0,0,0,93,0,0,0,0,0,,26.6,1.97823456954,0.294185021247,-0.00656971502525,0.989117284769,0.147092510623,-0.00328485751262,0.989117284769,0.147092510623,-0.00328485751262,1.97823450968,0.294185374225,-0.00657020901436,1.9782345049920869,0.2941854017009568,-0.006570249505270628
26.55,-21.249022526872647,-1.4774577361756225,3.083111662105094,1.9782340016163371,0.29418828312504247,-0.006574481774287897,1.978234569970885,0.29418501843311323,-0.006569710923331762,DEPTH_PROPOSAL_CERTIFIED,0.23688835476967618,0,32,0,0,88,FULL_MOTION_CERTIFICATE,0,0,0,93,0,0,0,0,0,,26.616666666,1.97823456976,0.294185019791,-0.0065697129025,0.989117284881,0.147092509896,-0.00328485645125,0.989117284881,0.147092509896,-0.00328485645125,1.97823451423,0.294185347374,-0.00657017143013,1.978234509883814,0.29418537286642327,-0.006570209014358912
26.566666666666666,-21.216051959531562,-1.472554601831895,3.08300209285121,1.978234040465233,0.29418806062366804,-0.006574155233063709,1.978234570165342,0.2941850171667029,-0.006569709078092022,DEPTH_PROPOSAL_CERTIFIED,0.23699792401702935,0,32,0,0,88,FULL_MOTION_CERTIFICATE,0,0,0,93,0,0,0,0,0,,26.633333333,1.97823456997,0.294185018433,-0.00656971092333,0.989117284985,0.147092509217,-0.00328485546167,0.989117284985,0.147092509217,-0.00328485546167,1.97823451846,0.294185322454,-0.00657013654325,1.9782345144217621,0.2941853461068997,-0.00657017143012861
26.583333333333332,-21.183081391586732,-1.4676514709469441,3.0828925286714286,1.978234076689958,0.2941878530970682,-0.006573850786865653,1.9782345703466886,0.2941850159856628,-0.006569707357770962,DEPTH_PROPOSAL_CERTIFIED,0.2407359274378955,0,32,0,0,88,FULL_MOTION_CERTIFICATE,0,0,0,93,0,0,0,0,0,,26.65,1.97823457017,0.294185017167,-0.00656970907809,0.989117285083,0.147092508583,-0.00328485453905,0.989117285083,0.147092508583,-0.00328485453905,1.97823452237,0.294185299327,-0.00657010415952,1.978234518631602,0.29418532127255037,-0.0065701365432493716
26.6,-21.150110823078958,-1.4627483432878416,3.0827829692222375,1.9782341104662593,0.29418765954610876,-0.006573566951461034,1.978234570515803,0.29418501488427795,-0.006569705753961209,DEPTH_PROPOSAL_CERTIFIED,0.24791549184715544,0,32,0,0,88,FULL_MOTION_CERTIFICATE,0,0,0,93,0,0,0,0,0,,26.65,1.97823457017,0.294185017167,-0.00656970907809,0.989117285083,0.147092508583,-0.00328485453905,0.989117285083,0.147092508583,-0.00328485453905,1.97823452237,0.294185299327,-0.00657010415952,1.9782345225371338,0.2941852982244038,-0.006570104159524682
26.616666666666667,-21.117140254046323,-1.4578452186372155,3.082673414183214,1.9782341419582417,0.2941874790375821,-0.0065733023414099685,1.9782345706735043,0.29418501385721235,-0.006569704258817126,DEPTH_PROPOSAL_CERTIFIED,0.25509371928399927,0,32,0,0,88,FULL_MOTION_CERTIFICATE,0,0,0,93,0,0,0,0,0,,26.683333333,1.97823457052,0.294185014884,-0.00656970575396,0.989117285258,0.147092507442,-0.00328485287698,0.989117285258,0.147092507442,-0.00328485287698,1.97823452938,0.294185257939,-0.00657004619388,1.9782345261604266,0.29418527683355666,-0.006570074098786961
26.633333333333333,-21.08416968452434,-1.452942096792217,3.082563863255488,1.978234171319128,0.29418731069991966,-0.006573055663566437,1.9782345708205578,0.2941850128994844,-0.006569702865017598,DEPTH_PROPOSAL_CERTIFIED,0.26227061011372965,0,32,0,0,88,FULL_MOTION_CERTIFICATE,0,0,0,93,0,0,0,0,0,,26.7,1.97823457067,0.294185013857,-0.00656970425882,0.989117285337,0.147092506929,-0.00328485212941,0.989117285337,0.147092506929,-0.00328485212941,1.97823453251,0.294185239448,-0.0065700202897,1.9782345295219432,0.2941852569804379,-0.006570046193875354
26.65,-21.051199114546144,-1.4480389775635645,3.0824543161603044,1.9782341986919711,0.29418715371917864,-0.006572825711001083,1.9782345709576776,0.2941850120064437,-0.006569701565731267,DEPTH_PROPOSAL_CERTIFIED,0.26944616467533744,0,32,0,0,88,FULL_MOTION_CERTIFICATE,0,0,0,93,0,0,0,0,0,,26.716666666,1.97823457082,0.294185012899,-0.00656970286502,0.98911728541,0.14709250645,-0.00328485143251,0.98911728541,0.14709250645,-0.00328485143251,1.97823453541,0.294185222285,-0.00656999624238,1.978234532640656,0.29418523855413814,-0.006570020289703756
26.666666666666668,-21.018228544142634,-1.4431358607746423,3.0823447726376823,1.9782342242103188,0.29418700733528447,-0.0065726113573176675,1.97823457108553,0.29418501117374923,-0.006569700354584103,DEPTH_PROPOSAL_CERTIFIED,0.276620383283369,0,32,0,0,88,FULL_MOTION_CERTIFICATE,0,0,0,93,0,0,0,0,0,,26.733333333,1.97823457096,0.294185012006,-0.00656970156573,0.989117285479,0.147092506003,-0.00328485078287,0.989117285479,0.147092506003,-0.00328485078287,1.9782345381,0.294185206355,-0.00656997391839,1.9782345355341604,0.29418522145177584,-0.006569996242380001
26.683333333333334,-20.985257973342655,-1.4382327462606674,3.08223523244516,1.978234247998838,0.2941868708385138,-0.006572411551338375,1.978234571204739,0.29418501039734885,-0.006569699225629023,DEPTH_PROPOSAL_CERTIFIED,0.2837932662296533,0,32,0,0,88,FULL_MOTION_CERTIFICATE,0,0,0,93,0,0,0,0,0,,26.75,1.97823457109,0.294185011174,-0.00656970035458,0.989117285543,0.147092505587,-0.00328485017729,0.989117285543,0.147092505587,-0.00328485017729,1.9782345406,0.294185191568,-0.00656995319386,1.9782345382187705,0.29418520557791145,-0.006569973918391009
26.7,-20.95228740217309,-1.4333296338678976,3.0821256953566243,1.9782342701738969,0.2941867435662031,-0.00657222531213545,1.9782345713158835,0.29418500967346034,-0.006569698173317549,DEPTH_PROPOSAL_CERTIFIED,0.2909648137849582,0,32,0,0,88,FULL_MOTION_CERTIFICATE,0,0,0,94,0,0,0,0,0,,26.766666666,1.9782345712,0.294185010397,-0.00656969922563,0.989117285602,0.147092505199,-0.00328484961281,0.989117285602,0.147092505199,-0.00328484961281,1.97823454292,0.294185177843,-0.00656993395384,1.978234540709615,0.29418519084401246,-0.006569953193859766
26.716666666666665,-20.919316830659024,-1.4284265234529034,3.082016161161218,1.978234290844111,0.29418662489966874,-0.006572051724386027,1.9782345714195069,0.29418500899855377,-0.006569697192473311,DEPTH_PROPOSAL_CERTIFIED,0.2981350262004536,0,32,0,0,88,FULL_MOTION_CERTIFICATE,0,0,0,94,0,0,0,0,0,,26.783333333,1.97823457132,0.294185009673,-0.00656969817332,0.989117285658,0.147092504837,-0.00328484908666,0.989117285658,0.147092504837,-0.00328484908666,1.97823454507,0.294185165103,-0.00656991609168,1.9782345430207233,0.29418517716794923,-0.006569933953843052
26.733333333333334,-20.88634625882384,-1.4235234148818805,3.0819066296623174,1.978234310110853,0.29418651426132464,-0.006571889934029637,1.9782345715161147,0.2941850083693345,-0.006569696278267297,DEPTH_PROPOSAL_CERTIFIED,0.30530390370915494,0,32,0,0,88,FULL_MOTION_CERTIFICATE,0,0,0,94,0,0,0,0,0,,26.8,1.97823457142,0.294185008999,-0.00656969719247,0.98911728571,0.147092504499,-0.00328484859624,0.98911728571,0.147092504499,-0.00328484859624,1.97823454707,0.294185153277,-0.00656989950841,1.9782345451651058,0.2941851644735267,-0.006569916091681674
26.75,-20.85337568668936,-1.4186203080300144,3.0817971006765807,1.97823432806873,0.29418641111198646,-0.006571739144209815,1.978234571606179,0.29418500778272794,-0.006569695426194725,DEPTH_PROPOSAL_CERTIFIED,0.31247144652717695,0,32,0,0,88,FULL_MOTION_CERTIFICATE,0,0,0,94,0,0,0,0,0,,26.816666666,1.97823457152,0.294185008369,-0.00656969627827,0.989117285758,0.147092504185,-0.00328484813913,0.989117285758,0.147092504185,-0.00328484813913,1.97823454892,0.294185142299,-0.00656988411219,1.978234547154828,0.2941851526900606,-0.006569899508407987
26.766666666666666,-20.82040511427593,-1.4137172027808755,3.0816875740330563,1.978234344806029,0.29418631494834907,-0.006571598611480725,1.9782345716901408,0.2941850072358649,-0.00656969463205347,DEPTH_PROPOSAL_CERTIFIED,0.31963765485498896,0,32,0,0,88,FULL_MOTION_CERTIFICATE,0,0,0,94,0,0,0,0,0,,26.833333333,1.97823457161,0.294185007783,-0.00656969542619,0.989117285803,0.147092503891,-0.0032848477131,0.989117285803,0.147092503891,-0.0032848477131,1.97823455064,0.294185132109,-0.00656986981779,1.9782345490010789,0.2941851417519731,-0.006569884112185821
26.783333333333335,-20.787434541602504,-1.4088140990258644,3.081578049572352,1.9782343604051358,0.2941862253006273,-0.006571467642261903,1.9782345717684113,0.29418500672606784,-0.006569693891923862,DEPTH_PROPOSAL_CERTIFIED,0.3286885081846125,0,32,0,0,88,FULL_MOTION_CERTIFICATE,0,0,0,94,0,0,0,0,0,,26.85,1.97823457169,0.294185007236,-0.00656969463205,0.989117285845,0.147092503618,-0.00328484731603,0.989117285845,0.147092503618,-0.00328484731603,1.97823455223,0.294185122649,-0.00656985654615,1.9782345507142358,0.2941851315984217,-0.006569869817792265
26.8,-20.754463968686792,-1.4039109966636922,3.08146852714586,1.9782343749429228,0.29418614173034946,-0.0065713455895257825,1.9782345718413739,0.29418500625083865,-0.006569693202149847,DEPTH_PROPOSAL_CERTIFIED,0.34099694966007776,0,32,0,0,88,FULL_MOTION_CERTIFICATE,0,0,0,94,0,0,0,0,0,,26.866666666,1.97823457177,0.294185006726,-0.00656969389192,0.989117285884,0.147092503363,-0.00328484694596,0.989117285884,0.147092503363,-0.00328484694596,1.97823455371,0.294185113867,-0.00656984422386,1.9782345523039229,0.2941851221729597,-0.0065698565461451185
26.816666666666666,-20.721493395545277,-1.3990078955998877,3.0813590066150316,1.9782343884911153,0.2941860638282938,-0.0065712318497023236,1.9782345719093868,0.2941850058078461,-0.006569692559321411,DEPTH_PROPOSAL_CERTIFIED,0.35358823077860535,0,32,0,0,88,FULL_MOTION_CERTIFICATE,0,0,0,94,0,0,0,0,0,,26.883333333,1.97823457184,0.294185006251,-0.00656969320215,0.989117285921,0.147092503125,-0.00328484660107,0.989117285921,0.147092503125,-0.00328484660107,1.97823455509,0.294185105714,-0.00656983278282,1.9782345537790655,0.29418511342321535,-0.0065698442238561255
26.833333333333332,-20.688522822193335,-1.3941047957463453,3.0812494878507017,1.9782344011166326,0.29418599121255906,-0.00657112585978681,1.978234571972783,0.2941850053949151,-0.006569691960258115,DEPTH_PROPOSAL_CERTIFIED,0.3664622918372151,0,32,0,0,88,FULL_MOTION_CERTIFICATE,0,0,0,94,0,0,0,0,0,,26.9,1.97823457191,0.294185005808,-0.00656969255932,0.989117285955,0.147092502904,-0.00328484627966,0.989117285955,0.147092502904,-0.00328484627966,1.97823455636,0.294185098145,-0.00656982215983,1.9782345551479428,0.2941851053005949,-0.006569832782817551
26.85,-20.655552248643875,-1.389201697029284,3.081139970744912,1.9782344129671656,0.29418592302362623,-0.006571026347395539,1.9782345720318761,0.2941850050100168,-0.006569691401993781,DEPTH_PROPOSAL_CERTIFIED,0.37961907312059484,0,32,0,0,88,FULL_MOTION_CERTIFICATE,0,0,0,94,0,0,0,0,0,,26.916666666,1.97823457197,0.294185005395,-0.00656969196026,0.989117285986,0.147092502697,-0.00328484598013,0.989117285986,0.147092502697,-0.00328484598013,1.97823455754,0.294185091119,-0.00656981229622,1.9782345575436682,0.294185091118646,-0.00656981229622204
26.866666666666667,-20.62258167491181,-1.3842985993630619,3.081030455172015,1.9782344239239733,0.2941858599733388,-0.006570934373821789,1.9782345720869248,0.2941850046514541,-0.006569690882053172,DEPTH_PROPOSAL_CERTIFIED,0.3930585149363397,0,32,0,0,88,FULL_MOTION_CERTIFICATE,0,0,0,94,0,0,0,0,0,,26.933333333,1.97823457203,0.29418500501,-0.00656969140199,0.989117286016,0.147092502505,-0.003284845701,0.989117286016,0.147092502505,-0.003284845701,1.97823455864,0.294185084595,-0.00656980313757,1.978234557597028,0.29418509075983207,-0.00656981229622204
26.883333333333333,-20.589611101009584,-1.3793955026762748,3.0809209410274465,1.9782344341335962,0.2941858012072394,-0.006570848674105608,1.9782345721382335,0.2941850043172498,-0.006569690397543684,DEPTH_PROPOSAL_CERTIFIED,0.4067805575788316,0,32,0,0,88,FULL_MOTION_CERTIFICATE,0,0,0,94,0,0,0,0,0,,26.95,1.97823457209,0.294185004651,-0.00656969088205,0.989117286043,0.147092502326,-0.00328484544103,0.989117286043,0.147092502326,-0.00328484544103,1.97823455966,0.294185078539,-0.00656979463336,1.9782345586909948,0.2941850842608267,-0.0065698031375682
26.9,-20.556640526948808,-1.3744924069023412,3.0808114282137375,1.9782344436466743,0.2941857464360247,-0.006570768822534149,1.978234572186055,0.29418500400575764,-0.006569689946061265,DEPTH_PROPOSAL_CERTIFIED,0.4207851413413741,0,32,0,0,88,FULL_MOTION_CERTIFICATE,0,0,0,94,0,0,0,0,0,,26.966666666,1.97823457214,0.294185004317,-0.00656969039754,0.989117286069,0.147092502159,-0.00328484519877,0.989117286069,0.147092502159,-0.00328484519877,1.97823456061,0.294185072916,-0.00656978673671,1.9782345597062259,0.2941850782272053,-0.006569794633362348
26.916666666666668,-20.523669952740295,-1.3695893119791775,3.080701916640036,1.9782344525104418,0.29418569538977607,-0.006570694422092905,1.9782345722306254,0.29418500371544165,-0.006569689525364115,DEPTH_PROPOSAL_CERTIFIED,0.4350722065161834,0,32,0,0,88,FULL_MOTION_CERTIFICATE,0,0,0,94,0,0,0,0,0,,26.983333333,1.97823457219,0.294185004006,-0.00656968994606,0.989117286093,0.147092502003,-0.00328484497303,0.989117286093,0.147092502003,-0.00328484497303,1.97823456148,0.294185067696,-0.00656977940408,1.9782345606484049,0.2941850726255431,-0.0065697867367097386
26.933333333333334,-20.490699378394147,-1.3646862178488999,3.08059240622166,1.9782344607689542,0.29418564781667356,-0.00657062510254683,1.9782345722721644,0.29418500344486925,-0.006569689133361813,DEPTH_PROPOSAL_CERTIFIED,0.4496416933942582,0,32,0,0,88,FULL_MOTION_CERTIFICATE,0,0,0,94,0,0,0,0,0,,27,1.97823457223,0.294185003715,-0.00656968952536,0.989117286115,0.147092501858,-0.00328484476268,0.989117286115,0.147092501858,-0.00328484476268,1.9782345623,0.294185062849,-0.00656977259509,1.9782345615228039,0.2941850674248229,-0.0065697794040847106
26.95,-20.45772880391976,-1.359783124457537,3.0804828968796825,1.9782344684632995,0.2941856034817939,-0.00657056051864863,1.978234572310877,0.2941850031927042,-0.006569688768105164,DEPTH_PROPOSAL_CERTIFIED,0.46449354226543416,0,32,0,0,88,FULL_MOTION_CERTIFICATE,0,0,0,95,0,0,0,0,0,,27.016666666,1.97823457227,0.294185003445,-0.00656968913336,0.989117286136,0.147092501722,-0.00328484456668,0.989117286136,0.147092501722,-0.00328484456668,1.97823456305,0.294185058348,-0.00656976627223,1.9782345623343136,0.29418506259626237,-0.0065697725950905955
26.966666666666665,-20.4247582293259,-1.3548800317547707,3.0803733885405413,1.9782344756317973,0.29418556216598774,-0.006570500348465598,1.9782345723469552,0.29418500295769995,-0.006569688427776695,DEPTH_PROPOSAL_CERTIFIED,0.4796276934183046,0,32,0,0,88,FULL_MOTION_CERTIFICATE,0,0,0,95,0,0,0,0,0,,27.033333333,1.97823457231,0.294185003193,-0.00656968876811,0.989117286173,0.147092501479,-0.00328484421389,0.989117286155,0.147092501596,-0.00328484438405,1.97823456376,0.294185054152,-0.00656976037493,1.9782345630874698,0.29418505811315243,-0.0065697662722326135
26.983333333333334,-20.39178765462072,-1.3499769396937118,3.08026388113571,1.9782344823103895,0.29418552366348133,-0.006570444289864055,1.9782345723805765,0.2941850027386942,-0.006569688110681842,DEPTH_PROPOSAL_CERTIFIED,0.4957603381959216,0,32,0,0,88,FULL_MOTION_CERTIFICATE,0,0,0,95,0,0,0,0,0,,27.05,1.97823457235,0.294185002958,-0.00656968842778,0.989117286173,0.147092501479,-0.00328484421389,0.989117286173,0.147092501479,-0.00328484421389,1.97823456441,0.294185050274,-0.00656975492438,1.9782345637892147,0.294185053932903,-0.006569760374925223
27.0,-20.358817079811853,-1.3450738482306264,3.08015437460129,1.9782344885321612,0.2941854877851469,-0.0065703920652064405,1.9782345724119084,0.2941850025346033,-0.00656968781524143,DEPTH_PROPOSAL_CERTIFIED,0.5141497510632156,0,32,0,0,89,FULL_MOTION_CERTIFICATE,0,0,0,95,0,0,0,0,0,,27.066666666,1.97823457238,0.294185002739,-0.00656968811068,0.98911728619,0.147092501369,-0.00328484405534,0.98911728619,0.147092501369,-0.00328484405534,1.97823456501,0.294185046673,-0.00656974986274,1.978234564437778,0.2941850500694673,-0.006569754924383553
27.016666666666666,-20.325846504905712,-1.3401707573287232,3.0800448688836664,1.9782344943685184,0.29418545411421,-0.006570343057400767,1.9782345724411052,0.2941850023444159,-0.006569687539982326,DEPTH_PROPOSAL_CERTIFIED,0.5325256107350538,0,32,0,0,89,FULL_MOTION_CERTIFICATE,0,0,0,95,0,0,0,0,0,,27.083333333,1.97823457241,0.294185002535,-0.00656968781524,0.989117286206,0.147092501267,-0.00328484390762,0.989117286206,0.147092501267,-0.00328484390762,1.97823456557,0.294185043329,-0.00656974516217,1.978234565572076,0.2941850433287793,-0.006569745162171541
27.033333333333335,-20.292875929909627,-1.335267666945711,3.0799353639209612,1.9782344997647243,0.2941854229806731,-0.006570297762307643,1.9782345724682984,0.29418500216728277,-0.006569687283670396,DEPTH_PROPOSAL_CERTIFIED,0.5508880200669835,0,32,0,0,89,FULL_MOTION_CERTIFICATE,0,0,0,95,0,0,0,0,0,,27.1,1.97823457244,0.294185002344,-0.00656968753998,0.989117286221,0.147092501172,-0.00328484376999,0.989117286221,0.147092501172,-0.00328484376999,1.97823456609,0.294185040224,-0.00656974079685,1.9782345655984361,0.2941850431515224,-0.006569745162171541
27.05,-20.259905354829773,-1.3303645770461874,3.0798258596614954,1.9782345047914134,0.2941853939714349,-0.006570255567955101,1.9782345724936372,0.29418500200222375,-0.0065696870448756035,DEPTH_PROPOSAL_CERTIFIED,0.5692370819022847,0,32,0,0,89,FULL_MOTION_CERTIFICATE,0,0,0,95,0,0,0,0,0,,27.116666666,1.97823457247,0.294185002167,-0.00656968728367,0.989117286234,0.147092501084,-0.00328484364184,0.989117286234,0.147092501084,-0.00328484364184,1.97823456658,0.294185037341,-0.00656973674283,1.9782345661170202,0.2941850400587289,-0.006569740796854085
27.066666666666666,-20.22693477967188,-1.3254614875971493,3.0797163560571117,1.9782345094737581,0.2941853669423045,-0.006570216263021016,1.9782345725172483,0.2941850018484194,-0.006569686822405149,DEPTH_PROPOSAL_CERTIFIED,0.5875728990787583,0,32,0,0,90,FULL_MOTION_CERTIFICATE,0,0,0,95,0,0,0,0,0,,27.133333333,1.97823457249,0.294185002002,-0.00656968704488,0.989117286247,0.147092501001,-0.00328484352244,0.989117286247,0.147092501001,-0.00328484352244,1.97823456702,0.294185034664,-0.00656973297783,1.9782345665983638,0.2941850371869141,-0.006569736742825175
27.083333333333332,-20.193964204441293,-1.320558398567836,3.079606853062937,1.978234513835227,0.29418534175881517,-0.006570179650506464,1.978234572539249,0.29418500170510536,-0.006569686615147088,DEPTH_PROPOSAL_CERTIFIED,0.6058955744292063,0,32,0,0,90,FULL_MOTION_CERTIFICATE,0,0,0,95,0,0,0,0,0,,27.15,1.97823457252,0.294185001848,-0.00656968682241,0.989117286259,0.147092500924,-0.0032848434112,0.989117286259,0.147092500924,-0.0032848434112,1.97823456744,0.294185032178,-0.00656972948121,1.9782345670451484,0.294185034520245,-0.0065697329778289255
27.1,-20.160993629142993,-1.3156553099295756,3.0794973506371575,1.9782345178976994,0.2941853182955736,-0.0065701455467715685,1.9782345725597485,0.2941850015715693,-0.006569686422064892,DEPTH_PROPOSAL_CERTIFIED,0.6242052107817775,0,32,0,0,90,FULL_MOTION_CERTIFICATE,0,0,0,95,0,0,0,0,0,,27.166666666,1.97823457254,0.294185001705,-0.00656968661515,0.98911728627,0.147092500853,-0.00328484330757,0.98911728627,0.147092500853,-0.00328484330757,1.97823456783,0.294185029869,-0.00656972623378,1.9782345674598618,0.2941850320440267,-0.0065697294812058485
27.116666666666667,-20.128023053781636,-1.3107522216556484,3.0793878487408137,1.9782345216815718,0.2941852964356529,-0.0065701137806356376,1.9782345725788493,0.2941850014471467,-0.006569686242192345,DEPTH_PROPOSAL_CERTIFIED,0.6425019109604155,0,32,0,0,90,FULL_MOTION_CERTIFICATE,0,0,0,95,0,0,0,0,0,,27.183333333,1.97823457256,0.294185001572,-0.00656968642206,0.98911728628,0.147092500786,-0.00328484321103,0.98911728628,0.147092500786,-0.00328484321103,1.97823456818,0.294185027725,-0.00656972321774,1.978234567844813,0.29418502974461996,-0.006569726233777281
27.133333333333333,-20.09505247836154,-1.3058491337211482,3.079278347337605,1.9782345252058575,0.29418527607002504,-0.006570084192537362,1.9782345725966453,0.294185001331218,-0.006569686074628804,DEPTH_PROPOSAL_CERTIFIED,0.6607857777851303,0,32,0,0,90,FULL_MOTION_CERTIFICATE,0,0,0,95,0,0,0,0,0,,27.2,1.97823457258,0.294185001447,-0.00656968624219,0.989117286289,0.147092500724,-0.0032848431211,0.989117286289,0.147092500724,-0.0032848431211,1.97823456852,0.294185025735,-0.00656972041656,1.9782345682021436,0.29418502760936527,-0.0065697232177384
27.15,-20.06208190288674,-1.3009460461028646,3.079168846393709,1.9782345284882805,0.29418525709703164,-0.0065700566337512445,1.9782345726132264,0.29418500122320573,-0.006569685918534782,DEPTH_PROPOSAL_CERTIFIED,0.6790569140723612,0,32,0,0,90,FULL_MOTION_CERTIFICATE,0,0,0,95,0,0,0,0,0,,27.216666666,1.9782345726,0.294185001331,-0.00656968607463,0.989117286298,0.147092500666,-0.00328484303731,0.989117286298,0.147092500666,-0.00328484303731,1.97823456883,0.294185023886,-0.0065697178149,1.9782345685338412,0.2941850256265124,-0.00656972041656061
27.166666666666668,-20.029111327360976,-1.2960429587791658,3.0790593458776145,1.9782345315453616,0.29418523942188946,-0.0065700309656563935,1.9782345726286747,0.29418500112257134,-0.006569685773127806,DEPTH_PROPOSAL_CERTIFIED,0.6973154226352558,0,32,0,0,90,FULL_MOTION_CERTIFICATE,0,0,0,95,0,0,0,0,0,,27.233333333,1.97823457261,0.294185001223,-0.00656968591853,0.989117286307,0.147092500612,-0.00328484295927,0.989117286307,0.147092500612,-0.00328484295927,1.97823456911,0.294185022169,-0.00656971539851,1.9782345688417493,0.2941850237851545,-0.006569717814899216
27.183333333333334,-19.99614075178777,-1.2911398717298956,3.0789498457599636,1.9782345343924992,0.2941852229562287,-0.006570007059054236,1.9782345726430675,0.2941850010288128,-0.00656968563767857,DEPTH_PROPOSAL_CERTIFIED,0.7152545492605957,0,32,0,0,91,FULL_MOTION_CERTIFICATE,0,0,0,95,0,0,0,0,0,,27.25,1.97823457263,0.294185001123,-0.00656968577313,0.989117286314,0.147092500561,-0.00328484288656,0.989117286314,0.147092500561,-0.00328484288656,1.97823456938,0.294185020575,-0.00656971315416,1.9782345691275784,0.29418502207516734,-0.0065697153985079144
27.2,-19.963170176170372,-1.2862367849362681,3.0788403460134046,1.978234537044046,0.2941852076176624,-0.006569984793532014,1.9782345726564763,0.29418500094146205,-0.006569685511507346,DEPTH_PROPOSAL_CERTIFIED,0.7309027000487969,0,32,0,0,92,FULL_MOTION_CERTIFICATE,0,0,0,96,0,0,0,0,0,,27.266666666,1.97823457264,0.294185001029,-0.00656968563768,0.989117286322,0.147092500514,-0.00328484281884,0.989117286322,0.147092500514,-0.00328484281884,1.97823456963,0.294185019094,-0.00656971106958,1.9782345693929166,0.29418502048715384,-0.00656971315416089
27.216666666666665,-19.930199600511816,-1.2813336983807786,3.0787308466124568,1.9782345395133785,0.29418519332938425,-0.006569964056868905,1.9782345726689685,0.29418500086008276,-0.006569685393980614,DEPTH_PROPOSAL_CERTIFIED,0.7466031122959205,0,32,0,0,92,FULL_MOTION_CERTIFICATE,0,0,0,96,0,0,0,0,0,,27.283333333,1.97823457266,0.294185000941,-0.00656968551151,0.989117286328,0.147092500471,-0.00328484275575,0.989117286328,0.147092500471,-0.00328484275575,1.97823456986,0.294185017719,-0.00656970913336,1.9782345696392363,0.29418501901239075,-0.006569711069578979
27.233333333333334,-19.89722902481493,-1.2764306120471147,3.078621347533382,1.9782345418129639,0.29418518001979305,-0.006569944744481972,1.978234572680607,0.29418500078426824,-0.006569685284507951,DEPTH_PROPOSAL_CERTIFIED,0.7623556864978378,0,32,0,0,92,FULL_MOTION_CERTIFICATE,0,0,0,96,0,0,0,0,0,,27.3,1.97823457267,0.29418500086,-0.00656968539398,0.989117286334,0.14709250043,-0.00328484269699,0.989117286334,0.14709250043,-0.00328484269699,1.97823457007,0.294185016441,-0.00656970733492,1.9782345698679045,0.29418501764278004,-0.006569709133361389
27.25,-19.864258449082357,-1.2715275259200793,3.078511848754067,1.9782345439544202,0.2941851676221425,-0.006569926758909354,1.9782345726914485,0.2941850007136392,-0.0065696851825391015,DEPTH_PROPOSAL_CERTIFIED,0.7781603231502476,0,32,0,0,92,FULL_MOTION_CERTIFICATE,0,0,0,96,0,0,0,0,0,,27.316666666,1.97823457268,0.294185000784,-0.00656968528451,0.98911728634,0.147092500392,-0.00328484264225,0.98911728634,0.147092500392,-0.00328484264225,1.97823457027,0.294185015255,-0.00656970566444,1.978234570080189,0.2941850163708053,-0.00656970733492341
27.266666666666666,-19.831287873316548,-1.2666244399855093,3.0784023502539113,1.9782345459485753,0.29418515607421414,-0.006569910009328149,1.9782345727015487,0.29418500064784237,-0.006569685087561263,DEPTH_PROPOSAL_CERTIFIED,0.7940169227486609,0,32,0,0,92,FULL_MOTION_CERTIFICATE,0,0,0,96,0,0,0,0,0,,27.333333333,1.97823457269,0.294185000714,-0.00656968518254,0.989117286346,0.147092500357,-0.00328484259127,0.989117286346,0.147092500357,-0.00328484259127,1.97823457045,0.294185014154,-0.00656970411278,1.9782345702772672,0.29418501518948814,-0.006569705664437453
27.283333333333335,-19.798317297519784,-1.2617213542302084,3.078292852013726,1.978234547805519,0.2941851453180124,-0.006569894411104687,1.9782345727109578,0.2941850005865482,-0.006569684999096559,DEPTH_PROPOSAL_CERTIFIED,0.8099253857883668,0,32,0,0,92,FULL_MOTION_CERTIFICATE,0,0,0,96,0,0,0,0,0,,27.35,1.9782345727,0.294185000648,-0.00656968508756,0.989117286351,0.147092500324,-0.00328484254378,0.989117286351,0.147092500324,-0.00328484254378,1.97823457062,0.294185013131,-0.00656970267147,1.9782345704602315,0.29418501409235054,-0.006569704112778457
27.3,-19.765346721694208,-1.256818268641884,3.0781833540156365,1.9782345495346536,0.29418513529947954,-0.006569879885375097,1.9782345727197226,0.2941850005294495,-0.006569684916699645,DEPTH_PROPOSAL_CERTIFIED,0.8258856127644267,0,32,0,0,92,FULL_MOTION_CERTIFICATE,0,0,0,96,0,0,0,0,0,,27.366666666,1.97823457271,0.294185000587,-0.0065696849991,0.989117286355,0.147092500293,-0.00328484249955,0.989117286355,0.147092500293,-0.00328484249955,1.97823457078,0.29418501218,-0.00656970133266,1.9782345706300952,0.29418501307337896,-0.006569702671474097
27.316666666666666,-19.732376145841798,-1.2519151832090805,3.0780738562429923,1.9782345511447403,0.2941851259682304,-0.00656986635865408,1.978234572727887,0.2941850004762602,-0.006569684839955534,DEPTH_PROPOSAL_CERTIFIED,0.8418975041716372,0,32,0,0,92,FULL_MOTION_CERTIFICATE,0,0,0,96,0,0,0,0,0,,27.383333333,1.97823457272,0.294185000529,-0.0065696849167,0.98911728636,0.147092500265,-0.00328484245835,0.98911728636,0.147092500265,-0.00328484245835,1.97823457093,0.294185011298,-0.00656970008902,1.9782345707877982,0.29418501212699044,-0.006569701332657673
27.333333333333332,-19.6994055699644,-1.2470120979211257,3.0779643586802847,1.9782345526439429,0.29418511727730395,-0.006569853762470018,1.9782345727354924,0.2941850004267135,-0.006569684768477517,DEPTH_PROPOSAL_CERTIFIED,0.857960960504546,0,32,0,0,92,FULL_MOTION_CERTIFICATE,0,0,0,96,0,0,0,0,0,,27.4,1.97823457273,0.294185000476,-0.00656968483996,0.989117286368,0.147092500213,-0.00328484238424,0.989117286364,0.147092500238,-0.00328484241998,1.97823457106,0.294185010474,-0.00656969892838,1.9782345709342135,0.2941850112480016,-0.006569700089024463
27.35,-19.66643499406373,-1.2421090127680807,3.0778548613130745,1.9782345540399113,0.2941851091826481,-0.006569842032614482,1.9782345727425774,0.2941850003805608,-0.006569684701905247,DEPTH_PROPOSAL_CERTIFIED,0.8740758822574017,0,32,0,0,92,FULL_MOTION_CERTIFICATE,0,0,0,96,0,0,0,0,0,,27.416666666,1.97823457274,0.294185000427,-0.00656968476848,0.989117286368,0.147092500213,-0.00328484238424,0.989117286368,0.147092500213,-0.00328484238424,1.97823457119,0.294185009713,-0.00656969785566,1.9782345710707279,0.2941850104278472,-0.00656969892837694
27.366666666666667,-19.633464418141404,-1.2372059277406844,3.077745364127906,1.978234555339683,0.29418510164379985,-0.006569831110117727,1.9782345727491764,0.2941850003375703,-0.006569684639903103,DEPTH_PROPOSAL_CERTIFIED,0.8902421699241971,0,32,0,0,92,FULL_MOTION_CERTIFICATE,0,0,0,96,0,0,0,0,0,,27.433333333,1.97823457274,0.294185000381,-0.00656968470191,0.989117286371,0.14709250019,-0.00328484235095,0.989117286371,0.14709250019,-0.00328484235095,1.97823457131,0.294185009006,-0.00656969685916,1.9782345711968958,0.29418500966985117,-0.0065696978556573265
27.383333333333333,-19.600493842198908,-1.2323028428303058,3.077635867112246,1.9782345565498614,0.29418509462273973,-0.0065698209395906974,1.9782345727553232,0.29418500029752603,-0.006569684582158197,DEPTH_PROPOSAL_CERTIFIED,0.9064597239986258,0,32,0,0,92,FULL_MOTION_CERTIFICATE,0,0,0,96,0,0,0,0,0,,27.45,1.97823457275,0.294185000338,-0.0065696846399,0.989117286375,0.147092500169,-0.00328484231995,0.989117286375,0.147092500169,-0.00328484231995,1.97823457142,0.294185008349,-0.00656969593346,1.9782345713140392,0.29418500896580624,-0.006569696859160929
27.4,-19.567523266237632,-1.2273997580289056,3.077526370254422,1.9782345576765994,0.2941850880840369,-0.006569811469429247,1.9782345727610486,0.2941850002602268,-0.006569684528378993,DEPTH_PROPOSAL_CERTIFIED,0.920260777894186,0,32,0,0,92,FULL_MOTION_CERTIFICATE,0,0,0,96,0,0,0,0,0,,27.466666666,1.97823457276,0.294185000298,-0.00656968458216,0.989117286378,0.147092500149,-0.00328484229108,0.989117286378,0.147092500149,-0.00328484229108,1.97823457152,0.294185007739,-0.00656969507351,1.978234571422805,0.29418500831186295,-0.0065696959334595574
27.416666666666668,-19.534552690258867,-1.2224966733289935,3.0774168735435627,1.9782345587256291,0.29418508199467414,-0.006569802651556768,1.9782345727663815,0.29418500022548505,-0.006569684478293849,DEPTH_PROPOSAL_CERTIFIED,0.9340961499840164,0,32,0,0,92,FULL_MOTION_CERTIFICATE,0,0,0,96,0,0,0,0,0,,27.483333333,1.97823457276,0.29418500026,-0.00656968452838,0.989117286381,0.14709250013,-0.00328484226419,0.989117286381,0.14709250013,-0.00328484226419,1.97823457161,0.294185007173,-0.00656969427464,1.978234571523793,0.294185007704448,-0.006569695073512519
27.433333333333334,-19.50158211426383,-1.2175935887235958,3.077307376969543,1.9782345597022906,0.29418507632388385,-0.006569794441184191,1.9782345727713482,0.2941850001931257,-0.006569684431649678,DEPTH_PROPOSAL_CERTIFIED,0.9480035162507316,0,32,0,0,92,FULL_MOTION_CERTIFICATE,0,0,0,96,0,0,0,0,0,,27.5,1.97823457277,0.294185000225,-0.00656968447829,0.989117286383,0.147092500113,-0.00328484223915,0.989117286383,0.147092500113,-0.00328484223915,1.9782345717,0.294185006646,-0.00656969353249,1.9782345716175613,0.2941850071402421,-0.00656969427463875
27.45,-19.46861153825364,-1.2126905042062128,3.077197880522933,1.9782345606115586,0.29418507104299607,-0.006569786796586252,1.9782345727759747,0.2941850001629861,-0.006569684388210669,DEPTH_PROPOSAL_CERTIFIED,0.9619828729790227,0,32,0,0,92,FULL_MOTION_CERTIFICATE,0,0,0,97,0,0,0,0,0,,27.516666666,1.97823457277,0.294185000193,-0.00656968443165,0.989117286386,0.147092500097,-0.00328484221582,0.989117286386,0.147092500097,-0.00328484221582,1.97823457178,0.294185006157,-0.00656969284303,1.9782345717046277,0.2941850066161648,-0.0065696935324913944
27.466666666666665,-19.43564096222934,-1.2077874197707914,3.0770883841949517,1.9782345614580672,0.29418506612529605,-0.006569779678892878,1.9782345727802837,0.2941850001349144,-0.006569684347757131,DEPTH_PROPOSAL_CERTIFIED,0.9760342164528546,0,32,0,0,92,FULL_MOTION_CERTIFICATE,0,0,0,97,0,0,0,0,0,,27.533333333,1.97823457278,0.294185000163,-0.00656968438821,0.989117286388,0.147092500081,-0.00328484219411,0.989117286388,0.147092500081,-0.00328484219411,1.97823457186,0.294185005703,-0.00656969220252,1.9782345717854721,0.2941850061293554,-0.006569692843033718
27.483333333333334,-19.402670386191897,-1.2028843354116925,3.07697888797742,1.9782345622461333,0.2941850615458916,-0.006569773051894691,1.9782345727842967,0.2941850001087689,-0.006569684310084379,DEPTH_PROPOSAL_CERTIFIED,0.990157542955495,0,32,0,0,92,FULL_MOTION_CERTIFICATE,0,0,0,97,0,0,0,0,0,,27.55,1.97823457278,0.294185000135,-0.00656968434776,0.98911728639,0.147092500067,-0.00328484217388,0.98911728639,0.147092500067,-0.00328484217388,1.97823457193,0.294185005281,-0.00656969160746,1.9782345718605403,0.29418500567715733,-0.00656969220251681
27.5,-19.369699810142237,-1.1979812511236663,3.076869391862722,1.9782345629797782,0.2941850572815895,-0.006569766881861702,1.9782345727880346,0.29418500008441806,-0.006569684275001723,DEPTH_PROPOSAL_CERTIFIED,1.0043820682724869,0,32,0,0,92,FULL_MOTION_CERTIFICATE,0,0,0,97,0,0,0,0,0,,27.55,1.97823457278,0.294185000135,-0.00656968434776,0.98911728639,0.147092500067,-0.00328484217388,0.98911728639,0.147092500067,-0.00328484217388,1.97823457193,0.294185005281,-0.00656969160746,1.9782345719302452,0.29418500525710406,-0.006569691607459241
27.516666666666666,-19.336729234081194,-1.1930781669018202,3.076759895843766,1.9782345636627474,0.2941850533107801,-0.0065697611373742885,1.9782345727915156,0.29418500006173887,-0.006569684242331503,DEPTH_PROPOSAL_CERTIFIED,1.0187717584097498,0,32,0,0,92,FULL_MOTION_CERTIFICATE,0,0,0,97,0,0,0,0,0,,27.583333333,1.97823457279,0.294185000084,-0.006569684275,0.989117286394,0.147092500042,-0.0032848421375,0.989117286394,0.147092500042,-0.0032848421375,1.97823457205,0.294185004526,-0.00656969054102,1.9782345719949719,0.2941850048669055,-0.00656969105462784
27.533333333333335,-19.303758658009546,-1.1881750827415973,3.0766503999139463,1.97823456429853,0.2941850496133297,-0.006569755789165615,1.9782345727947577,0.294185000040617,-0.006569684211908229,DEPTH_PROPOSAL_CERTIFIED,1.0333062915942848,0,32,0,0,92,FULL_MOTION_CERTIFICATE,0,0,0,97,0,0,0,0,0,,27.6,1.97823457279,0.294185000062,-0.00656968424233,0.989117286396,0.147092500031,-0.00328484212117,0.989117286396,0.147092500031,-0.00328484212117,1.97823457211,0.294185004187,-0.00656969006385,1.9782345720550762,0.29418500450443485,-0.006569690541019794
27.55,-19.27078808192798,-1.183271998639128,3.076540904067673,1.9782345648940953,0.2941850461481723,-0.006569750776389265,1.9782345727977773,0.29418500002094566,-0.006569684183577711,DEPTH_PROPOSAL_CERTIFIED,1.0479856571573127,0,32,0,0,92,FULL_MOTION_CERTIFICATE,0,0,0,97,0,0,0,0,0,,27.616666666,1.97823457279,0.294185000041,-0.00656968421191,0.989117286397,0.14709250002,-0.00328484210595,0.989117286397,0.14709250002,-0.00328484210595,1.97823457216,0.294185003873,-0.00656968962052,1.9782345721599917,0.2941850038732519,-0.006569689620517791
27.566666666666666,-19.237817505837235,-1.1783689145900593,3.076431408298617,1.9782345654447484,0.29418504294413866,-0.006569746143368698,1.978234572800588,0.2941850000026345,-0.006569684157209625,DEPTH_PROPOSAL_CERTIFIED,1.0628098444309626,0,32,0,0,92,FULL_MOTION_CERTIFICATE,0,0,0,97,0,0,0,0,0,,27.633333333,1.9782345728,0.294185000021,-0.00656968418358,0.989117286399,0.14709250001,-0.00328484209179,0.989117286399,0.14709250001,-0.00328484209179,1.97823457221,0.294185003581,-0.00656968920863,1.9782345721627166,0.29418500385492796,-0.006569689620517791
27.583333333333332,-19.204846929737947,-1.1734658305907126,3.0763219126014483,1.9782345659573317,0.294185039960821,-0.006569741830130796,1.9782345728032056,0.2941849999855813,-0.0065696841326558664,DEPTH_PROPOSAL_CERTIFIED,1.0777788427463677,0,32,0,0,92,FULL_MOTION_CERTIFICATE,0,0,0,97,0,0,0,0,0,,27.65,1.9782345728,0.294185000003,-0.00656968415721,0.930208438867,0.358997443366,0.0763747073127,0.9891172864,0.147092500001,-0.0032848420786,1.97781485403,0.295694799718,-0.00600212439312,1.9782345722108468,0.29418500356434546,-0.006569689208628383
27.6,-19.171876883577955,-1.168560840329065,3.0762131335929626,1.9782027695991828,0.29429941569880974,-0.006526740509144784,1.9782345728056434,0.2941849999696999,-0.0065696841097918745,DEPTH_PROPOSAL_CERTIFIED,1.0859390912005369,0,32,0,0,92,FULL_MOTION_CERTIFICATE,0,0,0,97,0,0,0,0,0,,27.666666666,1.9782345728,0.294184999986,-0.00656968413266,0.930208438867,0.358997443366,0.0763747073127,0.989117286402,0.147092499993,-0.00328484206633,1.97697541769,0.298714392012,-0.00486699527786,1.9778148540297675,0.2956947997022717,-0.006002124393115527
27.616666666666667,-19.13890838709591,-1.1636502756606837,3.076106450222395,1.9781097889227541,0.294633880102896,-0.006401002234047496,1.9782345796221799,0.2941849537524485,-0.006569701114046731,DEPTH_PROPOSAL_CERTIFIED,1.093050230089586,0,32,0,0,92,FULL_MOTION_CERTIFICATE,0,0,0,97,0,0,0,0,0,,27.683333333,1.97823457281,0.29418499997,-0.00656968410979,0.930208438867,0.358997443366,0.0763747073127,0.989117286403,0.147092499985,-0.0032848420549,1.97571626308,0.303243780918,-0.00316430169442,1.9769754246703244,0.29871434583274836,-0.004866995277860482
27.633333333333333,-19.105942912707352,-1.1587288401341387,3.0760038535949334,1.9779284633136152,0.29528613159272055,-0.0061557976477124255,1.9782346063782146,0.29418477234018753,-0.006569767939832167,DEPTH_PROPOSAL_CERTIFIED,1.1003126182884782,0,32,0,0,92,FULL_MOTION_CERTIFICATE,0,0,0,97,0,0,0,0,0,,27.7,1.97823457962,0.294184953752,-0.00656970111405,0.930208438867,0.358997443366,0.0763747073127,0.989117289811,0.147092476876,-0.00328485055702,1.97403739023,0.309282966254,-0.000894043712887,1.9757162908821206,0.3032435997685805,-0.0031643016944243813
27.65,-19.07298235120198,-1.153789732397434,3.075907900596177,1.9776336903225833,0.2963464642023008,-0.005757179925377202,1.9782346720450472,0.2941843271020528,-0.006569931988775454,DEPTH_PROPOSAL_CERTIFIED,1.1077286369927783,0,32,0,0,92,FULL_MOTION_CERTIFICATE,0,0,0,97,0,0,0,0,0,,27.716666666,1.97823460638,0.29418477234,-0.00656976793983,0.930208438867,0.358997443366,0.0763747073127,0.989117303189,0.14709238617,-0.00328488396992,1.97193879931,0.316831947477,0.00194377846027,1.9740374598319932,0.3092825220391811,-0.0008940437128871753
27.666666666666668,-19.040028980038755,-1.1488247602518937,3.075821671029726,1.9772022697930625,0.2978983287323686,-0.0051737739870702844,1.9782348010096424,0.294183452685813,-0.006570254195586488,DEPTH_PROPOSAL_CERTIFIED,1.1153014991653905,0,32,0,0,92,FULL_MOTION_CERTIFICATE,0,0,0,97,0,0,0,0,0,,27.733333333,1.97823467205,0.294184327102,-0.00656993198878,0.930208438867,0.358997443366,0.0763747073127,0.989117336023,0.147092163551,-0.00328496599439,1.96942049003,0.325890725586,0.00534916519725,1.9719389393329094,0.31683107599919264,0.0019437784602729137
27.683333333333334,-19.007085434042466,-1.143824446059833,3.0757487280026488,1.9766127597774552,0.30001885152365554,-0.0043765816246215325,1.9782350226766374,0.2941819497136612,-0.006570808034946131,DEPTH_PROPOSAL_CERTIFIED,1.1230353261672537,0,32,0,0,92,FULL_MOTION_CERTIFICATE,0,0,0,97,0,0,0,0,0,,27.75,1.97823480101,0.294183452686,-0.00657025419559,0.930208438867,0.358997443366,0.0763747073127,0.989117400505,0.147091726343,-0.00328512709779,1.96648246253,0.336459300129,0.00932211632507,1.9694207375870476,0.32588922957735744,0.005349165197253841
27.7,-18.974154678318296,-1.1387781241649704,3.0756930813113668,1.9758453434503465,0.30277931369177236,-0.003338801476917638,1.978235371100048,0.2941795872744909,-0.006571678603318004,DEPTH_PROPOSAL_CERTIFIED,1.1309352173204146,0,32,0,0,92,FULL_MOTION_CERTIFICATE,0,0,0,98,0,0,0,0,0,,27.766666666,1.97823502268,0.294181949714,-0.00657080803495,0.930208438867,0.358997443366,0.0763747073127,0.989117511338,0.147090974857,-0.00328540401747,1.96312471702,0.34853767029,0.0138626315341,1.966482864259619,0.3364569521427994,0.009322116325070653
27.716666666666665,-18.941239983216672,-1.1336740309294957,3.0756591536011593,1.974881706097541,0.30624559412850233,-0.002035662612448261,1.9782358846422716,0.2941761052281071,-0.006572961769989068,DEPTH_PROPOSAL_CERTIFIED,1.1390073130340646,0,32,0,0,92,FULL_MOTION_CERTIFICATE,0,0,0,98,0,0,0,0,0,,27.783333333,1.9782353711,0.294179587274,-0.00657167860332,0.930208438867,0.358997443366,0.0763747073127,0.98911768555,0.147089793637,-0.00328583930166,1.95934725308,0.362125837612,0.0189707113994,1.963125330393315,0.3485342154566105,0.013862631534079113
27.733333333333334,-18.90834490119364,-1.128499387943851,3.075651749090462,1.9737049213815219,0.3104785791386398,-0.00044427064185382625,1.9782366056581826,0.294171216335536,-0.006574763392118464,DEPTH_PROPOSAL_CERTIFIED,1.147258852075897,0,32,0,0,92,FULL_MOTION_CERTIFICATE,0,0,0,98,0,0,0,0,0,,27.8,1.97823588464,0.294176105228,-0.00657296176999,0.930208438867,0.358997443366,0.0763747073127,0.989117942321,0.147088052614,-0.00328648088499,1.9551500709,0.377223801372,0.0246463556438,1.9593481478460906,0.3621209962623084,0.018970711399394994
27.75,-18.875473245421418,-1.1232404789324397,3.0756760246634585,1.9722993463335166,0.31553454068469106,0.0014565343797869473,1.9782375802022636,0.2941646082284777,-0.006577198588985296,DEPTH_PROPOSAL_CERTIFIED,1.1556982235254,0,32,0,0,92,FULL_MOTION_CERTIFICATE,0,0,0,98,0,0,0,0,0,,27.816666666,1.97823660566,0.294171216336,-0.00657476339212,0.930208438867,0.358997443366,0.0763747073127,0.989118302829,0.147085608168,-0.00328738169606,1.9505331708,0.393831560484,0.0308895638522,1.9551513307478503,0.3772172715465199,0.02464635564380581
27.766666666666666,-18.84262907001688,-1.1178827208305677,3.0757374631524557,1.9706505242722816,0.321465486112343,0.0036863093398211855,1.9782388577568406,0.2941559452301889,-0.006580391070904876,DEPTH_PROPOSAL_CERTIFIED,1.1643350139094657,0,32,0,0,92,FULL_MOTION_CERTIFICATE,0,0,0,98,0,0,0,0,0,,27.833333333,1.9782375802,0.294164608228,-0.00657719858899,0.930208438867,0.358997443366,0.0763747073127,0.989118790101,0.147082304114,-0.00328859929449,1.9454965522,0.411949117037,0.0377003367984,1.9505348951252142,0.39382302032970107,0.030889563852240565
27.783333333333335,-18.80981665176665,-1.1124107294698784,3.0758418486458194,1.9687450950134915,0.32831948164131397,0.006263129601831524,1.978240490979652,0.29414487003895695,-0.006584472518697756,DEPTH_PROPOSAL_CERTIFIED,1.1731800499876024,0,32,0,0,92,FULL_MOTION_CERTIFICATE,0,0,0,98,0,0,0,0,0,,27.85,1.97823885776,0.29415594523,-0.0065803910709,0.930208438867,0.358997443366,0.0763747073127,0.989119428878,0.147077972615,-0.00329019553545,1.94004021536,0.431576470039,0.0450786740901,1.945498858056256,0.4119382270947455,0.03770033679835234
27.8,-18.777040473232947,-1.1068083802887374,3.0759952436650524,1.9665707120223157,0.3361409508684726,0.00920370115397525,1.9782425354691227,0.2941310052844332,-0.006589582009924118,DEPTH_PROPOSAL_CERTIFIED,1.1783504251947163,0,32,0,0,92,FULL_MOTION_CERTIFICATE,0,0,0,98,0,0,0,0,0,,27.866666666,1.97824049098,0.294144870039,-0.0065844725187,0.930208438867,0.358997443366,0.0763747073127,0.98912024549,0.147072435019,-0.00329223625935,1.93416416067,0.452713618153,0.0530245751626,1.940043239529969,0.43156287543981364,0.04507867409013091
27.816666666666666,-18.744305207136396,-1.1010588644411239,3.0762039680706597,1.9641159657932397,0.34497095085682755,0.012523464336446945,1.978245049545772,0.2941139549666211,-0.0065958654882705215,DEPTH_PROPOSAL_CERTIFIED,1.1819048490911137,0,32,0,0,92,FULL_MOTION_CERTIFICATE,0,0,0,98,0,0,0,0,0,,27.883333333,1.97824253547,0.294131005284,-0.00658958200992,0.930208438867,0.358997443366,0.0763747073127,0.989121267735,0.147065502642,-0.00329479100496,1.92857724518,0.472810684356,0.0605794873942,1.9341680617985093,0.45269695071476435,0.0530245751626041
27.833333333333332,-18.711614806931692,-1.0951479602016576,3.076473369273057,1.9614240122823514,0.35465425436800135,0.016164072143853233,1.978248094048369,0.29409330578630183,-0.006603475272848801,DEPTH_PROPOSAL_CERTIFIED,1.185481393127646,0,32,0,0,92,FULL_MOTION_CERTIFICATE,0,0,0,98,0,0,0,0,0,,27.9,1.97824504955,0.294113954967,-0.00659586548827,0.930208438867,0.358997443366,0.0763747073127,0.989122524773,0.147056977483,-0.00329793274414,1.92341004792,0.491397954133,0.0675668352173,1.9285821794495122,0.4727905572043287,0.060579487394212664
27.85,-18.67897239644316,-1.0890644299685275,3.0768076729540828,1.9585446293116167,0.36501181398774685,0.020058220861541604,1.9782517205761432,0.29406870684102265,-0.006612540690138632,DEPTH_PROPOSAL_CERTIFIED,1.1890844033258572,0,32,0,0,92,FULL_MOTION_CERTIFICATE,0,0,0,98,0,0,0,0,0,,27.916666666,1.97824809405,0.294093305786,-0.00660347527285,0.930208438867,0.358997443366,0.0763747073127,0.989124047024,0.147046652893,-0.00330173763642,1.91863783825,0.508564387734,0.0740200606719,1.9234161570686588,0.49137404134862017,0.06756683521733169
27.866666666666667,-18.64638036396185,-1.0827996817808199,3.0772101102712326,1.9555219488786946,0.37588489126247215,0.02414623902899508,1.9782559700397067,0.2940398794292912,-0.006623164460106071,DEPTH_PROPOSAL_CERTIFIED,1.192717184937926,0,32,0,0,92,FULL_MOTION_CERTIFICATE,0,0,0,98,0,0,0,0,0,,27.933333333,1.97825172058,0.294068706841,-0.00661254069014,0.930208438867,0.358997443366,0.0763747073127,0.989125860288,0.147034353421,-0.00330627034507,1.91422715934,0.524430334945,0.0799844057877,1.9186452475970424,0.508536434014129,0.07402006067193058
27.883333333333333,-18.61384046023242,-1.0763474168560148,3.0776830503241888,1.9523942237658811,0.3871358954883323,0.02837640317738066,1.9782608738552003,0.2940066089387207,-0.006635425684362988,DEPTH_PROPOSAL_CERTIFIED,1.196382216203748,0,32,0,0,92,FULL_MOTION_CERTIFICATE,0,0,0,98,0,0,0,0,0,,27.95,1.97825597004,0.294039879429,-0.00662316446011,0.930208438867,0.358997443366,0.0763747073127,0.98912798502,0.147019939715,-0.00331158223005,1.91015062277,0.539094316434,0.0854969065675,1.9142359773895534,0.524398147043835,0.07998440578768792
27.9,-18.58135388135475,-1.0697033314023703,3.07822811222486,1.9491947326603234,0.398645127218693,0.03270371404026499,1.9782664551928035,0.29396873637353177,-0.0066493829674506896,DEPTH_PROPOSAL_CERTIFIED,1.2000813279122724,0,32,0,0,92,FULL_MOTION_CERTIFICATE,0,0,0,98,0,0,0,0,0,,27.966666666,1.97826087386,0.294006608939,-0.00663542568436,0.930208438867,0.358997443366,0.0763747073127,0.989130436928,0.147003304469,-0.00331771284218,1.90638291496,0.552647389399,0.0905917933377,1.9101609411725171,0.5390577543291016,0.08549690656745705
27.916666666666668,-18.548921342784812,-1.0628648504541134,3.078846265134745,1.945952314196096,0.41030885689535346,0.037089174593104964,1.9782727300340752,0.29392615118655596,-0.006665077057637982,DEPTH_PROPOSAL_CERTIFIED,1.203815859654585,0,32,0,0,92,FULL_MOTION_CERTIFICATE,0,0,0,98,0,0,0,0,0,,27.983333333,1.97826645519,0.293968736374,-0.00664938296745,0.930208438867,0.358997443366,0.0763747073127,0.989133227596,0.146984368187,-0.00332469148373,1.90290063935,0.565173715205,0.0953007041355,1.9063948089325276,0.5526063589505872,0.09059179333774363
27.933333333333334,-18.51654314530801,-1.0558308905856488,3.079537917450618,1.9426918486082865,0.4220375921078978,0.04149913895237916,1.9782797081175751,0.29387878487599434,-0.006682533206094461,DEPTH_PROPOSAL_CERTIFIED,1.2075867949854757,0,32,0,0,92,FULL_MOTION_CERTIFICATE,0,0,0,98,0,0,0,0,0,,28,1.97827273003,0.293926151187,-0.00666507705764,0.895459664562,0.444752336563,0.0186372815602,0.989136365017,0.146963075593,-0.00333253852882,1.8988943016,0.578962130926,0.0990555363535,1.90291416843701,0.5651281617009478,0.09530070413552764
27.95,-18.48422022848728,-1.0485988569014337,3.080302241985432,1.939375009243899,0.43392202105292454,0.045859472088827215,1.978287393783627,0.2938266052722808,-0.00670176327192071,DEPTH_PROPOSAL_CERTIFIED,1.2113973117602637,0,32,0,0,92,FULL_MOTION_CERTIFICATE,0,0,0,99,0,0,0,0,0,,28.016666666,1.97827970812,0.293878784876,-0.00668253320609,0.895459664562,0.444752336563,0.0186372815602,0.989139854059,0.146939392438,-0.00334126660305,1.89437431238,0.593948964472,0.101772229641,1.8989095689983702,0.5789120541822597,0.09905553635349676
27.966666666666665,-18.451954109101667,-1.0411648379762652,3.0811371634363467,1.9359671631369721,0.44604113551013536,0.05009528705489056,1.9782957970314377,0.2937695424774529,-0.006722749462651235,DEPTH_PROPOSAL_CERTIFIED,1.2152525850540847,0,32,0,0,92,FULL_MOTION_CERTIFICATE,0,0,0,99,0,0,0,0,0,,28.033333333,1.97828739378,0.293826605272,-0.00670176327192,0.895459664562,0.444752336563,0.0186372815602,0.989143696892,0.146913302636,-0.00335088163596,1.88935703546,0.610045604885,0.103349267908,1.8943914406324611,0.5938943318881162,0.10177222964086656
27.983333333333334,-18.4197468167339,-1.033523817509954,3.0820393247620768,1.9324375420657958,0.45846122797861255,0.05412967954378603,1.9783049328147115,0.29370749358253495,-0.00674544397683676,DEPTH_PROPOSAL_CERTIFIED,1.219159586012263,0,32,0,0,92,FULL_MOTION_CERTIFICATE,0,0,0,99,0,0,0,0,0,,28.05,1.97829579703,0.293769542477,-0.00672274946265,0.895459664562,0.444752336563,0.0186372815602,0.989147898516,0.146884771239,-0.00336137473133,1.88387027102,0.627118594845,0.103659775074,1.8893761649974516,0.6099863560940086,0.10334926790830243
28.0,-18.387600819801232,-1.025669926565688,3.083004024087214,1.9287598159601518,0.47123345665599053,0.05788195950822868,1.9783148202774212,0.29364032779924787,-0.006769768139648895,DEPTH_PROPOSAL_CERTIFIED,1.2214920674452088,0,32,0,0,93,FULL_MOTION_CERTIFICATE,0,0,0,99,0,0,0,0,0,,28.066666666,1.97830493281,0.293707493583,-0.00674544397684,0.895459664562,0.444752336563,0.0186372815602,0.989152466407,0.146853746791,-0.00337272198842,1.87796742991,0.644942071906,0.102541497831,1.8838915574712911,0.6270546465200115,0.10365977507443183
28.016666666666666,-18.35552677613065,-1.0175738272513257,3.084021662072887,1.9244426202350986,0.4857659588617554,0.061058279140401406,1.9783254818438887,0.2935678925914832,-0.0067956108291180595,DEPTH_PROPOSAL_CERTIFIED,1.2212715481161414,0,32,0,0,93,FULL_MOTION_CERTIFICATE,0,0,0,99,0,0,0,0,0,,28.083333333,1.97831482028,0.293640327799,-0.00676976813965,0.895459664562,0.444752336563,0.0186372815602,0.989157410139,0.1468201639,-0.00338488406982,1.87177283239,0.663062485772,0.0998093786529,1.8717728323894463,0.6630624857720977,0.09980937865291108
28.033333333333335,-18.32351920153145,-1.009253962373134,3.0850882282145107,1.920454475951706,0.4991918926914294,0.06399396849741017,1.9783370263805917,0.29348945506344737,-0.006822742715256403,DEPTH_PROPOSAL_CERTIFIED,1.2210727846949825,0,32,0,0,93,FULL_MOTION_CERTIFICATE,0,0,0,99,0,0,0,0,0,,28.1,1.97832548184,0.293567892591,-0.00679561082912,0.895459664562,0.444752336563,0.0186372815602,0.989162740922,0.146783946296,-0.00339780541456,1.86563012568,0.680460129733,0.0955763634071,1.8717991156943234,0.6629882854134246,0.09980937865291108
28.05,-18.29158081312755,-1.0007053234531194,3.0861946711173838,1.9163033042342625,0.5129183352009142,0.06638657417238483,1.9783493873306501,0.29340546092417125,-0.006851069136666183,DEPTH_PROPOSAL_CERTIFIED,1.2209064544869546,0,32,0,0,93,FULL_MOTION_CERTIFICATE,0,0,0,99,0,0,0,0,0,,28.116666666,1.97833702638,0.293489455063,-0.00682274271526,0.895459664562,0.444752336563,0.0186372815602,0.98916851319,0.146744727532,-0.00341137135763,1.85997021708,0.696296836932,0.0911595605317,1.8656590092814493,0.6803809338166396,0.09557636340707754
28.066666666666666,-18.259713512512953,-0.9919252524660341,3.0873323930434378,1.9120380368758079,0.526804259225143,0.06826331556324382,1.978362584507361,0.2933157763894713,-0.006880373710523002,DEPTH_PROPOSAL_CERTIFIED,1.2207791809873347,0,32,0,0,94,FULL_MOTION_CERTIFICATE,0,0,0,99,0,0,0,0,0,,28.133333333,1.97834938733,0.293405460924,-0.00685106913667,0.895459664562,0.444752336563,0.0186372815602,0.989174693665,0.146702730462,-0.00342553456833,1.8547390891,0.710933794512,0.0870773636765,1.8600017751026563,0.6962125323207436,0.09115956053172478
28.083333333333332,-18.227918515755487,-0.9829128076623068,3.088493870080746,1.9076998054480856,0.5407466882236667,0.06968862223848979,1.978376629034239,0.2932203256305058,-0.006910450655473626,DEPTH_PROPOSAL_CERTIFIED,1.2206940172991732,0,32,0,0,94,FULL_MOTION_CERTIFICATE,0,0,0,99,0,0,0,0,0,,28.15,1.97836258451,0.293315776389,-0.00688037371052,0.895459664562,0.444752336563,0.0186372815602,0.989181292254,0.146657888195,-0.00344018685526,1.8499042587,0.724461891647,0.083304424165,1.8547733820298706,0.7108443220056663,0.08707736367649177
28.1,-18.1961964463695,-0.9736685187395563,3.0896725387871533,1.9033241631591196,0.5546573353649442,0.07072012238443479,1.9783915255672928,0.2931190754972851,-0.006941119732180728,DEPTH_PROPOSAL_CERTIFIED,1.2206510511933373,0,32,0,0,94,FULL_MOTION_CERTIFICATE,0,0,0,99,0,0,0,0,0,,28.166666666,1.97837662903,0.293220325631,-0.00691045065547,0.895459664562,0.444752336563,0.0186372815602,0.989188314517,0.146610162815,-0.00345522532774,1.84543570361,0.736965132168,0.0798173136192,1.8499413272337417,0.724367230488502,0.08330442416496157
28.116666666666667,-18.16454741813618,-0.964194169262711,3.09086269384613,1.8989416939991135,0.5684609686107516,0.07140930353858727,1.9784072732021296,0.29301202951331834,-0.0069722235621614715,DEPTH_PROPOSAL_CERTIFIED,1.22064793027134,0,32,0,0,94,FULL_MOTION_CERTIFICATE,0,0,0,99,0,0,0,0,0,,28.183333333,1.97839152557,0.293119075497,-0.00694111973218,0.895459664562,0.444752336563,0.0186372815602,0.989195762784,0.146559537749,-0.00347055986609,1.84130567516,0.74852115823,0.0765943779109,1.8454755702470373,0.736865294209612,0.07981731361924808
28.133333333333333,-18.132971108776726,-0.9544926036062847,3.0920593957161824,1.8945785615673414,0.5820939393856052,0.07180211220315892,1.9784238662818157,0.2928992225330919,-0.007003625205743976,DEPTH_PROPOSAL_CERTIFIED,1.2206803165760411,0,32,0,0,94,FULL_MOTION_CERTIFICATE,0,0,0,99,0,0,0,0,0,,28.2,1.9784072732,0.293012029513,-0.00697222356216,0.895459664562,0.444752336563,0.0186372815602,0.989203636601,0.146506014757,-0.00348611178108,1.83748852765,0.759201727753,0.0736156040036,1.841348345899718,0.7484161828388292,0.07659437791093339
28.15,-18.10146682538679,-0.9445675559574603,3.0932583873486093,1.890257003396313,0.5955028589294971,0.07193949794561554,1.9784412951152883,0.29278071599650624,-0.00703520597527205,DEPTH_PROPOSAL_CERTIFIED,1.2207422790537923,0,32,0,0,94,FULL_MOTION_CERTIFICATE,0,0,0,99,0,0,0,0,0,,28.216666666,1.97842386628,0.292899222533,-0.00700362520574,0.895459664562,0.444752336563,0.0186372815602,0.989211933141,0.146449611267,-0.00350181260287,1.83396055821,0.769073162614,0.0708624949559,1.8375339937097654,0.759091677364989,0.07361560400358638
28.166666666666668,-18.070033562458605,-0.9344234991420739,3.0944560191287764,1.8859957756908667,0.6086434089230902,0.07185790681003024,1.9784595466151356,0.2926565937207698,-0.007066863461876793,DEPTH_PROPOSAL_CERTIFIED,1.2208266313987157,0,32,0,0,94,FULL_MOTION_CERTIFICATE,0,0,0,99,0,0,0,0,0,,28.233333333,1.97844129512,0.292780715997,-0.00703520597527,0.895459664562,0.444752336563,0.0186372815602,0.989220647558,0.146390357998,-0.00351760298764,1.83069985897,0.778196762078,0.0683179546144,1.8340087976844297,0.7689581188448998,0.07086249495588974
28.183333333333334,-18.038670053238995,-0.9240655112491436,3.095649181272333,1.8818105531767173,0.6214792735758508,0.07158972861339369,1.9784786048627783,0.2925269581756159,-0.007098509756012059,DEPTH_PROPOSAL_CERTIFIED,1.2209252219924875,0,32,0,0,95,FULL_MOTION_CERTIFICATE,0,0,0,99,0,0,0,0,0,,28.25,1.97845954662,0.292656593721,-0.00706686346188,0.895459664562,0.444752336563,0.0186372815602,0.989229773308,0.14632829686,-0.00353343173094,1.82768618241,0.78662917975,0.0659661824845,1.8307508385040903,0.778076822339539,0.06831795461442768
28.2,-18.00737481509824,-0.9134991582290422,3.096835242978858,1.8777142884454943,0.6339811812061215,0.07116370239150839,1.97849845160831,0.29239192719284074,-0.00713006984373318,DEPTH_PROPOSAL_CERTIFIED,1.2210291819006378,0,32,0,0,96,FULL_MOTION_CERTIFICATE,0,0,0,100,0,0,0,0,0,,28.266666666,1.97847860486,0.292526958176,-0.00709850975601,0.895459664562,0.444752336563,0.0186372815602,0.989239302431,0.146263479088,-0.00354925487801,1.82490081485,0.794422777421,0.0637925750439,1.8277398587245703,0.7865044542954334,0.0659661824845075
28.216666666666665,-17.976146189523423,-0.9027303908079737,3.0980119977064087,1.8737175344890318,0.6461260452641464,0.07060528365305052,1.9785190667115558,0.2922516310659667,-0.007161480162360989,DEPTH_PROPOSAL_CERTIFIED,1.2113142786591469,0,32,0,0,96,FULL_MOTION_CERTIFICATE,0,0,0,100,0,0,0,0,0,,28.283333333,1.97849845161,0.292391927193,-0.00713006984373,0.895459664562,0.444752336563,0.0186372815602,0.989249225804,0.146195963596,-0.00356503492187,1.82232645982,0.801625951482,0.0617836347064,1.8249571362201855,0.7942933867720592,0.06379257504386406
28.233333333333334,-17.94498237729086,-0.8917654542215884,3.0991776139883203,1.869828733953535,0.6578961951830152,0.06993697691467153,1.9785404285303132,0.2921062099998588,-0.007192687300596324,DEPTH_PROPOSAL_CERTIFIED,1.1981877850342935,0,32,0,0,96,FULL_MOTION_CERTIFICATE,0,0,0,100,0,0,0,0,0,,28.3,1.97851906671,0.292251631066,-0.00716148016236,0.895459664562,0.444752336563,0.0186372815602,0.989259533356,0.146125815533,-0.00358074008118,1.81994713169,0.808283430528,0.0599268868219,1.822385367420485,0.8014920241931904,0.06178363470644927
28.25,-17.913881469317285,-0.8806108094204802,3.100330591267589,1.866054478414577,0.6692786880665299,0.06917863675612695,1.9785625142611714,0.29195581187398123,-0.007223646829502916,DEPTH_PROPOSAL_CERTIFIED,1.1846044224683454,0,32,0,0,96,FULL_MOTION_CERTIFICATE,0,0,0,100,0,0,0,0,0,,28.316666666,1.97854042853,0.29210621,-0.0071926873006,0.895459664562,0.444752336563,0.0186372815602,0.989270214265,0.146053105,-0.0035963436503,1.81774805582,0.814436554721,0.0582108017616,1.8200085608392844,0.8081451012454172,0.059926886821882484
28.266666666666666,-17.882841473643325,-0.8692730645253869,3.10146972027035,1.8623997404378123,0.6802646937056396,0.06834774016563419,1.9785853002377878,0.2918005902865965,-0.0072543222520392685,DEPTH_PROPOSAL_CERTIFIED,1.1705356331607208,0,32,0,0,96,FULL_MOTION_CERTIFICATE,0,0,0,100,0,0,0,0,0,,28.333333333,1.97856251426,0.291955811874,-0.0072236468295,0.895459664562,0.444752336563,0.0186372815602,0.989281257131,0.145977905937,-0.00361182341475,1.81571557649,0.820123533501,0.056624723045,1.81781193712128,0.8142939625027861,0.05821080176162185
28.283333333333335,-17.85186033895876,-0.8577589154299645,3.1025940474838167,1.8588680810735831,0.6908489457252319,0.06745963280800688,1.9786087621910446,0.29164070285021765,-0.007284684059897919,DEPTH_PROPOSAL_CERTIFIED,1.1559534315210866,0,32,0,0,96,FULL_MOTION_CERTIFICATE,0,0,0,100,0,0,0,0,0,,28.35,1.97858530024,0.291800590287,-0.00725432225204,0.858932630833,0.511846196719,-0.0157545737506,0.989292650119,0.145900295143,-0.00362716112602,1.81295001653,0.82713688931,0.0543450343598,1.8157818368299954,0.8199768203642364,0.05662472304495537
28.3,-17.820937094874008,-0.8460728757702257,3.103701815860859,1.8553946450852061,0.7011623795843673,0.06646610262253977,1.9786328754750957,0.2914763097115229,-0.0073147088874360045,DEPTH_PROPOSAL_CERTIFIED,1.1408314948645053,0,32,0,0,96,FULL_MOTION_CERTIFICATE,0,0,0,100,0,0,0,0,0,,28.366666666,1.97860876219,0.29164070285,-0.0072846840599,0.858932630833,0.511846196719,-0.0157545737506,0.989304381096,0.145820351425,-0.00364234202995,1.80944329934,0.835465809691,0.0513598305499,1.8130187260270039,0.8269862726658267,0.0543450343598404
28.316666666666666,-17.790071780192378,-0.8342174559565232,3.104790510662052,1.8519188808979363,0.7113251888221918,0.06532168807158484,1.9786576236599465,0.2913075158644118,-0.007344353836667377,DEPTH_PROPOSAL_CERTIFIED,1.125144748490317,0,32,0,0,96,FULL_MOTION_CERTIFICATE,0,0,0,100,0,0,0,0,0,,28.383333333,1.97863287548,0.291476309712,-0.00731470888744,0.858932630833,0.511846196719,-0.0157545737506,0.989316437738,0.145738154856,-0.00365735444372,1.80518434183,0.845095013412,0.0476527004193,1.8095145578132412,0.8353114615236579,0.05135983054993373
28.333333333333332,-17.75926538041478,-0.8221933342793001,3.105856896135401,1.8483839866559044,0.7214473006334272,0.06398312840095363,1.9786829978627019,0.2911343755349337,-0.007373557550819342,DEPTH_PROPOSAL_CERTIFIED,1.1088690166801203,0,32,0,0,96,FULL_MOTION_CERTIFICATE,0,0,0,100,0,0,0,0,0,,28.4,1.97865762366,0.291307515864,-0.00734435383667,0.858932630833,0.511846196719,-0.0157545737506,0.98932881183,0.145653757932,-0.00367217691833,1.80015544389,0.855998963665,0.0431972448165,1.8052582769031116,0.8449370647305077,0.04765270041925186
28.35,-17.728519778336462,-0.809999527995209,3.1068970368062447,1.844736124698802,0.7316283770453524,0.06240844025061658,1.978708996110702,0.2909568963570827,-0.0074022410682103535,DEPTH_PROPOSAL_CERTIFIED,1.091980733934379,0,32,0,0,96,FULL_MOTION_CERTIFICATE,0,0,0,100,0,0,0,0,0,,28.416666666,1.97868299786,0.291134375535,-0.00737355755082,0.858932630833,0.511846196719,-0.0157545737506,0.989341498931,0.145567187767,-0.00368677877541,1.79431609321,0.868113406385,0.0379320675484,1.800232208822162,0.8558375092708197,0.04319724481650782
28.366666666666667,-17.6978377371956,-0.797633600329482,3.1079062729661007,1.8409224684519543,0.7419556599436606,0.06055416959135526,1.9787356227117694,0.29077504351296074,-0.007430308304619125,DEPTH_PROPOSAL_CERTIFIED,1.0747672950967457,0,32,0,0,96,FULL_MOTION_CERTIFICATE,0,0,0,100,0,0,0,0,0,,28.433333333,1.97870899611,0.290956896357,-0.00740224106821,0.858932630833,0.511846196719,-0.0157545737506,0.989354498055,0.145478448179,-0.00370112053411,1.78852436343,0.879899693519,0.0326713693333,1.794395862240408,0.8679485113030289,0.037932067548365846
28.383333333333333,-17.667221750697564,-0.785093713504927,3.1088803035700754,1.8369591898821067,0.7523932094733504,0.05844183623847517,1.978762887519299,0.2905887446220367,-0.007457645424345369,DEPTH_PROPOSAL_CERTIFIED,1.0586503304384787,0,32,0,0,96,FULL_MOTION_CERTIFICATE,0,0,0,100,0,0,0,0,0,,28.45,1.97873562271,0.290775043513,-0.00743030830462,0.858932630833,0.511846196719,-0.0157545737506,0.989367811356,0.145387521756,-0.00371515415231,1.78317140107,0.890793080094,0.0278092088698,1.7886071913299626,0.8797313137355737,0.03267136933333646
28.4,-17.636673569640735,-0.7723792964552433,3.109815656614241,1.8328908634098746,0.7628650229810645,0.05612118264994238,1.9787907980925337,0.2903979423587732,-0.00748414711941971,DEPTH_PROPOSAL_CERTIFIED,1.0425934303171813,0,32,0,0,96,FULL_MOTION_CERTIFICATE,0,0,0,100,0,0,0,0,0,,28.45,1.97873562271,0.290775043513,-0.00743030830462,0.858932630833,0.511846196719,-0.0157545737506,0.989367811356,0.145387521756,-0.00371515415231,1.78317140107,0.890793080094,0.0278092088698,1.7832572804486402,0.8906211477751835,0.02780920886984066
28.416666666666668,-17.606194300183365,-0.7594908634158388,3.1107095882083096,1.8287561674419301,0.773305982364149,0.05363589564411298,1.9788193570894008,0.29020261196742775,-0.007509728062531115,DEPTH_PROPOSAL_CERTIFIED,1.026591273049508,0,32,0,0,96,FULL_MOTION_CERTIFICATE,0,0,0,100,0,0,0,0,0,,28.483333333,1.97879079809,0.290397942359,-0.00748414711942,0.858932630833,0.511846196719,-0.0157545737506,0.989395399046,0.145198971179,-0.00374207355971,1.77365133722,0.9101666024,0.0191620197207,1.778312876633016,0.9006856868377582,0.02331539417299943
28.433333333333334,-17.575784491485848,-0.7464298527314207,3.1115599921812627,1.8245885218510185,0.7836606410651334,0.051024238377185976,1.978848562961677,0.29000275667518244,-0.007534320493647217,DEPTH_PROPOSAL_CERTIFIED,1.0118939632550605,0,32,0,0,96,FULL_MOTION_CERTIFICATE,0,0,0,100,0,0,0,0,0,,28.5,1.97881935709,0.290202611967,-0.00750972806253,0.858932630833,0.511846196719,-0.0157545737506,0.989409678545,0.145101305984,-0.00375486403127,1.76942511929,0.918767041287,0.0153232948544,1.7737432456418942,0.9099874772171508,0.019162019720674578
28.45,-17.545444213771713,-0.7331984838626132,3.112365319205323,1.8204166628482785,0.7938821321284957,0.048319621443639035,1.9788784105735513,0.28979840361166204,-0.007557872056876319,DEPTH_PROPOSAL_CERTIFIED,0.9977034467413266,0,32,0,0,96,FULL_MOTION_CERTIFICATE,0,0,0,101,0,0,0,0,0,,28.516666666,1.97884856296,0.290002756675,-0.00753432049365,0.858932630833,0.511846196719,-0.0157545737506,0.989424281481,0.145001378338,-0.00376716024682,1.76551906963,0.926715931283,0.0117753826966,1.7695199830148476,0.9185843231015226,0.015323294854364296
28.466666666666665,-17.515173127757283,-0.7197996307566474,3.113124504513794,1.8162651608658855,0.8039311863579929,0.045551118508258735,1.9789088917511577,0.2895896001846663,-0.0075803438635963505,DEPTH_PROPOSAL_CERTIFIED,0.9837131573479652,0,32,0,0,96,FULL_MOTION_CERTIFICATE,0,0,0,101,0,0,0,0,0,,28.533333333,1.97887841057,0.289798403612,-0.00755787205688,0.858932630833,0.511846196719,-0.0157545737506,0.989439205287,0.144899201806,-0.00377893602844,1.76190893259,0.934062633108,0.00849625155544,1.7656168366806893,0.9265296479578669,0.011775382696616992
28.483333333333334,-17.48497054631049,-0.7062367099214856,3.113836903374092,1.8121548868073598,0.8137752501095873,0.042743931617893416,1.9789399957699516,0.28937641086645655,-0.007601708759997628,DEPTH_PROPOSAL_CERTIFIED,0.9699213376965998,0,32,0,0,96,FULL_MOTION_CERTIFICATE,0,0,0,101,0,0,0,0,0,,28.533333333,1.97887841057,0.289798403612,-0.00755787205688,0.858932630833,0.511846196719,-0.0157545737506,0.989439205287,0.144899201806,-0.00377893602844,1.76190893259,0.934062633108,0.00849625155544,1.7620095432933538,0.9338728278790185,0.008496251555442341
28.5,-17.45483548911599,-0.6925135817057944,3.1145022335574044,1.8081034316700193,0.8233876929415171,0.03991981099874124,1.9789717097861517,0.28915891434925256,-0.0076219497792079614,DEPTH_PROPOSAL_CERTIFIED,0.9563260916425143,0,32,0,0,96,FULL_MOTION_CERTIFICATE,0,0,0,101,0,0,0,0,0,,28.55,1.97890889175,0.289589600185,-0.0075803438636,0.858932630833,0.511846196719,-0.0157545737506,0.989454445876,0.144794800092,-0.0037901719318,1.75857229079,0.940852766602,0.00546553944508,1.7586756789944613,0.940659495491069,0.005465539445082637
28.516666666666666,-17.42476673105326,-0.6786344634241038,3.115120524114342,1.804125483763907,0.8327470969014789,0.03709743341623689,1.9790040192178622,0.28893720103263326,-0.007641058760056839,DEPTH_PROPOSAL_CERTIFIED,0.9429254216379737,0,32,0,0,96,FULL_MOTION_CERTIFICATE,0,0,0,101,0,0,0,0,0,,28.566666666,1.97893999577,0.289376410866,-0.00760170876,0.858932630833,0.511846196719,-0.0157545737506,0.989469997885,0.144688205433,-0.00380085438,1.75548842507,0.947128495657,0.00266442690968,1.7555945193093319,0.9469318252130183,0.0026644269096816565
28.533333333333335,-17.39476284492723,-0.6646038530976032,3.1156920698307355,1.800233167561549,0.8418366195899091,0.03429274298360973,1.9790369080809795,0.28871137080892084,-0.00765903511613337,DEPTH_PROPOSAL_CERTIFIED,0.9297172608586266,0,32,0,0,96,FULL_MOTION_CERTIFICATE,0,0,0,101,0,0,0,0,0,,28.583333333,1.97897170979,0.289158914349,-0.00762194977921,0.858932630833,0.511846196719,-0.0157545737506,0.989485854893,0.144579457175,-0.0038109748896,1.75263818536,0.952928791059,7.55197055642e-05,1.752746909892791,0.9527287963887395,7.551970556416267e-05
28.55,-17.36482223912808,-0.6504264627034375,3.116217390798209,1.7964363479488974,0.8506434236499908,0.03151925804841328,1.9790703592845034,0.28848153111587543,-0.00767588474031804,DEPTH_PROPOSAL_CERTIFIED,0.9166995006852536,0,32,0,0,96,FULL_MOTION_CERTIFICATE,0,0,0,101,0,0,0,0,0,,28.6,1.97900401922,0.288937201033,-0.00764105876006,0.858932630833,0.511846196719,-0.0157545737506,0.989502009609,0.144468600516,-0.00382052938003,1.7500038729,0.958289670135,-0.00231725816099,1.7501151486745439,0.9580864331829939,-0.0023172581609854797
28.566666666666666,-17.334943190743992,-0.636107159927819,3.116697196585267,1.7927429030454374,0.8591581665371636,0.028788347223478863,1.9791043548894183,0.2882477952290615,-0.007691619031394465,DEPTH_PROPOSAL_CERTIFIED,0.9038700140772022,0,32,0,0,96,FULL_MOTION_CERTIFICATE,0,0,0,101,0,0,0,0,0,,28.633333333,1.97907035928,0.288481531116,-0.00767588474032,0.858932630833,0.511846196719,-0.0157545737506,0.989535179642,0.144240765558,-0.00383794237016,1.74531883665,0.967823813592,-0.00657273326497,1.7476828752232223,0.9630380297606784,-0.00452876484072311
28.583333333333332,-17.30512387460026,-0.6216509175165138,3.1171323545434255,1.7891589686240117,0.8673745446783593,0.026109477489505484,1.9791388763349331,0.2880102807687856,-0.007706254030549546,DEPTH_PROPOSAL_CERTIFIED,0.8912266753207707,0,32,0,0,96,FULL_MOTION_CERTIFICATE,0,0,0,101,0,0,0,0,0,,28.633333333,1.97907035928,0.288481531116,-0.00767588474032,0.858932630833,0.511846196719,-0.0157545737506,0.989535179642,0.144240765558,-0.00383794237016,1.74531883665,0.967823813592,-0.00657273326497,1.7454349686826143,0.9676143580009525,-0.006572733264971771
28.6,-17.275359616672205,-0.6070683782355109,3.1175262470839646,1.785855475682901,0.8749523568600399,0.02363355243234773,1.979173904635503,0.2877691083989394,-0.007719809656720094,DEPTH_PROPOSAL_CERTIFIED,0.8787651202372266,0,32,0,0,96,FULL_MOTION_CERTIFICATE,0,0,0,101,0,0,0,0,0,,28.65,1.97910435489,0.288247795229,-0.00769161903139,0.858932630833,0.511846196719,-0.0157545737506,0.989552177445,0.144123897615,-0.0038458095157,1.74323902032,0.972056281846,-0.00846185559338,1.745552861801359,0.9674016654765281,-0.006572733264971771
28.616666666666667,-17.245649015760872,-0.5923635049703029,3.1178796151194206,1.782636054680004,0.8822923959125281,0.021202082127368693,1.9792093995016233,0.2875245440312815,-0.007732367297802057,DEPTH_PROPOSAL_CERTIFIED,0.8664837797026705,0,32,0,0,96,FULL_MOTION_CERTIFICATE,0,0,0,101,0,0,0,0,0,,28.666666666,1.97913887633,0.288010280769,-0.00770625403055,0.858932630833,0.511846196719,-0.0157545737506,0.989569438167,0.144005140384,-0.00385312701527,1.74131676595,0.975968108326,-0.0102078624863,1.7433591184446582,0.9718408723528893,-0.008461855593377397
28.633333333333333,-17.215990431369796,-0.5775406296299759,3.1181933241339,1.7795150634646366,0.8893725204196673,0.01882254086876129,1.9792453457218455,0.2872766833057717,-0.007743943907727462,DEPTH_PROPOSAL_CERTIFIED,0.854380884810825,0,32,0,0,96,FULL_MOTION_CERTIFICATE,0,0,0,101,0,0,0,0,0,,28.683333333,1.9792093995,0.287524544031,-0.0077323672978,0.858932630833,0.511846196719,-0.0157545737506,0.989604699751,0.143762272016,-0.0038661836489,1.7395401368,0.979583584543,-0.0118215962318,1.741438970637153,0.9757500394067706,-0.01020786248625078
28.65,-17.186382163509364,-0.5626041300263666,3.1184683410560807,1.776496071626109,0.8961899762166071,0.016501015330841702,1.9792817266835825,0.2870256316482244,-0.007754559522895084,DEPTH_PROPOSAL_CERTIFIED,0.8450345536250812,0,32,0,0,96,FULL_MOTION_CERTIFICATE,0,0,0,101,0,0,0,0,0,,28.683333333,1.9792093995,0.287524544031,-0.0077323672978,0.858932630833,0.511846196719,-0.0157545737506,0.989604699751,0.143762272016,-0.0038661836489,1.7395401368,0.979583584543,-0.0118215962318,1.7396643711960684,0.9793629369392782,-0.011821596231779013
28.666666666666668,-17.156823734962195,-0.547556375115296,3.118704912163787,1.773505712829946,0.9028652946640912,0.01419426646237788,1.9793185255889638,0.2867714959491682,-0.0077642366917688235,DEPTH_PROPOSAL_CERTIFIED,0.83887703167288,0,32,0,0,96,FULL_MOTION_CERTIFICATE,0,0,0,101,0,0,0,0,0,,28.7,1.97924534572,0.287276683306,-0.00774394390773,0.828286908496,0.559261387676,-0.0341686620885,0.989622672861,0.143638341653,-0.00387197195386,1.73689694242,0.98452719503,-0.0139480697329,1.737023335516765,0.9843041797233829,-0.013948069732876
28.683333333333334,-17.127315809771034,-0.5323978818421113,3.1189026247598806,1.770475511469848,0.909509596391131,0.01186275576563035,1.9793557332818226,0.2865143310570287,-0.007772980337138443,DEPTH_PROPOSAL_CERTIFIED,0.8328764609619304,0,32,0,0,96,FULL_MOTION_CERTIFICATE,0,0,0,101,0,0,0,0,0,,28.716666666,1.97928172668,0.287025631648,-0.0077545595229,0.828286908496,0.559261387676,-0.0341686620885,0.989640863342,0.143512815824,-0.00387727976145,1.73337834311,0.990795290316,-0.0165816747347,1.733507054876649,0.9905700774610227,-0.01658167473469125
28.7,-17.097860124786273,-0.517127463139272,3.1190604686671572,1.767341099085853,0.9162251221704103,0.009470634436597292,1.979393347639483,0.2862541437169161,-0.00778077923192489,DEPTH_PROPOSAL_CERTIFIED,0.8270337034628312,0,32,0,0,96,FULL_MOTION_CERTIFICATE,0,0,0,101,0,0,0,0,0,,28.733333333,1.97931852559,0.286771495949,-0.00776423669177,0.828286908496,0.559261387676,-0.0341686620885,0.989659262794,0.143385747975,-0.00388211834588,1.72897004857,0.998381813361,-0.0197132457776,1.7291012680011093,0.9981545366776217,-0.019713245777607805
28.716666666666665,-17.068459453250693,-0.5017423771984709,3.1191769109869334,1.7640402921349314,0.9231051564481194,0.00698653918658201,1.9794313730021578,0.28599089626181645,-0.007787607473153505,DEPTH_PROPOSAL_CERTIFIED,0.8213503712958619,0,32,0,0,96,FULL_MOTION_CERTIFICATE,0,0,0,102,0,0,0,0,0,,28.766666666,1.97939334764,0.286254143717,-0.00778077923192,0.828286908496,0.559261387676,-0.0341686620885,0.98969667382,0.143127071858,-0.00389038961596,1.71855599837,1.01569899011,-0.0267298697964,1.7237704473336855,1.0070415746361752,-0.023319422863606276
28.733333333333334,-17.039116038814285,-0.48624067187467,3.1192507820832462,1.7606048661841633,0.9301023194279092,0.004432265778781272,1.9794698196131775,0.2857245102321249,-0.007793426280418389,DEPTH_PROPOSAL_CERTIFIED,0.8158278502116221,0,32,0,0,96,FULL_MOTION_CERTIFICATE,0,0,0,102,0,0,0,0,0,,28.783333333,1.979431373,0.285990896262,-0.00778760747315,0.828286908496,0.559261387676,-0.0341686620885,0.989715686501,0.142995448131,-0.00389380373658,1.71386037847,1.02348867097,-0.0298819497367,1.718692669584801,1.0154677077813306,-0.026729869796382463
28.75,-17.009831469224142,-0.4706213492057328,3.119281327149868,1.7570741754086683,0.9371593601362882,0.0018327039973024479,1.9795086946469773,0.28545492779848824,-0.007798205728255377,DEPTH_PROPOSAL_CERTIFIED,0.8104672158759945,0,32,0,0,96,FULL_MOTION_CERTIFICATE,0,0,0,102,0,0,0,0,0,,28.8,1.979431373,0.285990896262,-0.00778760747315,0.828286908496,0.559261387676,-0.0341686620885,0.989715686501,0.142995448131,-0.00389380373658,1.70952048736,1.03068822447,-0.0327952357374,1.7139997479476257,1.0232552567785165,-0.029881949736741145
28.766666666666666,-16.98061182621694,-0.45487582964115325,3.1192647503451707,1.7531785804323528,0.9447311738748242,-0.000994608281832756,1.9795480015817954,0.2851821161708597,-0.007801926033410107,DEPTH_PROPOSAL_CERTIFIED,0.8052724772204605,0,32,0,0,96,FULL_MOTION_CERTIFICATE,0,0,0,102,0,0,0,0,0,,28.833333333,1.97950869465,0.285454927798,-0.00779820572826,0.828286908496,0.559261387676,-0.0341686620885,0.989754347323,0.142727463899,-0.00389910286413,1.70180213673,1.04349238868,-0.0379764170832,1.705652321721301,1.0371073014849697,-0.035487818087284365
28.783333333333335,-16.95145686860126,-0.43900591146482515,3.119201479337441,1.7492974569405673,0.9521950905795377,-0.003796260463758326,1.9795877725136874,0.2849058455131798,-0.0078044927264099215,DEPTH_PROPOSAL_CERTIFIED,0.8002437886833103,0,32,0,0,96,FULL_MOTION_CERTIFICATE,0,0,0,102,0,0,0,0,0,,28.85,1.97954800158,0.285182116171,-0.00780192603341,0.828286908496,0.559261387676,-0.0341686620885,0.989774000791,0.142591058085,-0.00390096301671,1.6983757488,1.04917650899,-0.0402764858485,1.701947750340793,1.043254874377026,-0.0379764170832445
28.8,-16.922366018930425,-0.423013844989091,3.1190921474390745,1.7454509802500098,0.959523988544103,-0.0065599139019937025,1.9796280001496724,0.2846261560634152,-0.007805914935061433,DEPTH_PROPOSAL_CERTIFIED,0.7953811769239612,0,32,0,0,96,FULL_MOTION_CERTIFICATE,0,0,0,102,0,0,0,0,0,,28.85,1.97954800158,0.285182116171,-0.00780192603341,0.828286908496,0.559261387676,-0.0341686620885,0.989774000791,0.142591058085,-0.00390096301671,1.6983757488,1.04917650899,-0.0402764858485,1.6985239646252066,1.0489365437118054,-0.04027648584846736
28.816666666666666,-16.89333841584577,-0.4069022537296821,3.1189375599940576,1.7416561850795473,0.9666954755645917,-0.009275246701003647,1.979668675447022,0.2843431001242501,-0.007806206861505804,DEPTH_PROPOSAL_CERTIFIED,0.7906845679136534,0,32,0,0,96,FULL_MOTION_CERTIFICATE,0,0,0,102,0,0,0,0,0,,28.883333333,1.97962800015,0.284626156063,-0.00780591493506,0.828286908496,0.559261387676,-0.0341686620885,0.989814000075,0.142313078032,-0.00390295746753,1.69228203291,1.05928552615,-0.0443670809282,1.695359683999903,1.054187617214558,-0.04240230684892699
28.833333333333332,-16.864372960418965,-0.39067406492965445,3.118738664677542,1.7379273256083105,0.9736913280017144,-0.011933718990944552,1.9797097879203702,0.28405674001263076,-0.0078053869653622095,DEPTH_PROPOSAL_CERTIFIED,0.787937880359697,0,32,0,0,96,FULL_MOTION_CERTIFICATE,0,0,0,102,0,0,0,0,0,,28.9,1.97966867545,0.284343100124,-0.00780620686151,0.828286908496,0.559261387676,-0.0341686620885,0.989834337724,0.142171550062,-0.00390310343075,1.68957686498,1.06377319663,-0.0461830084834,1.6924352400592182,1.0590407277346174,-0.04436708092822558
28.85,-16.835468357100808,-0.374332448470425,3.1184965253086365,1.734276199089192,0.9804969875536135,-0.014528362134311905,1.9797513259124615,0.28376714624987526,-0.007803477241130666,DEPTH_PROPOSAL_CERTIFIED,0.7867069125793091,0,32,0,0,96,FULL_MOTION_CERTIFICATE,0,0,0,102,0,0,0,0,0,,28.916666666,1.97970978792,0.284056740013,-0.00780538696536,0.828286908496,0.559261387676,-0.0341686620885,0.98985489396,0.142028370006,-0.00390269348268,1.68707663417,1.06792089182,-0.0478613656658,1.689732455555952,1.0635260340867685,-0.04618300848338826
28.866666666666667,-16.80662314982847,-0.35788076329653085,3.1182122988140604,1.730712436340346,0.9871011104337061,-0.017053589674573558,1.9797932768322521,0.28347439596779705,-0.0078005025803142055,DEPTH_PROPOSAL_CERTIFIED,0.7856725350094076,0,32,0,0,96,FULL_MOTION_CERTIFICATE,0,0,0,102,0,0,0,0,0,,28.933333333,1.97975132591,0.28376714625,-0.00780347724113,0.828286908496,0.559261387676,-0.0341686620885,0.989875662956,0.141883573125,-0.00390173862057,1.68476581464,1.07175436792,-0.0494125746749,1.6872345308044239,1.0676714095708413,-0.04786136566576759
28.883333333333333,-16.777835753790292,-0.34132251056526886,3.1178872150151906,1.7272437622908074,0.9934951638757746,-0.019505027932174894,1.9798356273637467,0.2831785715085304,-0.00779649020958665,DEPTH_PROPOSAL_CERTIFIED,0.790377103834923,0,32,0,0,96,FULL_MOTION_CERTIFICATE,0,0,0,102,0,0,0,0,0,,28.95,1.97979327683,0.283474395968,-0.00780050258031,0.828286908496,0.559261387676,-0.0341686620885,0.989896638416,0.141737197984,-0.00390025129016,1.6826300572,1.07529742916,-0.0508462678477,1.6849259388864344,1.0715026158690157,-0.049412574674913015
28.9,-16.749104483297803,-0.3246612928116431,3.1175225589437003,1.7238762295493952,0.9996730652176035,-0.021879364289410144,1.9798783636486095,0.28287975919788894,-0.007791469197162263,DEPTH_PROPOSAL_CERTIFIED,0.7968495755813172,0,32,0,0,96,FULL_MOTION_CERTIFICATE,0,0,0,102,0,0,0,0,0,,28.966666666,1.97983562736,0.283178571509,-0.00779649020959,0.828286908496,0.559261387676,-0.0341686620885,0.989917813682,0.141589285754,-0.00389824510479,1.68065609969,1.07857207647,-0.0521713478196,1.6827923301041636,1.07504346158792,-0.05084626784768195
28.916666666666668,-16.720427576173062,-0.30790077848496045,3.1171196554182576,1.7206144274842192,1.0056308596007997,-0.024174211526547966,1.9799214714453093,0.2825780482741093,-0.007785470020301289,DEPTH_PROPOSAL_CERTIFIED,0.8034236982044984,0,32,0,0,96,FULL_MOTION_CERTIFICATE,0,0,0,102,0,0,0,0,0,,28.983333333,1.97987836365,0.282879759198,-0.00779146919716,0.828286908496,0.559261387676,-0.0341686620885,0.989939181824,0.141439879599,-0.00389573459858,1.6788316843,1.08159864463,-0.0533960430227,1.6808204422890796,1.0783159510757803,-0.05217134781962467
28.933333333333334,-16.691803215019817,-0.29104467127684575,3.116679855640926,1.7174616691947424,1.0113664324869387,-0.026387986639893085,1.9799649362672886,0.28227352995549504,-0.007778524187533587,DEPTH_PROPOSAL_CERTIFIED,0.8100986224140234,0,32,0,0,96,FULL_MOTION_CERTIFICATE,0,0,0,102,0,0,0,0,0,,29,1.97992147145,0.282578048274,-0.0077854700203,0.828286908496,0.559261387676,-0.0341686620885,0.989960735723,0.141289024137,-0.00389273501015,1.67714548219,1.08439592731,-0.0545279582843,1.678998018063123,1.0813404216978404,-0.05339604302270519
28.95,-16.663229545709747,-0.27409668371960977,3.1162045255963666,1.7144201586043986,1.0168792534342155,-0.028519802673560368,1.9800087435024074,0.2819662966320948,-0.0077706639098059005,DEPTH_PROPOSAL_CERTIFIED,0.8168734900570627,0,32,0,0,96,FULL_MOTION_CERTIFICATE,0,0,0,103,0,0,0,0,0,,29.016666666,1.97996493627,0.282273529955,-0.00777852418753,0.828286908496,0.559261387676,-0.0341686620885,0.989982468134,0.141136764978,-0.00388926209377,1.67558702277,1.08698129449,-0.0555741223252,1.6773137294022025,1.0841356689909964,-0.0545279582843028
28.966666666666665,-16.634704693384247,-0.25706051458319673,3.1156950360572977,1.7114911395301595,1.0221701481848393,-0.03056937234414158,1.9800528785156923,0.28165644116805316,-0.007761921815341889,DEPTH_PROPOSAL_CERTIFIED,0.8237474419106334,0,32,0,0,96,FULL_MOTION_CERTIFICATE,0,0,0,103,0,0,0,0,0,,29.033333333,1.9800087435,0.281966296632,-0.00777066390981,0.828286908496,0.559261387676,-0.0341686620885,0.990004371751,0.140983148316,-0.0038853319549,1.67414662837,1.08937080066,-0.0565410315758,1.6757571068244408,1.0867190641424527,-0.0555741223252339
28.983333333333334,-16.606226776242405,-0.2399398296460567,3.1151527540191988,1.7086750285103238,1.027241096228242,-0.03253692228593147,1.9800973267372253,0.2813440563025229,-0.007752330703488704,DEPTH_PROPOSAL_CERTIFIED,0.8307196243144781,0,32,0,0,96,FULL_MOTION_CERTIFICATE,0,0,0,103,0,0,0,0,0,,29.05,1.98005287852,0.281656441168,-0.00776192181534,0.832633699721,0.551500765865,-0.0506757075769,0.990026439258,0.140828220584,-0.00388096090767,1.67314970745,1.09097651357,-0.0589103592305,1.6743184740683332,1.089106662357744,-0.05654103157576406
29.0,-16.577793495316616,-0.22273900660006277,3.114577172186978,1.7059968555473508,1.0320493827596944,-0.034534909933249196,1.980142073736827,0.28102923413822967,-0.0077419233332899065,DEPTH_PROPOSAL_CERTIFIED,0.8377873299602165,0,32,0,0,97,FULL_MOTION_CERTIFICATE,0,0,0,103,0,0,0,0,0,,29.066666666,1.98009732674,0.281344056303,-0.00775233070349,0.832633699721,0.551500765865,-0.0506757075769,0.990048663369,0.140672028151,-0.00387616535174,1.67255256293,1.09188749976,-0.0621255906113,1.6733231453990776,1.0907104784434185,-0.058910359230526954
29.016666666666666,-16.549402221248137,-0.2054629686333578,3.1139667536367295,1.703476444108871,1.036562278002356,-0.03662511301491673,1.9801871026584408,0.28071208551047777,-0.007730686484876554,DEPTH_PROPOSAL_CERTIFIED,0.8449467379212929,0,32,0,0,97,FULL_MOTION_CERTIFICATE,0,0,0,103,0,0,0,0,0,,29.083333333,1.98014207374,0.281029234138,-0.00774192333329,0.832633699721,0.551500765865,-0.0506757075769,0.990071036868,0.140514617069,-0.00387096166664,1.6720006566,1.09272947189,-0.0650972440451,1.6727274245594166,1.0916195999628313,-0.06212559061126223
29.033333333333335,-16.521050466851865,-0.18811635297797447,3.113320385426089,1.7011052637760404,1.040796939322837,-0.038782092638418496,1.9802323947619755,0.2803927356991365,-0.00771858163170451,DEPTH_PROPOSAL_CERTIFIED,0.8521945516241205,0,32,0,0,97,FULL_MOTION_CERTIFICATE,0,0,0,103,0,0,0,0,0,,29.1,1.98018710266,0.28071208551,-0.00773068648488,0.832633699721,0.551500765865,-0.0506757075769,0.990093551329,0.140356042755,-0.00386534324244,1.67149056135,1.09350765826,-0.0678437722144,1.6721768637155114,1.092459807432696,-0.06509724404513564
29.05,-16.492735880667173,-0.1707035259791311,3.1126373231755804,1.6988751710816945,1.0447696199306609,-0.040983735030535505,1.9802779323595525,0.28007130277354086,-0.007705580608056025,DEPTH_PROPOSAL_CERTIFIED,0.8595279447276658,0,32,0,0,97,FULL_MOTION_CERTIFICATE,0,0,0,103,0,0,0,0,0,,29.116666666,1.98023239476,0.280392735699,-0.0077185816317,0.832633699721,0.551500765865,-0.0506757075769,0.990116197381,0.14019636785,-0.00385929081585,1.67101910971,1.09422689107,-0.0703822299113,1.6716680402106725,1.093236323346116,-0.06784377221436463
29.066666666666666,-16.46445624066971,-0.15322859752257967,3.1119171416133535,1.6967783998479251,1.0484957073931458,-0.043210893733621636,1.9803236987635873,0.27974789796552907,-0.007691664265462176,DEPTH_PROPOSAL_CERTIFIED,0.8669445120023047,0,32,0,0,98,FULL_MOTION_CERTIFICATE,0,0,0,103,0,0,0,0,0,,29.133333333,1.98027793236,0.280071302774,-0.00770558060806,0.832633699721,0.551500765865,-0.0506757075769,0.99013896618,0.140035651387,-0.00385279030403,1.67058337407,1.09489163659,-0.0727283803554,1.6711977907959374,1.0939539744354654,-0.07038222991127406
29.083333333333332,-16.43620944815704,-0.13569543483068996,3.111159690497311,1.694807550760209,1.0519897615134424,-0.04544706696254137,1.9803696782366618,0.27942262602725476,-0.007676821272808434,DEPTH_PROPOSAL_CERTIFIED,0.874442224791856,0,32,0,0,98,FULL_MOTION_CERTIFICATE,0,0,0,103,0,0,0,0,0,,29.15,1.98032369876,0.279747897966,-0.00769166426546,0.832633699721,0.551500765865,-0.0506757075769,0.990161849382,0.139873948983,-0.00384583213273,1.67018064871,1.0955060226,-0.0748967921259,1.6707631918900705,1.0946172217810632,-0.07272838035536379
29.1,-16.40799352181757,-0.11810767564037736,3.1103650553848503,1.692955580367993,1.0552655514185914,-0.047678106747644035,1.9804158559432146,0.27909558557394415,-0.007661047046087245,DEPTH_PROPOSAL_CERTIFIED,0.8820193906733595,0,32,0,0,98,FULL_MOTION_CERTIFICATE,0,0,0,103,0,0,0,0,0,,29.166666666,1.98036967824,0.279422626027,-0.00767682127281,0.832633699721,0.551500765865,-0.0506757075769,0.990184839118,0.139711313014,-0.0038384106364,1.66980843287,1.09607386418,-0.0769009301539,1.6703615415829618,1.0952301882614017,-0.07489679212589194
29.116666666666667,-16.379806591990256,-0.10046874077721218,3.1095335227680887,1.6912157896388111,1.0583360917899707,-0.049891957005694126,1.9804622179030713,0.27876686941183904,-0.007644342795101703,DEPTH_PROPOSAL_CERTIFIED,0.8919744009977282,0,32,0,0,98,FULL_MOTION_CERTIFICATE,0,0,0,103,0,0,0,0,0,,29.183333333,1.98041585594,0.279095585574,-0.00766104704609,0.832633699721,0.551500765865,-0.0506757075769,0.990207927972,0.139547792787,-0.00383052352304,1.66946441518,1.09659868749,-0.0787532396606,1.6699903427427907,1.0957966843208002,-0.07690093015390694
29.133333333333333,-16.351646895120275,-0.08278184614138405,3.108665549137874,1.6895818121990152,1.0612136781497483,-0.052078417812887454,1.9805087509468107,0.27843656485160484,-0.0076267146755573546,DEPTH_PROPOSAL_CERTIFIED,0.9023949104853863,0,32,0,0,98,FULL_MOTION_CERTIFICATE,0,0,0,103,0,0,0,0,0,,29.2,1.9804622179,0.278766869412,-0.0076443427951,0.832633699721,0.551500765865,-0.0506757075769,0.990231108952,0.139383434706,-0.00382217139755,1.66914645944,1.09708375145,-0.0804652226868,1.6696472874335033,1.0963202317390368,-0.07875323966064765
29.15,-16.323512768413792,-0.06505001412278769,3.1077617335823136,1.688047602389127,1.0639099211158423,-0.054228933333638166,1.9805554426729555,0.278104754007525,-0.007608173036062305,DEPTH_PROPOSAL_CERTIFIED,0.912276476803801,0,32,0,0,98,FULL_MOTION_CERTIFICATE,0,0,0,103,0,0,0,0,0,,29.216666666,1.98050875095,0.278436564852,-0.00762671467556,0.832633699721,0.551500765865,-0.0506757075769,0.990254375473,0.139218282426,-0.00381335733778,1.66885259127,1.09753206812,-0.0820475099316,1.6693302427084904,1.0968040853021916,-0.08046522268679845
29.166666666666668,-16.295402644693556,-0.04727608446273637,3.1068227935613515,1.686607423213852,1.0664357796029122,-0.05633640125772794,1.9806022814069815,0.27777151408284884,-0.007588731750569025,DEPTH_PROPOSAL_CERTIFIED,0.9216098008826956,0,32,0,0,98,FULL_MOTION_CERTIFICATE,0,0,0,103,0,0,0,0,0,,29.233333333,1.98055544267,0.278104754008,-0.00760817303606,0.832633699721,0.551500765865,-0.0506757075769,0.990277721336,0.139052377004,-0.00380408651803,1.66858098582,1.09794642143,-0.0835099270232,1.6690372372754976,1.0972512531451613,-0.0820475099316188
29.183333333333334,-16.267315047455675,-0.02946272458057537,3.1058495435331097,1.6852558342730946,1.0688015929297208,-0.05839500169450292,1.9806492561620974,0.2774369176416736,-0.007568407627644287,DEPTH_PROPOSAL_CERTIFIED,0.9303854693937743,0,32,0,0,99,FULL_MOTION_CERTIFICATE,0,0,0,103,0,0,0,0,0,,29.25,1.98060228141,0.277771514083,-0.00758873175057,0.832633699721,0.551500765865,-0.0506757075769,0.990301140703,0.138885757041,-0.00379436587528,1.66832995655,1.09832938434,-0.0848615549389,1.668766449195853,1.0976645155167857,-0.08350992702315925
29.2,-16.239248586126383,-0.011612439384073067,3.1048428761396605,1.6839876797577131,1.0710171117901992,-0.0604000436069558,1.9806963566017808,0.2771010328677649,-0.0075472198887702934,DEPTH_PROPOSAL_CERTIFIED,0.9385939488350254,0,32,0,0,100,FULL_MOTION_CERTIFICATE,0,0,0,104,0,0,0,0,0,,29.266666666,1.98064925616,0.277436917642,-0.00756840762764,0.832633699721,0.551500765865,-0.0506757075769,0.990324628081,0.138718458821,-0.00378420381382,1.66809794465,1.09868333489,-0.0861107867234,1.6685161946700586,1.098046441888037,-0.08486155493888237
29.216666666666665,-16.211201951517097,0.006272419417506687,3.103803745686721,1.6827980765572101,1.0730915280948463,-0.06234782717638193,1.9807435730040197,0.27676392381074266,-0.007525189708644592,DEPTH_PROPOSAL_CERTIFIED,0.945782320430312,0,32,0,0,100,FULL_MOTION_CERTIFICATE,0,0,0,104,0,0,0,0,0,,29.283333333,1.9806963566,0.277101032868,-0.00754721988877,0.832633699721,0.551500765865,-0.0506757075769,0.990348178301,0.138550516434,-0.00377360994439,1.66788350941,1.09901047102,-0.0872653798094,1.6682849175110714,1.0983994070115426,-0.08611078672338221
29.233333333333334,-16.18317391147488,0.024189644478737955,3.102733153677426,1.6816824025327286,1.075033503673708,-0.06423552055767073,1.9807908962272198,0.2764256506200626,-0.007502339811086759,DEPTH_PROPOSAL_CERTIFIED,0.9514802286189763,0,32,0,0,100,FULL_MOTION_CERTIFICATE,0,0,0,104,0,0,0,0,0,,29.3,1.980743573,0.276763923811,-0.00752518970864,0.832633699721,0.551500765865,-0.0506757075769,0.990371786502,0.138381961905,-0.00376259485432,1.66768531925,1.09931282411,-0.0883325037205,1.6680711794340557,1.0987256057358172,-0.08726537980939017
29.25,-16.155163306724752,0.04213716444253822,3.10163213618434,1.680636285007803,1.076851197828077,-0.06606104958515514,1.9808383176777338,0.27608626976722944,-0.007478694114774256,DEPTH_PROPOSAL_CERTIFIED,0.9564683307647528,0,32,0,0,100,FULL_MOTION_CERTIFICATE,0,0,0,104,0,0,0,0,0,,29.316666666,1.98079089623,0.27642565062,-0.00750233981109,0.832633699721,0.551500765865,-0.0506757075769,0.990395448114,0.13821282531,-0.00375116990554,1.66750214352,1.09959227165,-0.0893187848502,1.667873651203708,1.0990270665113802,-0.08833250372046632
29.266666666666666,-16.12716904689973,0.06011303600512753,3.1005017528638996,1.679655589501485,1.0785522937554204,-0.06782299922644729,1.9808858292789553,0.27574583425669047,-0.007454277423605121,DEPTH_PROPOSAL_CERTIFIED,0.9607483897087019,0,32,0,0,100,FULL_MOTION_CERTIFICATE,0,0,0,104,0,0,0,0,0,,29.333333333,1.98083831768,0.276086269767,-0.00747869411477,0.832633699721,0.551500765865,-0.0506757075769,0.990419158839,0.138043134884,-0.00373934705739,1.66733284472,1.09985054893,-0.0902303477702,1.6676911043244071,1.099305664069012,-0.08931878485021268
29.283333333333335,-16.099190106754154,0.07811543640277052,3.0993430774367114,1.678736408734318,1.0801440238584104,-0.06952052563128007,1.9809334234419393,0.2754043938258471,-0.007429115156964615,DEPTH_PROPOSAL_CERTIFIED,0.9643226675843268,0,32,0,0,100,FULL_MOTION_CERTIFICATE,0,0,0,104,0,0,0,0,0,,29.35,1.98088582928,0.275745834257,-0.00745427742361,0.832633699721,0.551500765865,-0.0506757075769,0.990442914639,0.137872917128,-0.0037271387118,1.66717637159,1.10008925975,-0.0910728528919,1.6675224033748794,1.0995631311148848,-0.0902303477702365
29.3,-16.071225522555192,0.09614265630184221,3.0981571894751037,1.6778750519377659,1.081633193944363,-0.07115327769647904,1.9809810930374863,0.27506199513462715,-0.007403233115633953,DEPTH_PROPOSAL_CERTIFIED,0.9671938933822644,0,32,0,0,100,FULL_MOTION_CERTIFICATE,0,0,0,104,0,0,0,0,0,,29.366666666,1.98093342344,0.275404393826,-0.00742911515696,0.832633699721,0.551500765865,-0.0506757075769,0.990466711721,0.137702196913,-0.00371455757848,1.66703175249,1.10030988641,-0.09185153182,1.6673664990198296,1.0998010689929885,-0.09107285289190768
29.316666666666666,-16.04327438864725,0.11419309307433514,3.096945167354249,1.6770680344765763,1.083026206349638,-0.07272132725129118,1.981028831369638,0.274718681945054,-0.007376657279510961,DEPTH_PROPOSAL_CERTIFIED,0.9693652313197041,0,32,0,0,100,FULL_MOTION_CERTIFICATE,0,0,0,104,0,0,0,0,0,,29.383333333,1.98098109304,0.275061995135,-0.00740323311563,0.832633699721,0.551500765865,-0.0506757075769,0.990490546519,0.137530997567,-0.00370161655782,1.66689808938,1.10051379894,-0.0925712199657,1.6672224214500626,1.1000209576939932,-0.09185153182000044
29.333333333333332,-16.015335854183938,0.1322652444411947,3.0957080822375427,1.6763120677989096,1.0843290820116338,-0.07422510700238634,1.981076632150538,0.27437449529124175,-0.007349413633670261,DEPTH_PROPOSAL_CERTIFIED,0.9708402501981754,0,32,0,0,100,FULL_MOTION_CERTIFICATE,0,0,0,104,0,0,0,0,0,,29.4,1.98102883137,0.274718681945,-0.00737665727951,0.811794737509,0.580864307632,-0.0598828879676,0.990514415685,0.137359340973,-0.00368832863976,1.66582771679,1.10203724892,-0.0936898745884,1.6670892743313765,1.1002241650879812,-0.09257121996574831
29.35,-15.987410315227516,0.150359388262088,3.094446420394086,1.675532337385078,1.0856486292534286,-0.07569971060738859,1.9811244894765987,0.27402947364023744,-0.007321528019635541,DEPTH_PROPOSAL_CERTIFIED,0.9710744445832455,0,32,0,0,100,FULL_MOTION_CERTIFICATE,0,0,0,104,0,0,0,0,0,,29.416666666,1.98107663215,0.274374495291,-0.00734941363367,0.811794737509,0.580864307632,-0.0598828879676,0.990538316075,0.137187247646,-0.00367470681684,1.66381749851,1.104884132,-0.0951866718741,1.6660196263363312,1.1017471056033226,-0.09368987458841292
29.366666666666667,-15.959499324209803,0.16847745254693763,3.093160153801555,1.6746594610628602,1.0870838570910404,-0.07717599555183981,1.9811724040718905,0.2736836080655017,-0.007293011741017191,DEPTH_PROPOSAL_CERTIFIED,0.9700149795676971,0,32,0,0,100,FULL_MOTION_CERTIFICATE,0,0,0,104,0,0,0,0,0,,29.433333333,1.98112448948,0.27402947364,-0.00732152801964,0.811794737509,0.580864307632,-0.0598828879676,0.990562244738,0.13701473682,-0.00366076400982,1.66086121038,1.10906209221,-0.0970165820674,1.6640103699318032,1.1045936367099038,-0.09518667187414574
29.383333333333333,-15.931605510152234,0.1866229000524723,3.091848835963424,1.6736288434541924,1.0887268503321423,-0.0786790702878697,1.9812203827709676,0.27333684563722727,-0.007263863293751972,DEPTH_PROPOSAL_CERTIFIED,0.9683540316343948,0,32,0,0,100,FULL_MOTION_CERTIFICATE,0,0,0,104,0,0,0,0,0,,29.45,1.98117240407,0.273683608066,-0.00729301174102,0.811794737509,0.580864307632,-0.0598828879676,0.990586202036,0.136841804033,-0.00364650587051,1.65803759401,1.1130519804,-0.0987400058798,1.6610553086284452,1.1087713678735884,-0.09701658206743562
29.4,-15.903731135363483,0.2047986936154338,3.0905121886611617,1.672462487325195,1.0905476137777501,-0.08019883813574076,1.9812684380557997,0.27298909242803965,-0.0072340707244297085,DEPTH_PROPOSAL_CERTIFIED,0.9660907769242066,0,32,0,0,100,FULL_MOTION_CERTIFICATE,0,0,0,104,0,0,0,0,0,,29.466666666,1.98122038277,0.273336845637,-0.00726386329375,0.811794737509,0.580864307632,-0.0598828879676,0.990610191385,0.136668422819,-0.00363193164688,1.65542788813,1.11673960411,-0.100332867184,1.6582329425514244,1.1127609278141655,-0.09874000587976875
29.416666666666668,-15.875878020681041,0.22300718983913786,3.0891501196050504,1.6711868809462636,1.0925097734220746,-0.08172414336666167,1.9813165804958097,0.27264026779079176,-0.007203626264402834,DEPTH_PROPOSAL_CERTIFIED,0.9632241270162609,0,32,0,0,100,FULL_MOTION_CERTIFICATE,0,0,0,104,0,0,0,0,0,,29.483333333,1.98126843806,0.272989092428,-0.00723407072443,0.811794737509,0.580864307632,-0.0598828879676,0.990634219028,0.136494546214,-0.00361703536221,1.65301588709,1.1201478626,-0.10180505727,1.655624483123304,1.1164481210828299,-0.10033286718389373
29.433333333333334,-15.848047599384179,0.241250213954045,3.0877626958596673,1.6698252778118003,1.0945814468944903,-0.08324542472299468,1.9813648183651371,0.27229030721726205,-0.007172526780402756,DEPTH_PROPOSAL_CERTIFIED,0.9597527657691316,0,32,0,0,100,FULL_MOTION_CERTIFICATE,0,0,0,104,0,0,0,0,0,,29.5,1.9813165805,0.272640267791,-0.0072036262644,0.811794737509,0.580864307632,-0.0598828879676,0.990658290248,0.136320133895,-0.0036018131322,1.6507866134,1.12329791968,-0.103165717802,1.653213719571349,1.119855863257965,-0.10180505727025839
29.45,-15.820240965470932,0.259529126813414,3.086350120229083,1.6683980347949015,1.096734771562204,-0.08475453783507038,1.981413157930993,0.2719391603597879,-0.007140773119447409,DEPTH_PROPOSAL_CERTIFIED,0.9556751819596592,0,32,0,0,100,FULL_MOTION_CERTIFICATE,0,0,0,105,0,0,0,0,0,,29.516666666,1.98136481837,0.272290307217,-0.0071725267804,0.811794737509,0.580864307632,-0.0598828879676,0.990682409183,0.136145153609,-0.0035862633902,1.64872622421,1.1262093359,-0.104423297914,1.6509856699887344,1.1230053325083134,-0.10316571780239514
29.466666666666665,-15.79245891684438,0.2778448847869632,3.08491271030547,1.6669229175931717,1.0989454784130115,-0.08624459541678252,1.9814616037113435,0.27158678925962115,-0.007108369526189488,DEPTH_PROPOSAL_CERTIFIED,0.95098969812735,0,32,0,0,100,FULL_MOTION_CERTIFICATE,0,0,0,105,0,0,0,0,0,,29.533333333,1.98141315793,0.27193916036,-0.00714077311945,0.811794737509,0.580864307632,-0.0598828879676,0.990706578965,0.13596958018,-0.00357038655972,1.64682192499,1.12890019045,-0.105585606878,1.648926487732068,1.1259161019928658,-0.10442329791367179
29.483333333333334,-15.764701993902825,0.29619809324483065,3.0834508799128404,1.6654153764930555,1.1011925074718765,-0.08770982355778002,1.9815101587049468,0.2712331667620419,-0.007075323125494877,DEPTH_PROPOSAL_CERTIFIED,0.9456944960033504,0,32,0,0,100,FULL_MOTION_CERTIFICATE,0,0,0,105,0,0,0,0,0,,29.55,1.98146160371,0.27158678926,-0.00710836952619,0.811794737509,0.580864307632,-0.0598828879676,0.990730801856,0.13579339463,-0.00355418476309,1.64506189087,1.13138719238,-0.106659862131,1.6470233750716408,1.1286062619900252,-0.10558560687794656
29.5,-15.73697051398152,0.3145890542579598,3.0819651227038305,1.6638887952784607,1.1034576607878126,-0.08914543254060309,1.9815588245964642,0.27087827510010687,-0.007041643463719779,DEPTH_PROPOSAL_CERTIFIED,0.9397876388735087,0,32,0,0,100,FULL_MOTION_CERTIFICATE,0,0,0,105,0,0,0,0,0,,29.566666666,1.9815101587,0.271233166762,-0.00707532312549,0.811794737509,0.580864307632,-0.0598828879676,0.990755079352,0.135616583381,-0.00353766156275,1.64343519276,1.13368578493,-0.107652734349,1.6452645044604024,1.1310925312422337,-0.10665986213104549
29.516666666666666,-15.70926460205346,0.3330178090850802,3.0804559976895067,1.6623547156836838,1.1057252896272871,-0.09054750085943798,1.9816076019391082,0.27052210463064047,-0.007007342102790712,DEPTH_PROPOSAL_CERTIFIED,0.9332670911964027,0,32,0,0,100,FULL_MOTION_CERTIFICATE,0,0,0,105,0,0,0,0,0,,29.583333333,1.9815588246,0.2708782751,-0.00704164346372,0.811794737509,0.580864307632,-0.0598828879676,0.990779412298,0.13543913755,-0.00352082173186,1.64193172927,1.13581024182,-0.108570389033,1.6436389446274056,1.1333903614688772,-0.10765273434922482
29.533333333333335,-15.681584218058834,0.3514841759628932,3.078924116503246,1.660823039677284,1.1079820126686064,-0.09191287117563121,1.9816564903170715,0.27016465270753237,-0.006972432261725362,DEPTH_PROPOSAL_CERTIFIED,0.9261307357689446,0,32,0,0,100,FULL_MOTION_CERTIFICATE,0,0,0,105,0,0,0,0,0,,29.6,1.98160760194,0.270522104631,-0.00700734210279,0.811794737509,0.580864307632,-0.0598828879676,0.99080380097,0.135261052315,-0.0035036710514,1.64054216452,1.13777375499,-0.109418524422,1.6421365923992095,1.1355140337726959,-0.1085703890331858
29.55,-15.653929181196967,0.3699877836662895,3.077370132219453,1.6593022117121745,1.1102164622038404,-0.09323905702759218,1.9817054884897538,0.2698059226788051,-0.006936928500743407,DEPTH_PROPOSAL_CERTIFIED,0.9183763887058403,0,32,0,0,100,FULL_MOTION_CERTIFICATE,0,0,0,105,0,0,0,0,0,,29.616666666,1.98165649032,0.270164652708,-0.00697243226173,0.811794737509,0.580864307632,-0.0598828879676,0.990828245159,0.135082326354,-0.00348621613086,1.63925786992,1.13958851706,-0.110202407081,1.640748110537837,1.137476746533696,-0.10941852442151695
29.566666666666666,-15.626299191484497,0.3885281012632555,3.0757947295643806,1.6577993827482886,1.1124190558180238,-0.09452415930433482,1.9817545945196193,0.2694459229952128,-0.006900846443594803,DEPTH_PROPOSAL_CERTIFIED,0.9100018124736517,0,32,0,0,100,FULL_MOTION_CERTIFICATE,0,0,0,105,0,0,0,0,0,,29.633333333,1.98170548849,0.269805922679,-0.00693692850074,0.811794737509,0.580864307632,-0.0598828879676,0.990852744245,0.134902961339,-0.00346846425037,1.63807087028,1.14126579726,-0.110926904736,1.6394648693888787,1.1392906979110637,-0.1102024070805959
29.583333333333332,-15.598693848854976,0.4071044644487674,3.074198616372148,1.656320557771359,1.1145817911307787,-0.09576679153397528,1.98180380588534,0.26908466641923595,-0.0068642025341328445,DEPTH_PROPOSAL_CERTIFIED,0.9029971987695486,0,32,0,0,100,FULL_MOTION_CERTIFICATE,0,0,0,105,0,0,0,0,0,,29.65,1.98175459452,0.269445922995,-0.00690084644359,0.811794737509,0.580864307632,-0.0598828879676,0.99087729726,0.134722961498,-0.0034504232218,1.63697379486,1.14281601078,-0.111596516204,1.6382788930528138,1.140967161946389,-0.11092690473558987
29.6,-15.571112670048006,0.4257160988045064,3.0725825161538167,1.654870728418012,1.1166980613441628,-0.09696601309984869,1.9818531195817335,0.26872216932438603,-0.006827013823543461,DEPTH_PROPOSAL_CERTIFIED,0.9047534372763189,0,32,0,0,100,FULL_MOTION_CERTIFICATE,0,0,0,105,0,0,0,0,0,,29.666666666,1.98180380589,0.269084666419,-0.00686420253413,0.811794737509,0.580864307632,-0.0598828879676,0.990901902943,0.13454233321,-0.00343210126707,1.63595983128,1.14424878379,-0.112215399492,1.6371828103071835,1.1425165579474443,-0.11159651620350174
29.616666666666667,-15.543555103513617,0.4443621402994735,3.070947161659739,1.6534539920634264,1.1187624896980912,-0.0981212696446902,1.9819025322078347,0.26835845107571715,-0.006789297785001136,DEPTH_PROPOSAL_CERTIFIED,0.9065437831283489,0,32,0,0,100,FULL_MOTION_CERTIFICATE,0,0,0,105,0,0,0,0,0,,29.683333333,1.98185311958,0.268722169324,-0.00682701382354,0.811794737509,0.580864307632,-0.0598828879676,0.990926559791,0.134361084662,-0.00341350691177,1.63502268306,1.14557301347,-0.112787397719,1.6361698085374798,1.1439485156160178,-0.11221539949175756
29.633333333333333,-15.516021902460478,0.46304357880583746,3.0692926218208365,1.6519920631884528,1.1208863103818991,-0.09927239033415289,1.9819520400443444,0.26799353348326793,-0.0067510721528213895,DEPTH_PROPOSAL_CERTIFIED,0.9083692400154499,0,32,0,0,100,FULL_MOTION_CERTIFICATE,0,0,0,105,0,0,0,0,0,,29.7,1.98190253221,0.268358451076,-0.006789297785,0.811794737509,0.580864307632,-0.0598828879676,0.990951266104,0.134179225538,-0.0033946488925,1.63415653091,1.14679692272,-0.113316062746,1.6341565309137749,1.146796922724357,-0.11331606274559862
29.65,-15.48851095354629,0.48175735151540083,3.067620350072324,1.6506569348513698,1.1228263625738657,-0.10033630491077751,1.9820016461487513,0.267627388698324,-0.006712338054327336,DEPTH_PROPOSAL_CERTIFIED,0.9102302195377592,0,32,0,0,100,FULL_MOTION_CERTIFICATE,0,0,0,105,0,0,0,0,0,,29.716666666,1.98195204004,0.267993533483,-0.00675107215282,0.811794737509,0.580864307632,-0.0598828879676,0.990976020022,0.133996766742,-0.00337553607641,1.63335599641,1.14792811151,-0.113804677362,1.6343683691389548,1.146494999315859,-0.11331606274559862
29.666666666666668,-15.46102131301773,0.5005020550598634,3.065931072803039,1.6493784317133773,1.1246822126675826,-0.10135663615705465,1.9820513387852583,0.2672600975412581,-0.006673131334124763,DEPTH_PROPOSAL_CERTIFIED,0.9121272219948748,0,32,0,0,100,FULL_MOTION_CERTIFICATE,0,0,0,105,0,0,0,0,0,,29.733333333,1.98200164615,0.267627388698,-0.00671233805433,0.811794737509,0.580864307632,-0.0598828879676,0.991000823074,0.133813694349,-0.00335616902716,1.63261610841,1.14897360424,-0.114256275747,1.6337806934298706,1.1473235838109264,-0.1138046773616336
29.683333333333334,-15.433552567420811,0.5192770463681409,3.0642255081100296,1.648124735815142,1.126499478496708,-0.10233388158056975,1.9821011123197596,0.2668916964254335,-0.0066334696747339505,DEPTH_PROPOSAL_CERTIFIED,0.9140610889174496,0,32,0,0,100,FULL_MOTION_CERTIFICATE,0,0,0,105,0,0,0,0,0,,29.75,1.98205133879,0.267260097541,-0.00667313133412,0.80618951563,0.587664639962,-0.0686202289889,0.991025669393,0.133630048771,-0.00333656566706,1.63113683426,1.15090568985,-0.115909971957,1.6328296458566707,1.1486701216120387,-0.11425627574745462
29.7,-15.40610500032807,0.538082469634659,3.0625028018887672,1.646854025564613,1.1283253959911497,-0.10336237327573797,1.9821509638801762,0.26652220142753114,-0.00659337054247315,DEPTH_PROPOSAL_CERTIFIED,0.9160316111489226,0,32,0,0,100,FULL_MOTION_CERTIFICATE,0,0,0,106,0,0,0,0,0,,29.766666666,1.98210111232,0.266891696425,-0.00663346967473,0.80618951563,0.587664639962,-0.0686202289889,0.99105055616,0.133445848213,-0.00331673483737,1.62971578864,1.15275596175,-0.117525917803,1.6313513605081549,1.1506015894233397,-0.115909971956791
29.716666666666665,-15.378678800321076,0.5569183548125476,3.0607622124042133,1.6455720004197107,1.1301531106733804,-0.10443536907324551,1.9822008936307436,0.2661516070637157,-0.006552812135569916,DEPTH_PROPOSAL_CERTIFIED,0.9180386410212784,0,32,0,0,100,FULL_MOTION_CERTIFICATE,0,0,0,106,0,0,0,0,0,,29.783333333,1.98215096388,0.266522201428,-0.00659337054247,0.80618951563,0.587664639962,-0.0686202289889,0.99107548194,0.133261100714,-0.00329668527124,1.6284023979,1.15446606165,-0.119019443604,1.6299312936519033,1.1524512297965983,-0.11752591780283832
29.733333333333334,-15.35127400579595,0.5757845525750015,3.0590032086841408,1.6442876715072439,1.131971865747058,-0.10554022320432874,1.9822509013013365,0.2657799109615718,-0.006511775433600339,DEPTH_PROPOSAL_CERTIFIED,0.9200821490284146,0,32,0,0,100,FULL_MOTION_CERTIFICATE,0,0,0,106,0,0,0,0,0,,29.8,1.98220089363,0.266151607064,-0.00655281213557,0.80618951563,0.587664639962,-0.0686202289889,0.991100446815,0.133075803532,-0.00327640606778,1.62718850646,1.15604660852,-0.120399823508,1.6286188587751511,1.1541606776459221,-0.11901944360354193
29.75,-15.323890526639897,0.5946807613116734,3.057225442842473,1.6430087493632983,1.1337725242003738,-0.10666595050006059,1.9823009859441754,0.26540711564096153,-0.0064702466642158315,DEPTH_PROPOSAL_CERTIFIED,0.9221622091163657,0,32,0,0,100,FULL_MOTION_CERTIFICATE,0,0,0,106,0,0,0,0,0,,29.816666666,1.9822509013,0.265779910962,-0.0065117754336,0.80618951563,0.587664639962,-0.0686202289889,0.991125450651,0.132889955481,-0.0032558877168,1.62606657657,1.1575074169,-0.121675629099,1.6274058992071605,1.155740557330826,-0.12039982350798992
29.766666666666666,-15.296528163485075,0.6136065510633176,3.0554287253864136,1.6417417892894164,1.1355473850987239,-0.10780304736358719,1.9823511460384031,0.2650332277872386,-0.006428216619528588,DEPTH_PROPOSAL_CERTIFIED,0.9242789854939293,0,32,0,0,100,FULL_MOTION_CERTIFICATE,0,0,0,106,0,0,0,0,0,,29.833333333,1.98230098594,0.265407115641,-0.00647024666422,0.80618951563,0.587664639962,-0.0686202289889,0.991150492972,0.13270355782,-0.00323512333211,1.6250296413,1.15885755807,-0.122854782825,1.6262848763880557,1.1572006880585968,-0.12167562909861264
29.783333333333335,-15.269186624782826,0.6325613847039135,3.0536130032138615,1.6404923221346353,1.1372900184355748,-0.108943330353101,1.9824013795826394,0.2646582576062979,-0.006385680045753056,DEPTH_PROPOSAL_CERTIFIED,0.9264327208213117,0,32,0,0,100,FULL_MOTION_CERTIFICATE,0,0,0,106,0,0,0,0,0,,29.85,1.98235114604,0.265033227787,-0.00642821661953,0.80618951563,0.587664639962,-0.0686202289889,0.991175573019,0.132516613894,-0.00321410830976,1.62407126173,1.16010541581,-0.123944606722,1.6252488228463082,1.1585501451451516,-0.12285478282516712
29.8,-15.241865541917463,0.651544636649343,3.0517783400357934,1.6392649719219061,1.1389951167258356,-0.11007979068409068,1.9824516841767286,0.26428221825324316,-0.006342635098935779,DEPTH_PROPOSAL_CERTIFIED,0.9286237256475749,0,32,0,0,100,FULL_MOTION_CERTIFICATE,0,0,0,106,0,0,0,0,0,,29.866666666,1.98240137958,0.264658257606,-0.00638568004575,0.80618951563,0.587664639962,-0.0686202289889,0.991200689791,0.132329128803,-0.00319284002288,1.62318548673,1.1612587388,-0.124951868141,1.6242912993266108,1.1597973158670198,-0.12394460672216573
29.816666666666666,-15.214564482558886,0.6705556093462393,3.049924898982149,1.6380635615146533,1.1406583618138384,-0.11120646321867754,1.9825020570937946,0.2639051253272491,-0.0062990828602915725,DEPTH_PROPOSAL_CERTIFIED,0.9308523689786647,0,32,0,0,100,FULL_MOTION_CERTIFICATE,0,0,0,106,0,0,0,0,0,,29.883333333,1.98245168418,0.264282218253,-0.00634263509894,0.80618951563,0.587664639962,-0.0686202289889,0.991225842088,0.132141109127,-0.00317131754947,1.62236681584,1.16232468891,-0.125882821935,1.6234063545461668,1.1609499518874746,-0.1249518681406381
29.833333333333332,-15.187282962434457,0.6895935477701595,3.0480529271725496,1.636891207465895,1.1422763054352802,-0.11231830857595966,1.9825524953436093,0.263526996425873,-0.006255026905243594,DEPTH_PROPOSAL_CERTIFIED,0.9346916444058053,0,32,0,0,100,FULL_MOTION_CERTIFICATE,0,0,0,106,0,0,0,0,0,,29.9,1.98250205709,0.263905125327,-0.00629908286029,0.80618951563,0.587664639962,-0.0686202289889,0.991251028547,0.131952562664,-0.00314954143015,1.62161016548,1.16330988522,-0.126743248925,1.6225884880710422,1.1620152176168734,-0.1258828219348024
29.85,-15.160020455682492,0.7086576521396242,3.0461627420544284,1.6357504051176792,1.1438462621677035,-0.11341110708724834,1.982602995728173,0.2631478507527136,-0.006210472920819109,DEPTH_PROPOSAL_CERTIFIED,0.9403494083882984,0,32,0,0,100,FULL_MOTION_CERTIFICATE,0,0,0,106,0,0,0,0,0,,29.916666666,1.98255249534,0.263526996426,-0.00625502690524,0.80618951563,0.587664639962,-0.0686202289889,0.991276247672,0.131763498213,-0.00312751345262,1.62091083716,1.16422044538,-0.127538492003,1.621832616469449,1.1629997343032623,-0.12674324892496797
29.866666666666667,-15.132776403935049,0.7277470890333917,3.0442547193290905,1.6346431048466656,1.145366213626117,-0.11448136352027674,1.9826535548903366,0.26276770877291666,-0.006165428366570499,DEPTH_PROPOSAL_CERTIFIED,0.9460181623428485,0,32,0,0,100,FULL_MOTION_CERTIFICATE,0,0,0,106,0,0,0,0,0,,29.933333333,1.98260299573,0.263147850753,-0.00621047292082,0.80618951563,0.587664639962,-0.0686202289889,0.991301497864,0.131573925376,-0.00310523646041,1.62026448821,1.16506202378,-0.12827348944,1.6211340415402986,1.163909621418762,-0.12753849200322395
29.883333333333333,-15.105550224263164,0.7468610010802026,3.0423292823033488,1.6335707803132162,1.1468347228087181,-0.11552622154451654,1.9827041693561909,0.26238659191153435,-0.006119902174627,DEPTH_PROPOSAL_CERTIFIED,0.9516982221467858,0,32,0,0,100,FULL_MOTION_CERTIFICATE,0,0,0,106,0,0,0,0,0,,29.95,1.98265355489,0.262767708773,-0.00616542836657,0.80618951563,0.587664639962,-0.0686202289889,0.991326777445,0.131383854386,-0.00308271418329,1.6196671051,1.16583984623,-0.128952805252,1.6204884210051325,1.1647505348364542,-0.12827348944024294
29.9,-15.078341316104568,0.7659985153730083,3.0403868925204005,1.632534489515795,1.1482508575684112,-0.11654338697691158,1.982754835571907,0.26200452229022547,-0.006073904484900007,DEPTH_PROPOSAL_CERTIFIED,0.9573899225456863,0,32,0,0,100,FULL_MOTION_CERTIFICATE,0,0,0,106,0,0,0,0,0,,29.966666666,1.98270416936,0.262386591912,-0.00611990217463,0.80618951563,0.587664639962,-0.0686202289889,0.991352084678,0.131193295956,-0.00305995108731,1.61911497832,1.16655874269,-0.129580657706,1.6198917417872543,1.1655277016366672,-0.1289528052521317
29.916666666666668,-15.051149067282566,0.785158750745629,3.0384280415370357,1.631534929319849,1.1496141223570642,-0.11753105900186067,1.9828055499356094,0.26162152249824044,-0.006027446411855327,DEPTH_PROPOSAL_CERTIFIED,0.9630936118579916,0,32,0,0,100,FULL_MOTION_CERTIFICATE,0,0,0,106,0,0,0,0,0,,29.983333333,1.98275483557,0.26200452229,-0.0060739044849,0.80618951563,0.587664639962,-0.0686202289889,0.991377417786,0.131002261145,-0.00303695224245,1.61860467929,1.16722317734,-0.130160945617,1.6193402949293085,1.1662459527786277,-0.12958065770623756
29.933333333333334,-15.023972859214187,0.8043408240360252,3.036453243727137,1.6305724841028684,1.150924397423839,-0.11848786859393229,1.9828563088248423,0.2612376153940089,-0.005980539839592681,DEPTH_PROPOSAL_CERTIFIED,0.9693042184575285,0,32,0,0,100,FULL_MOTION_CERTIFICATE,0,0,0,106,0,0,0,0,0,,30,1.98280554994,0.261621522498,-0.00602744641186,0.80618951563,0.587664639962,-0.0686202289889,0.991402774968,0.130810761249,-0.00301372320593,1.61813303928,1.16783727603,-0.130697272322,1.6188306524557046,1.166909753238492,-0.13016094561720676
29.95,-14.996812071395587,0.8235438554477128,3.0344630300034403,1.6296472691161077,1.1521818847013163,-0.11941282342181012,1.9829071086201027,0.26085282393401227,-0.005933197242286616,DEPTH_PROPOSAL_CERTIFIED,0.9771208163209786,0,32,0,0,100,FULL_MOTION_CERTIFICATE,0,0,0,107,0,0,0,0,0,,30.016666666,1.98285630882,0.261237615394,-0.00598053983959,0.80618951563,0.587664639962,-0.0686202289889,0.991428154412,0.130618807697,-0.0029902699198,1.61769712959,1.16840485206,-0.131192968185,1.618359646277626,1.16752322948654,-0.1306972723219203
29.966666666666665,-14.969666085244567,0.8427669731101302,3.032457942359588,1.6287591690612182,1.1533870597451035,-0.12030525863115145,1.9829579457248887,0.2604671710259598,-0.005885431527336337,DEPTH_PROPOSAL_CERTIFIED,0.9847856584191017,0,32,0,0,100,FULL_MOTION_CERTIFICATE,0,0,0,107,0,0,0,0,0,,30.033333333,1.98290710862,0.260852823934,-0.00593319724229,0.80618951563,0.587664639962,-0.0686202289889,0.99145355431,0.130426411967,-0.00296659862114,1.61729424335,1.16892942994,-0.13165111136,1.6179243483915657,1.1680901952793064,-0.1311929681851163
29.983333333333334,-14.942534287371886,0.8620093169287466,3.0304385291441074,1.627907872360617,1.154540629116809,-0.12116479292882149,1.9830088165826563,0.2600806794035727,-0.005837255898817301,DEPTH_PROPOSAL_CERTIFIED,0.9922936536583866,0,32,0,0,100,FULL_MOTION_CERTIFICATE,0,0,0,107,0,0,0,0,0,,30.05,1.98295794572,0.260467171026,-0.00588543152734,0.80618951563,0.587664639962,-0.0686202289889,0.991478972862,0.130233585513,-0.00294271576367,1.61692187879,1.16941426707,-0.132074546719,1.6175220526132863,1.168614175451614,-0.13165111136039423
30.0,-14.915416072345721,0.8812700418060601,3.028405340986973,1.6270929015699915,1.1556434926388728,-0.12199128942805232,1.9830597176910385,0.25969337152054545,-0.005788683739061975,DEPTH_PROPOSAL_CERTIFIED,0.999639664313194,0,32,0,0,101,FULL_MOTION_CERTIFICATE,0,0,0,107,0,0,0,0,0,,30.066666666,1.98300881658,0.260080679404,-0.00583725589882,0.80618951563,0.587664639962,-0.0686202289889,0.991504408291,0.130040339702,-0.00291862794941,1.61657772369,1.16986237409,-0.132465903617,1.6171502579243597,1.1690984276080514,-0.13207454671866906
30.016666666666666,-14.888310845007346,0.9005483203069157,3.0263589273068736,1.6263136403025606,1.1566967100514016,-0.12278482080597164,1.9831106456136447,0.2593052694615107,-0.005739728506418016,DEPTH_PROPOSAL_CERTIFIED,1.0068185088048909,0,32,0,0,101,FULL_MOTION_CERTIFICATE,0,0,0,107,0,0,0,0,0,,30.083333333,1.98305971769,0.259693371521,-0.00578868373906,0.80618951563,0.587664639962,-0.0686202289889,0.991529858846,0.12984668576,-0.00289434186953,1.61625964092,1.17027653363,-0.132827612288,1.616806652839902,1.1695459624842532,-0.13246590361658797
30.033333333333335,-14.861218022390322,0.9198433448338837,3.0242998333344993,1.6255693570211904,1.157701471617905,-0.12354563834245519,1.9831615969897323,0.25891639486804147,-0.005690403647414296,DEPTH_PROPOSAL_CERTIFIED,1.0138249645435131,0,32,0,0,101,FULL_MOTION_CERTIFICATE,0,0,0,107,0,0,0,0,0,,30.1,1.98311064561,0.259305269462,-0.00573972850642,0.799384398202,0.599654605531,-0.0374023792783,0.991555322807,0.129652634731,-0.00286986425321,1.61561757076,1.17126509323,-0.131658675757,1.6164891009884743,1.1699595627292458,-0.132827612287553
30.05,-14.834137474640231,0.9391550943262224,3.022230495628016,1.6248328650054689,1.158704969540381,-0.12416026238901043,1.983212568542004,0.25852676887792514,-0.005640722521741402,DEPTH_PROPOSAL_CERTIFIED,1.0206558671172379,0,32,0,0,101,FULL_MOTION_CERTIFICATE,0,0,0,107,0,0,0,0,0,,30.116666666,1.98316159699,0.258916394868,-0.00569040364741,0.799384398202,0.599654605531,-0.0374023792783,0.991580798495,0.129458197434,-0.00284520182371,1.61466428855,1.1728109699,-0.128950154287,1.6158476624136646,1.1709476441945892,-0.13165867575698487
30.066666666666666,-14.807069474545367,0.9584842530801135,3.020155110078227,1.6240800056919076,1.159749525233535,-0.12452313298736188,1.9832635595976487,0.258136391720557,-0.005590746064192673,DEPTH_PROPOSAL_CERTIFIED,1.027310031258328,0,32,0,0,102,FULL_MOTION_CERTIFICATE,0,0,0,107,0,0,0,0,0,,30.133333333,1.98321256854,0.258526768878,-0.00564072252174,0.799384398202,0.599654605531,-0.0374023792783,0.991606284271,0.129263384439,-0.00282036126087,1.61346008457,1.17481841245,-0.124848230286,1.6148951220664607,1.172493104690014,-0.12895015428724987
30.083333333333332,-14.780014590918451,0.9778320363807407,3.0180793140520503,1.623293017615022,1.1608669980376964,-0.12454776157060907,1.9833145718043508,0.25774524485764233,-0.005540579554431624,DEPTH_PROPOSAL_CERTIFIED,1.034285435912366,0,32,0,0,102,FULL_MOTION_CERTIFICATE,0,0,0,107,0,0,0,0,0,,30.15,1.9832635596,0.258136391721,-0.00559074606419,0.799384398202,0.599654605531,-0.0374023792783,0.991631779799,0.12906819586,-0.0027953730321,1.61234710817,1.17667377602,-0.12105705811,1.613691763077016,1.1745001662484658,-0.1248482302862247
30.1,-14.752973234305605,0.9971993753722748,3.016007925479738,1.622481396770549,1.1620403394918666,-0.12428331433872,1.9833656085377764,0.2573532956171379,-0.005490364703159206,DEPTH_PROPOSAL_CERTIFIED,1.041402316224163,0,32,0,0,102,FULL_MOTION_CERTIFICATE,0,0,0,107,0,0,0,0,0,,30.166666666,1.9833145718,0.257745244858,-0.00554057955443,0.799384398202,0.599654605531,-0.0374023792783,0.991657285902,0.128872622429,-0.00277028977722,1.61131844823,1.17838858164,-0.117553096162,1.6125796224679805,1.1763551052327386,-0.12105705810967404
30.116666666666667,-14.725945677705287,1.0165869531398108,3.0139450346576484,1.621653396019236,1.1632546660522354,-0.12377344932536855,1.9834166722434923,0.256960518839786,-0.005440222802237163,DEPTH_PROPOSAL_CERTIFIED,1.0485098404784046,0,32,0,0,102,FULL_MOTION_CERTIFICATE,0,0,0,107,0,0,0,0,0,,30.183333333,1.98336560854,0.257353295617,-0.00549036470316,0.799384398202,0.599654605531,-0.0374023792783,0.991682804269,0.128676647809,-0.00274518235158,1.61036771701,1.17997347784,-0.114314585673,1.6115517868532179,1.1780694500887363,-0.11755309616248036
30.133333333333333,-14.69893207505625,1.0359952369551082,3.011894086845221,1.6208161589422878,1.1644970289179135,-0.12305686874564553,1.9834677645584944,0.25656689592935145,-0.005390256998220729,DEPTH_PROPOSAL_CERTIFIED,1.055611605886786,0,32,0,0,102,FULL_MOTION_CERTIFICATE,0,0,0,107,0,0,0,0,0,,30.2,1.98341667224,0.25696051884,-0.00544022280224,0.799384398202,0.599654605531,-0.0374023792783,0.991708336122,0.12848025942,-0.00272011140112,1.60948901089,1.18143830614,-0.111321416892,1.6106018666035178,1.1796538558791863,-0.11431458567302417
30.15,-14.671932477713293,1.0554245070594723,3.0098579565225076,1.6199758405775462,1.1657562062619184,-0.12216781936281043,1.983518886419541,0.25617241400341206,-0.005340554339127205,DEPTH_PROPOSAL_CERTIFIED,1.0627106679163867,0,32,0,0,102,FULL_MOTION_CERTIFICATE,0,0,0,107,0,0,0,0,0,,30.216666666,1.98346776456,0.256566895929,-0.00539025699822,0.799384398202,0.599654605531,-0.0374023792783,0.991733882279,0.128283447965,-0.00269512849911,1.60867687346,1.18279216252,-0.108555003493,1.6097239565276986,1.1811181698587796,-0.1113214168922215
30.166666666666668,-14.64494684910974,1.0748748823238974,3.0078390140986198,1.6191377162128904,1.1670225158653142,-0.1211365454332493,1.9835700381596213,0.2557770651349594,-0.005291187615676965,DEPTH_PROPOSAL_CERTIFIED,1.0698095984910492,0,32,0,0,102,FULL_MOTION_CERTIFICATE,0,0,0,107,0,0,0,0,0,,30.233333333,1.98351888642,0.256172414003,-0.00534055433913,0.799384398202,0.599654605531,-0.0374023792783,0.99175944321,0.128086207002,-0.00267027716956,1.60792626155,1.1840434541,-0.105998166704,1.6089125989640904,1.1824714930267397,-0.1085550034926056
30.183333333333334,-14.617975077787102,1.0943463430946823,3.0058391857892897,1.618306279358366,1.1682876462471652,-0.1199896985598134,1.9836212195937515,0.2553808456759272,-0.0052422170163897094,DEPTH_PROPOSAL_CERTIFIED,1.076910538725833,0,32,0,0,103,FULL_MOTION_CERTIFICATE,0,0,0,107,0,0,0,0,0,,30.25,1.98357003816,0.255777065135,-0.00529118761568,0.799384398202,0.599654605531,-0.0374023792783,0.99178501908,0.127888532567,-0.00264559380784,1.60723251417,1.18519995086,-0.103635029676,1.608162749733167,1.1837222369057463,-0.10599816670389461
30.2,-14.591016988954696,1.1138387515031702,3.003860007314409,1.6174853299444882,1.1695445045093413,-0.1187507084928411,1.9836724300951747,0.2549837556545957,-0.00519369161415631,DEPTH_PROPOSAL_CERTIFIED,1.0840152466653918,0,32,0,0,104,FULL_MOTION_CERTIFICATE,0,0,0,108,0,0,0,0,0,,30.266666666,1.98362121959,0.255380845676,-0.00524221701639,0.799384398202,0.599654605531,-0.0374023792783,0.991810609797,0.127690422838,-0.00262110850819,1.60659132346,1.18626883417,-0.101450918315,1.6074697470951784,1.1848781753078899,-0.10363502967577815
30.216666666666665,-14.564072354727507,1.1333518694929916,3.0019026720089452,1.6166780536313539,1.1707870793893487,-0.11744011832783215,1.9837236686629471,0.25458579823958966,-0.005145650700260443,DEPTH_PROPOSAL_CERTIFIED,1.09112514046252,0,32,0,0,104,FULL_MOTION_CERTIFICATE,0,0,0,108,0,0,0,0,0,,30.283333333,1.9836724301,0.254983755655,-0.00519369161416,0.799384398202,0.599654605531,-0.0374023792783,0.991836215048,0.127491877827,-0.00259684580708,1.60599870776,1.18725674153,-0.0994322698078,1.6068292826111126,1.18594649292544,-0.10145091831472194
30.233333333333334,-14.537140903176285,1.152885374794388,2.999968073885956,1.6158870930731295,1.1720103180835921,-0.11607588737934665,1.9837749339817776,0.25418697926384487,-0.005098124980421649,DEPTH_PROPOSAL_CERTIFIED,1.0982413373974986,0,32,0,0,104,FULL_MOTION_CERTIFICATE,0,0,0,108,0,0,0,0,0,,30.3,1.98372366866,0.25458579824,-0.00514565070026,0.799384398202,0.599654605531,-0.0374023792783,0.991861834331,0.12729289912,-0.00257282535013,1.60545098719,1.18816980742,-0.0975665492212,1.6062373742627942,1.186933830153361,-0.09943226980782652
30.25,-14.510222326310835,1.1724388750526877,2.9980568461394292,1.6151146119271067,1.173210015498059,-0.11467366479160673,1.983826224474915,0.2537873068025354,-0.00505113764609495,DEPTH_PROPOSAL_CERTIFIED,1.1053646891051092,0,32,0,0,104,FULL_MOTION_CERTIFICATE,0,0,0,108,0,0,0,0,0,,30.316666666,1.98377493398,0.254186979264,-0.00509812498042,0.799384398202,0.599654605531,-0.0374023792783,0.991887466991,0.127093489632,-0.00254906249021,1.60494476064,1.1890137016,-0.0958421712095,1.6056903419456292,1.1878463239545545,-0.09756654922117869
30.266666666666666,-14.483316287106323,1.1920119202992712,2.996169395531264,1.6143623522708226,1.174382714795078,-0.1132470364899325,1.983877538350802,0.25338679079954474,-0.005004705333014154,DEPTH_PROPOSAL_CERTIFIED,1.1124958133473584,0,32,0,0,104,FULL_MOTION_CERTIFICATE,0,0,0,108,0,0,0,0,0,,30.333333333,1.98382622447,0.253787306803,-0.00505113764609,0.799384398202,0.599654605531,-0.0374023792783,0.991913112237,0.126893653401,-0.00252556882305,1.60447688455,1.18979366446,-0.0942484277948,1.6051847844641571,1.188689646218712,-0.09584217120950583
30.283333333333335,-14.456422425671956,1.2116040139351916,2.9943059330653896,1.6136316860617674,1.175525618155034,-0.11180774795242504,1.9839288736441327,0.25298544273754764,-0.004958838977905533,DEPTH_PROPOSAL_CERTIFIED,1.1143058976419955,0,32,0,0,104,FULL_MOTION_CERTIFICATE,0,0,0,108,0,0,0,0,0,,30.35,1.98387753835,0.2533867908,-0.00500470533301,0.799384398202,0.599654605531,-0.0374023792783,0.991938769175,0.1266933954,-0.00250235266651,1.60404445362,1.19051453921,-0.0927754225201,1.6047175583112958,1.1894690391464944,-0.094248427794837
30.3,-14.429540364651409,1.231214622380899,2.9924665013134457,1.6129236612329099,1.1766365067425126,-0.11036590511663973,1.9839802282519061,0.2525832753472451,-0.004913544583287439,DEPTH_PROPOSAL_CERTIFIED,1.1124664659996901,0,32,0,0,104,FULL_MOTION_CERTIFICATE,0,0,0,108,0,0,0,0,0,,30.366666666,1.98392887364,0.252985442738,-0.00495883897791,0.799384398202,0.599654605531,-0.0374023792783,0.991964436822,0.126492721369,-0.00247941948895,1.60364478264,1.19118080221,-0.0914140086379,1.6042857583208474,1.190189347509754,-0.09277542252005784
30.316666666666666,-14.402669713936072,1.2508431835313927,2.9906509987237224,1.6122390429203033,1.1777136690296899,-0.10893015538340124,1.984031599964987,0.25218030235173233,-0.0048688238993261435,DEPTH_PROPOSAL_CERTIFIED,1.110650963518179,0,32,0,0,104,FULL_MOTION_CERTIFICATE,0,0,0,108,0,0,0,0,0,,30.383333333,1.98398022825,0.252583275347,-0.00491354458329,0.799384398202,0.599654605531,-0.0374023792783,0.991990114126,0.126291637674,-0.00245677229164,1.60327538973,1.19179659077,-0.0901557320914,1.6038866995065033,1.1908550489332541,-0.09141400863789073
30.333333333333332,-14.375810074764436,1.2704891141424905,2.9888592012139132,1.6115783502982415,1.178755836665935,-0.10750785058855405,1.9840829864956626,0.25177653824234425,-0.004824675030918077,DEPTH_PROPOSAL_CERTIFIED,1.1088591661151697,0,32,0,0,104,FULL_MOTION_CERTIFICATE,0,0,0,108,0,0,0,0,0,,30.4,1.98403159996,0.252180302352,-0.00486882389933,0.799384398202,0.599654605531,-0.0374023792783,0.992015799982,0.126090151176,-0.00243441194966,1.60293398114,1.19236572868,-0.0889927795276,1.6035179003090867,1.1914702818281258,-0.09015573209141722
30.35,-14.348961748614817,1.2901528931290798,2.9870921384529567,1.61089956897684,1.179826739195166,-0.10602376565738121,1.9841343855016125,0.2513719980826836,-0.004781092977405118,DEPTH_PROPOSAL_CERTIFIED,1.107092103459538,0,32,0,0,104,FULL_MOTION_CERTIFICATE,0,0,0,108,0,0,0,0,0,,30.416666666,1.9840829865,0.251776538242,-0.00482467503092,0.799384398202,0.599654605531,-0.0374023792783,0.992041493248,0.125888269121,-0.00241233751546,1.60261843686,1.19289175005,-0.0879179294971,1.6026184368557437,1.1928917500517822,-0.08791792949707566
30.366666666666667,-14.322123570786605,1.3098327549290172,2.985347936596243,1.6102906696927957,1.180791707996316,-0.10465211140281269,1.9841857982023487,0.2509666682616576,-0.004738104446932608,DEPTH_PROPOSAL_CERTIFIED,1.1053479017067875,0,32,0,0,104,FULL_MOTION_CERTIFICATE,0,0,0,108,0,0,0,0,0,,30.433333333,1.9841343855,0.251371998083,-0.00478109297741,0.799384398202,0.599654605531,-0.0374023792783,0.992067192751,0.125685999041,-0.0023905464887,1.60232679742,1.19337792135,-0.0869245074363,1.602862098427456,1.1925643273703446,-0.08791792949707566
30.383333333333333,-14.295295140018135,1.329528094328868,2.983626118077871,1.6097058461082523,1.1817203639911262,-0.10330911110231665,1.9842372183294146,0.2505605957611198,-0.004695662698706537,DEPTH_PROPOSAL_CERTIFIED,1.1036260832910434,0,32,0,0,104,FULL_MOTION_CERTIFICATE,0,0,0,108,0,0,0,0,0,,30.45,1.9841857982,0.250966668262,-0.00473810444693,0.812915434201,0.582380851881,-0.00101990252158,0.992092899101,0.125483334131,-0.00236905222347,1.6025751902,1.19317243825,-0.084514131813,1.6025709983768237,1.1930499671278139,-0.08692450743626402
30.4,-14.268475403778043,1.3492374785401953,2.9819280305939553,1.6091841744056248,1.1825630526797002,-0.10188524903494545,1.9842886435117209,0.2501537962593876,-0.0046537562710818325,DEPTH_PROPOSAL_CERTIFIED,1.1019279959083415,0,32,0,0,104,FULL_MOTION_CERTIFICATE,0,0,0,108,0,0,0,0,0,,30.466666666,1.98423721833,0.250560595761,-0.00469566269871,0.812915434201,0.582380851881,-0.00101990252158,0.992118609165,0.125280297881,-0.00234783134935,1.60337653018,1.19225564159,-0.0807015938178,1.6028197796335677,1.1928438546803017,-0.08451413181301573
30.416666666666668,-14.241662691320322,1.3689586850915885,2.9802566901494547,1.6087627474629853,1.1832723930834017,-0.10028042667001355,1.98434006842379,0.24974630814025672,-0.00461241999176068,DEPTH_PROPOSAL_CERTIFIED,1.1002566555634608,0,32,0,0,104,FULL_MOTION_CERTIFICATE,0,0,0,108,0,0,0,0,0,,30.483333333,1.98428864351,0.250153796259,-0.00465375627108,0.812915434201,0.582380851881,-0.00101990252158,0.992144321756,0.12507689813,-0.00232687813554,1.60475388339,1.19059232777,-0.0755147561295,1.6036213387627833,1.1919263460085576,-0.08070159381784764
30.433333333333334,-14.21485473142145,1.3886887172196152,2.9786166194909907,1.6084775939323823,1.1838019276816703,-0.09840423950784978,1.984391484951131,0.24933819147571867,-0.004571731079504958,DEPTH_PROPOSAL_CERTIFIED,1.0986165850027525,0,32,0,0,104,FULL_MOTION_CERTIFICATE,0,0,0,108,0,0,0,0,0,,30.5,1.98434006842,0.24974630814,-0.00461241999176,0.812915434201,0.582380851881,-0.00101990252158,0.992170034212,0.12487315407,-0.00230620999588,1.60635062471,1.18863546228,-0.0699484718449,1.604998720859026,1.1902622497805457,-0.07551475612945041
30.45,-14.188049148054299,1.408424434567418,2.9770124778321008,1.608335002029162,1.1841430408682307,-0.09624849953338564,1.9844428822777251,0.24892952761699552,-0.0045318051209396375,DEPTH_PROPOSAL_CERTIFIED,1.0970124434394766,0,32,0,0,104,FULL_MOTION_CERTIFICATE,0,0,0,109,0,0,0,0,0,,30.516666666,1.98439148495,0.249338191476,-0.0045717310795,0.812915434201,0.582380851881,-0.00101990252158,0.992195742476,0.124669095738,-0.00228586553975,1.60782640069,1.18682684428,-0.0648038760809,1.606595380809873,1.18830462174427,-0.0699484718449216
30.466666666666665,-14.161243897955027,1.428163121982927,2.9754480389806006,1.6083150059564408,1.1843212449306084,-0.09386633109001381,1.9844942491537219,0.24852040192178915,-0.004492761337747184,DEPTH_PROPOSAL_CERTIFIED,1.0954480046812245,0,32,0,0,104,FULL_MOTION_CERTIFICATE,0,0,0,109,0,0,0,0,0,,30.533333333,1.98444288228,0.248929527617,-0.00453180512094,0.812915434201,0.582380851881,-0.00101990252158,0.992221441139,0.124464763808,-0.00226590256047,1.60919037554,1.18515524269,-0.0600490221193,1.6080710538692413,1.186495334491616,-0.0648038760808757
30.483333333333334,-14.134437233836517,1.4479024431118126,2.973926298751538,1.6083998471104002,1.1843592677329493,-0.09130441374374614,1.9845455759051602,0.24811088817949395,-0.004454696627074753,DEPTH_PROPOSAL_CERTIFIED,1.0939262645428647,0,32,0,0,104,FULL_MOTION_CERTIFICATE,0,0,0,109,0,0,0,0,0,,30.55,1.98449424915,0.248520401922,-0.00449276133775,0.812915434201,0.582380851881,-0.00101990252158,0.992247124577,0.124260200961,-0.00224638066887,1.61045101897,1.18361027759,-0.0556543843741,1.6094349091887044,1.184823145921508,-0.0600490221192857
30.5,-14.10762767126646,1.4676403985821922,2.972449571185821,1.6085737542034253,1.1842773282228445,-0.08860365394301638,1.9845968542562886,0.24770104986971597,-0.00441768825110655,DEPTH_PROPOSAL_CERTIFIED,1.0924495370651672,0,32,0,0,104,FULL_MOTION_CERTIFICATE,0,0,0,109,0,0,0,0,0,,30.566666666,1.98454557591,0.248110888179,-0.00445469662707,0.812915434201,0.582380851881,-0.00101990252158,0.992272787953,0.12405544409,-0.00222734831354,1.61161615903,1.18218235539,-0.0515926739812,1.6106954207383304,1.1832776661995652,-0.05565438437411138
30.516666666666666,-14.080813958865495,1.487375288351317,2.9710195746554096,1.6088227440579979,1.184093386147557,-0.08579979182469752,1.9846480771699129,0.2472909412967043,-0.004381796247904998,DEPTH_PROPOSAL_CERTIFIED,1.0910195406199907,0,32,0,0,104,FULL_MOTION_CERTIFICATE,0,0,0,109,0,0,0,0,0,,30.583333333,1.98459685426,0.24770104987,-0.00441768825111,0.812915434201,0.582380851881,-0.00101990252158,0.992298427128,0.123850524935,-0.00220884412555,1.61269303097,1.18086260903,-0.0478386686835,1.611860420283784,1.1818492928290496,-0.051592673981205386
30.533333333333335,-14.053995051512256,1.5071056778232332,2.9696375088360347,1.609134441194035,1.1838233683147992,-0.08292394916248869,1.9846992387040627,0.24688060861126165,-0.00434706559028571,DEPTH_PROPOSAL_CERTIFIED,1.0896374748829931,0,32,0,0,104,FULL_MOTION_CERTIFICATE,0,0,0,109,0,0,0,0,0,,30.6,1.98464807717,0.247290941297,-0.0043817962479,0.812915434201,0.582380851881,-0.00101990252158,0.992324038585,0.123645470648,-0.00219089812395,1.61368832171,1.17964284345,-0.0443690577323,1.6129371462536874,1.180529150755153,-0.04783866868354677
30.55,-14.027170086271274,1.5268303673828232,2.9683041234351326,1.6094979144590151,1.1834813735754643,-0.08000312405414181,1.9847503338834336,0.2464700907306659,-0.004313528117033274,DEPTH_PROPOSAL_CERTIFIED,1.088304089561567,0,32,0,0,104,FULL_MOTION_CERTIFICATE,0,0,0,109,0,0,0,0,0,,30.616666666,1.9846992387,0.246880608611,-0.00434706559029,0.812915434201,0.582380851881,-0.00101990252158,0.992349619352,0.123440304306,-0.00217353279514,1.61460821157,1.17851548443,-0.0411622962932,1.613932288291773,1.17930903775558,-0.04436905773230775
30.566666666666666,-14.000338360784564,1.5465483650227212,2.967019779483423,1.609903529202668,1.1830798583939448,-0.07706063710255694,1.9848013585841768,0.24605942016615384,-0.0042812042584656805,DEPTH_PROPOSAL_CERTIFIED,1.0870197456864106,0,32,0,0,104,FULL_MOTION_CERTIFICATE,0,0,0,109,0,0,0,0,0,,30.633333333,1.98475033388,0.246470090731,-0.00431352811703,0.812915434201,0.582380851881,-0.00101990252158,0.992375166942,0.123235045365,-0.00215676405852,1.61545841286,1.17747353133,-0.0381984711392,1.6148520290752346,1.1781813731794069,-0.04116229629321922
30.583333333333332,-13.973499313891685,1.5662588617690159,2.9657845039230817,1.6103428135728735,1.182629804777744,-0.07411653362048778,1.9848523094307597,0.24564862376668883,-0.004250104576404746,DEPTH_PROPOSAL_CERTIFIED,1.0887823061638529,0,32,0,0,104,FULL_MOTION_CERTIFICATE,0,0,0,109,0,0,0,0,0,,30.65,1.98480135858,0.246059420166,-0.00428120425847,0.812915434201,0.582380851881,-0.00101990252158,0.992400679292,0.123029710083,-0.00214060212923,1.61624420497,1.17651051407,-0.0354591781984,1.6157020828893796,1.1771391506600923,-0.03819847113924195
30.6,-13.94665250826493,1.5859612096393356,2.9645980381549397,1.6108083376049465,1.182140872218995,-0.07118794608851021,1.9849031837037145,0.24523772338694258,-0.004220231136747765,DEPTH_PROPOSAL_CERTIFIED,1.0906366417909645,0,32,0,0,104,FULL_MOTION_CERTIFICATE,0,0,0,109,0,0,0,0,0,,30.666666666,1.98485230943,0.245648623767,-0.0042501045764,0.812915434201,0.582380851881,-0.00101990252158,0.992426154715,0.122824311883,-0.0021250522882,1.61697046732,1.17562045272,-0.0329274076061,1.6164877307962349,1.1761758950022576,-0.035459178198389965
30.616666666666667,-13.919797614865404,1.6056549018903241,2.963459881147508,1.611293603971656,1.181621535059382,-0.06828942044590229,1.9849539792572077,0.24482673648667685,-0.004191578731093481,DEPTH_PROPOSAL_CERTIFIED,1.0925438049680989,0,32,0,0,104,FULL_MOTION_CERTIFICATE,0,0,0,109,0,0,0,0,0,,30.683333333,1.9849031837,0.245237723387,-0.00422023113675,0.812915434201,0.582380851881,-0.00101990252158,0.992451591852,0.122618861693,-0.00211011556837,1.61764170984,1.1747978202,-0.0305874376682,1.6172138536455134,1.1752856217121017,-0.03292740760608345
30.633333333333333,-13.892934399043462,1.6253395553339973,2.962369327653685,1.6117929493166268,1.1810792066204534,-0.06543320962940638,1.9850046944454736,0.24441567666808578,-0.004164135962404009,DEPTH_PROPOSAL_CERTIFIED,1.094502888895275,0,32,0,0,104,FULL_MOTION_CERTIFICATE,0,0,0,109,0,0,0,0,0,,30.7,1.98495397926,0.244826736487,-0.00419157873109,0.812915434201,0.582380851881,-0.00101990252158,0.992476989629,0.122413368243,-0.00209578936555,1.61826210065,1.17403750834,-0.0284247381836,1.6178849625252676,1.1744627996655241,-0.030587437668154176
30.65,-13.866062708124035,1.6450148945231895,2.9613255020278486,1.6123014551656685,1.1805203513515954,-0.0626295375501798,1.9850553280572174,0.24400455415704983,-0.004137886208276853,DEPTH_PROPOSAL_CERTIFIED,1.0965128129353456,0,32,0,0,104,FULL_MOTION_CERTIFICATE,0,0,0,109,0,0,0,0,0,,30.716666666,1.98500469445,0.244415676668,-0.0041641359624,0.812915434201,0.582380851881,-0.00101990252158,0.992502347223,0.122207838334,-0.0020820679812,1.61883549212,1.1733347959,-0.0264258796923,1.6185052265239765,1.1737023170715257,-0.028424738183613435
30.666666666666668,-13.83918246033134,1.664680737624218,2.9603273880912266,1.6128148675614216,1.1799505860615347,-0.05988683619731136,1.9851058792572054,0.2435933762337014,-0.004112808474084953,DEPTH_PROPOSAL_CERTIFIED,1.0985723547979767,0,32,0,0,104,FULL_MOTION_CERTIFICATE,0,0,0,109,0,0,0,0,0,,30.733333333,1.98505532806,0.244004554157,-0.00413788620828,0.812915434201,0.582380851881,-0.00101990252158,0.992527664029,0.122002277079,-0.00206894310414,1.61936544488,1.17268531921,-0.0245784497577,1.6190784987896096,1.1729994495227967,-0.02642587969232199
30.683333333333334,-13.81229363492122,1.6843369838116844,2.9593738554506146,1.613329524607352,1.17937477124805,-0.057211958436735676,1.9851563475343137,0.24318214761721324,-0.004088878147134916,DEPTH_PROPOSAL_CERTIFIED,1.1006801787985732,0,32,0,0,104,FULL_MOTION_CERTIFICATE,0,0,0,109,0,0,0,0,0,,30.75,1.98510587926,0.243593376234,-0.00411280847408,0.812915434201,0.582380851881,-0.00101990252158,0.992552939629,0.121796688117,-0.00205640423704,1.6198552497,1.1720850453,-0.0228709766391,1.6196083405677046,1.172349830523537,-0.024578449757710293
30.7,-13.78539626340187,1.7039836020362351,2.9584636826355046,1.6138422911611232,1.178797093473115,-0.05461036890661387,1.9852067326553864,0.24277087080927595,-0.00406606766193324,DEPTH_PROPOSAL_CERTIFIED,1.102834860604654,0,32,0,0,104,FULL_MOTION_CERTIFICATE,0,0,0,110,0,0,0,0,0,,30.766666666,1.98515634753,0.243182147617,-0.00408887814713,0.812915434201,0.582380851881,-0.00101990252158,0.992578173767,0.121591073809,-0.00204443907357,1.62030794807,1.17153024672,-0.021292857642,1.620098043117131,1.1717494246189057,-0.022870976639125885
30.716666666666665,-13.75849042173464,1.7236206210293454,2.9575955773851224,1.6143505000338871,1.1782211395866875,-0.05208631502292742,1.9852570346243064,0.24235954640029567,-0.004044347085657582,DEPTH_PROPOSAL_CERTIFIED,1.1050349088434184,0,32,0,0,104,FULL_MOTION_CERTIFICATE,0,0,0,110,0,0,0,0,0,,30.783333333,1.98520673266,0.242770870809,-0.00406606766193,0.812915434201,0.582380851881,-0.00101990252158,0.992603366328,0.121385435405,-0.00203303383097,1.62072635114,1.1710174783,-0.019834293022,1.6205506482816077,1.1711945021722718,-0.021292857641950883
30.733333333333334,-13.731576223416607,1.7432481204220958,2.9567681943847415,1.6148518990817657,1.1776499635648334,-0.04964298002285396,1.985307253645756,0.24194817334199234,-0.004023684632099307,DEPTH_PROPOSAL_CERTIFIED,1.1072787839072973,0,32,0,0,104,FULL_MOTION_CERTIFICATE,0,0,0,110,0,0,0,0,0,,30.8,1.98525703462,0.2423595464,-0.00404434708566,0.815324796993,0.578811722313,0.014915278148,0.992628517312,0.1211797732,-0.00202217354283,1.62137805951,1.17015342606,-0.016763293503,1.6209689674658845,1.1706816160982148,-0.01983429302196278
30.75,-13.704653478859298,1.7628657302090989,2.9559823261400675,1.6153646734386737,1.1770565872202494,-0.04715209468044272,1.985357390093176,0.241536749189727,-0.004004047111546275,DEPTH_PROPOSAL_CERTIFIED,1.109567089027927,0,32,0,0,104,FULL_MOTION_CERTIFICATE,0,0,0,110,0,0,0,0,0,,30.816666666,1.98530725365,0.241948173342,-0.0040236846321,0.815324796993,0.578811722313,0.014915278148,0.992653626823,0.120974086671,-0.00201184231605,1.62208044846,1.16920418508,-0.0132334565382,1.6216205205929528,1.1698173958163234,-0.016763293503023753
30.766666666666666,-13.677721948875964,1.7824730008509502,2.9552392844587043,1.6158917990001223,1.1764362385111453,-0.04458250088179017,1.9854074427397337,0.24112528373187603,-0.003985455920456581,DEPTH_PROPOSAL_CERTIFIED,1.111900937073842,0,32,0,0,104,FULL_MOTION_CERTIFICATE,0,0,0,110,0,0,0,0,0,,30.833333333,1.98535739009,0.24153674919,-0.00400404711155,0.815324796993,0.578811722313,0.014915278148,0.992678695047,0.120768374595,-0.00200202355577,1.62272962616,1.16832685624,-0.00997103125826,1.6223227308497938,1.1688679842600758,-0.013233456538227112
30.783333333333335,-13.650781479576064,1.8020696076886373,2.954539944127876,1.6164281579937687,1.1757964102610488,-0.041960419849704216,1.9854574100770208,0.240713788920936,-0.003967945762704611,DEPTH_PROPOSAL_CERTIFIED,1.114280994776381,0,32,0,0,104,FULL_MOTION_CERTIFICATE,0,0,0,110,0,0,0,0,0,,30.85,1.98540744274,0.241125283732,-0.00398545592046,0.815324796993,0.578811722313,0.014915278148,0.99270372137,0.120562641866,-0.00199272796023,1.62332962373,1.1675159917,-0.00695575941354,1.6229717377162534,1.1679905056098712,-0.009971031258260954
30.8,-13.62383199081254,1.821655334599774,2.9538848016006285,1.6169693258115478,1.1751436146682586,-0.039308551634843314,1.985507291038545,0.24030227331987458,-0.003951540216028519,DEPTH_PROPOSAL_CERTIFIED,1.1167075449175556,0,32,0,0,104,FULL_MOTION_CERTIFICATE,0,0,0,110,0,0,0,0,0,,30.866666666,1.98545741008,0.240713788921,-0.0039679457627,0.815324796993,0.578811722313,0.014915278148,0.992728705039,0.12035689446,-0.00198397288135,1.62388416691,1.16676655635,-0.0041689174258,1.6235715731884532,1.1671795084362189,-0.006955759413538338
30.816666666666666,-13.596873465890063,1.8412300594146525,2.9532740272983924,1.6175114953486909,1.174483488892785,-0.03664645813415845,1.9855570849392188,0.23989074254400805,-0.003936253213043624,DEPTH_PROPOSAL_CERTIFIED,1.1198404201177483,0,32,0,0,104,FULL_MOTION_CERTIFICATE,0,0,0,110,0,0,0,0,0,,30.883333333,1.98550729104,0.24030227332,-0.00395154021603,0.815324796993,0.578811722313,0.014915278148,0.992753645519,0.12015113666,-0.00197577010801,1.62439669928,1.16607389636,-0.00159319966809,1.6241259637018375,1.1664299544320096,-0.0041689174258011
30.833333333333332,-13.569905942409466,1.8607937409190378,2.9527075121608863,1.6180514088359341,1.1738208902631855,-0.03399090825036525,1.9856067914215956,0.23947919965547537,-0.003922090362133077,DEPTH_PROPOSAL_CERTIFIED,1.1280528900339555,0,32,0,0,104,FULL_MOTION_CERTIFICATE,0,0,0,110,0,0,0,0,0,,30.9,1.98555708494,0.239890742544,-0.00393625321304,0.815324796993,0.578811722313,0.014915278148,0.99277854247,0.119945371272,-0.00196812660652,1.62487040343,1.16543371061,0.000787387952566,1.624638353380301,1.1657371869820705,-0.0015931996680862213
30.85,-13.542929504135433,1.880346407287372,2.9521849090135355,1.6185862964417432,1.1731599820998555,-0.031356188841051874,1.9856564104081718,0.23906764551495355,-0.0039090501239600894,DEPTH_PROPOSAL_CERTIFIED,1.1363155222459558,0,32,0,0,104,FULL_MOTION_CERTIFICATE,0,0,0,110,0,0,0,0,0,,30.916666666,1.98560679142,0.239479199655,-0.00392209036213,0.815324796993,0.578811722313,0.014915278148,0.992803395711,0.119739599828,-0.00196104518107,1.62530822088,1.16484202381,0.00298762789058,1.6251119252326132,1.1650969025072317,0.0007873879525658366
30.866666666666667,-13.515944273784882,1.899888145804017,2.9517056692711487,1.6191138210331728,1.1725043109987818,-0.028754384543201315,1.9857059420591294,0.23865607909480946,-0.0038971248578349034,DEPTH_PROPOSAL_CERTIFIED,1.144627192224185,0,32,0,0,104,FULL_MOTION_CERTIFICATE,0,0,0,110,0,0,0,0,0,,30.933333333,1.98565641041,0.239067645515,-0.00390905012396,0.815324796993,0.578811722313,0.014915278148,0.992828205204,0.119533822757,-0.00195452506198,1.62571287037,1.16429516174,0.00502118311348,1.625549621048614,1.1645051235656834,0.0029876278905774474
30.883333333333333,-13.488950406643019,1.9194190937436943,2.9512690754475206,1.6196320285119012,1.1718568763806958,-0.026195629417695224,1.985755386734975,0.23824449775751588,-0.0038863017508940856,DEPTH_PROPOSAL_CERTIFIED,1.1529866118717007,0,32,0,0,104,FULL_MOTION_CERTIFICATE,0,0,0,110,0,0,0,0,0,,30.95,1.98570594206,0.238656079095,-0.00389712485783,0.815324796993,0.578811722313,0.014915278148,0.99285297103,0.119328039547,-0.00194856242892,1.62608686459,1.16378972862,0.00690068111945,1.625954159752388,1.163958174040045,0.005021183113481004
30.9,-13.461948084923348,1.938939430294652,2.9508742698947725,1.6201393031803215,1.1712201930575263,-0.023688333164881555,1.9858047449635523,0.2378328975027901,-0.0038765636418296905,DEPTH_PROPOSAL_CERTIFIED,1.161392362373058,0,32,0,0,104,FULL_MOTION_CERTIFICATE,0,0,0,110,0,0,0,0,0,,30.966666666,1.98575538673,0.238244497758,-0.00388630175089,0.815324796993,0.578811722313,0.014915278148,0.992877693367,0.119122248879,-0.00194315087545,1.62643252589,1.16332258591,0.00863779280577,1.62632805413505,1.163452656514858,0.00690068111944709
30.916666666666668,-13.434937512795363,1.9584493694188259,2.950520280157644,1.6206343276788728,1.1705963474502443,-0.021239384227710937,1.9858540174109836,0.23742127318658712,-0.0038678897497647392,DEPTH_PROPOSAL_CERTIFIED,1.1698429228862612,0,32,0,0,104,FULL_MOTION_CERTIFICATE,0,0,0,110,0,0,0,0,0,,30.983333333,1.98580474496,0.237832897503,-0.00387656364183,0.815324796993,0.578811722313,0.014915278148,0.992902372482,0.118916448751,-0.00193828182091,1.62675200075,1.16289083277,0.0102433052235,1.6266736265611967,1.1629854310414036,0.008637792805765558
30.933333333333334,-13.407918843514233,1.9779490755136502,2.9502079148802856,1.6211201568678775,1.1699823656895194,-0.018741916641506342,1.9859032048561251,0.23700961871479104,-0.0038602563179122294,DEPTH_PROPOSAL_CERTIFIED,1.1783384897018936,0,32,0,0,104,FULL_MOTION_CERTIFICATE,0,0,0,110,0,0,0,0,0,,31,1.98585401741,0.237421273187,-0.00386788974976,0.815324796993,0.578811722313,0.014915278148,0.992927008705,0.118710636593,-0.00193394487488,1.62704727297,1.16249178821,0.0117271879102,1.6270472729737335,1.162491788208676,0.011727187910191571
30.95,-13.380892386265456,1.9974388979015092,2.9499340206945326,1.6215874349267516,1.1693893432716103,-0.01643365114516572,1.9859523078163994,0.23659792938379126,-0.003853685251658033,DEPTH_PROPOSAL_CERTIFIED,1.186875464168936,0,32,0,0,104,FULL_MOTION_CERTIFICATE,0,0,0,111,0,0,0,0,0,,31.016666666,1.98590320486,0.237009618715,-0.00386025631791,0.815324796993,0.578811722313,0.014915278148,0.992951602428,0.118504809357,-0.00193012815896,1.62732017607,1.16212297432,0.0130986551573,1.6272882272450175,1.1621544697731174,0.011727187910191571
30.966666666666665,-13.353858386543177,2.0169191195670666,2.949697414774313,1.6220399833369055,1.1688132999335066,-0.01419635521316151,1.9860013276110673,0.23618619535891366,-0.0038480967971656417,DEPTH_PROPOSAL_CERTIFIED,1.1951577255848183,0,32,0,0,104,FULL_MOTION_CERTIFICATE,0,0,0,111,0,0,0,0,0,,31.033333333,1.98595230782,0.236597929384,-0.00385368525166,0.815324796993,0.578811722313,0.014915278148,0.992976153908,0.118298964692,-0.00192684262583,1.6275724047,1.16178210085,0.0143662234507,1.627561073940782,1.1617855712086422,0.013098655157291538
30.983333333333334,-13.326817097334397,2.0363900373321826,2.949496872716043,1.6224773525265666,1.1682550659067803,-0.012032523496199668,1.9860502652314682,0.23577440865443144,-0.0038434616775200295,DEPTH_PROPOSAL_CERTIFIED,1.2030718638744122,0,32,0,0,104,FULL_MOTION_CERTIFICATE,0,0,0,111,0,0,0,0,0,,31.05,1.98600132761,0.236186195359,-0.00384809679717,0.815324796993,0.578811722313,0.014915278148,0.993000663806,0.118093097679,-0.00192404839858,1.62780552511,1.16146705113,0.0155377638412,1.6278132566404298,1.1614446107807215,0.014366223450730353
31.0,-13.29976877657407,2.0558519581342485,2.9493311416266335,1.622899245619694,1.1677152481240063,-0.009943865364576287,1.9860991217078758,0.2353625609032791,-0.0038397495040519707,DEPTH_PROPOSAL_CERTIFIED,1.2106348737326775,0,32,0,0,105,FULL_MOTION_CERTIFICATE,0,0,0,111,0,0,0,0,0,,31.066666666,1.98605026523,0.235774408654,-0.00384346167752,0.815324796993,0.578811722313,0.014915278148,0.993025132616,0.117887204327,-0.00192173083876,1.62802098486,1.16117586883,0.0166205511051,1.6280463413558488,1.1611294711741618,0.015537763841230515
31.016666666666666,-13.27271368494278,2.075305195789101,2.94919895146711,1.6233054978775006,1.167194259291224,-0.007931409571418954,1.9861478980965943,0.23495064345832412,-0.003836929110607985,DEPTH_PROPOSAL_CERTIFIED,1.2178442099437243,0,32,0,0,105,FULL_MOTION_CERTIFICATE,0,0,0,111,0,0,0,0,0,,31.083333333,1.98609912171,0.235362560903,-0.00383974950405,0.815324796993,0.578811722313,0.014915278148,0.993049560854,0.117681280452,-0.00191987475203,1.62822012192,1.16090674578,0.0176213090941,1.6282617754227398,1.1608381955312794,0.016620551105102
31.033333333333335,-13.24565208396975,2.0947500681863223,2.9490990248412547,1.6236960583814648,1.1666923438330883,-0.005995597551301454,1.9861965954688314,0.2345386474805184,-0.0038349688437205433,DEPTH_PROPOSAL_CERTIFIED,1.224696957909575,0,32,0,0,105,FULL_MOTION_CERTIFICATE,0,0,0,111,0,0,0,0,0,,31.1,1.9861478981,0.234950643458,-0.00383692911061,0.815324796993,0.578811722313,0.014915278148,0.993073949048,0.117475321729,-0.0019184645553,1.62840417284,1.16065801084,0.0185462520825,1.628460896529828,1.1605689752438344,0.017621309094128054
31.05,-13.218584234407624,2.1141868948701426,2.9490300853992806,1.6240709737276344,1.1662096010292742,-0.004136366518440149,1.9862452149011365,0.23412656401533471,-0.0038338368134356866,DEPTH_PROPOSAL_CERTIFIED,1.2311898733790223,0,32,0,0,105,FULL_MOTION_CERTIFICATE,0,0,0,111,0,0,0,0,0,,31.116666666,1.98619659547,0.234538647481,-0.00383496884372,0.815324796993,0.578811722313,0.014915278148,0.993098297734,0.11726932374,-0.00191748442186,1.6285742805,1.16042811947,0.0194011235796,1.6286449409509027,1.1603201388227427,0.01854625208246917
31.066666666666666,-13.1915103948486,2.133615994963585,2.948990865010461,1.6244303735416032,1.1657460056066284,-0.0023532233291943395,1.9862937574672295,0.23371438405875122,-0.0038335011090697745,DEPTH_PROPOSAL_CERTIFIED,1.238342155444292,0,32,0,0,106,FULL_MOTION_CERTIFICATE,0,0,0,111,0,0,0,0,0,,31.133333333,1.9862452149,0.234126564015,-0.00383383681344,0.815324796993,0.578811722313,0.014915278148,0.993122607451,0.117063282008,-0.00191691840672,1.62873150122,1.16021564409,0.0201912321345,1.6288150512720232,1.1600901414503515,0.019401123579605873
31.083333333333332,-13.164430820554754,2.153037685397604,2.948980109843186,1.6247744576308385,1.165301426041193,-0.000645310036487874,1.9863422242310658,0.23330209861392767,-0.003833929983765931,DEPTH_PROPOSAL_CERTIFIED,1.247437411984603,0,32,0,0,106,FULL_MOTION_CERTIFICATE,0,0,0,111,0,0,0,0,0,,31.15,1.98629375747,0.233714384059,-0.00383350110907,0.994710729588,0.101521145424,-0.0156211866992,0.993146878734,0.116857192029,-0.00191675055453,1.6294721407,1.15844635825,0.020864115749,1.628972283519508,1.159877555342879,0.020191232134532285
31.1,-13.137345011211812,2.1724502932612495,2.9489965130418017,1.6251485605762834,1.164756471818549,0.000984191916954802,1.986390616240985,0.23288969873960413,-0.0038350920113341454,DEPTH_PROPOSAL_CERTIFIED,1.2562694445992622,0,32,0,0,106,FULL_MOTION_CERTIFICATE,0,0,0,111,0,0,0,0,0,,31.166666666,1.98634222423,0.233302098614,-0.00383392998377,0.994710729588,0.101521145424,-0.0156211866992,0.993171112116,0.116651049307,-0.00191696499188,1.63079605532,1.15512030767,0.02141846388,1.6297126165107116,1.1581080303022941,0.020864115748952087
31.116666666666667,-13.11025176839022,2.1918503066596515,2.9490387170888557,1.6255945692956069,1.164000803904191,0.0025322428232464854,1.9864389283619368,0.23247722828134348,-0.0038369543786268894,DEPTH_PROPOSAL_CERTIFIED,1.2648341886964045,0,32,0,0,106,FULL_MOTION_CERTIFICATE,0,0,0,111,0,0,0,0,0,,31.183333333,1.98639061624,0.23288969874,-0.00383509201133,0.994710729588,0.101521145424,-0.0156211866992,0.99319530812,0.11644484937,-0.00191754600567,1.63270310063,1.15023753856,0.0218529591875,1.6310358756713534,1.154781655349021,0.021418463880006185
31.133333333333333,-13.08314924865063,2.2112325141401286,2.949105315979804,1.6261511843755572,1.1629324488286923,0.0039959334568988505,1.9864871497881569,0.23206477995866492,-0.0038394829419982515,DEPTH_PROPOSAL_CERTIFIED,1.2731280679057588,0,32,0,0,106,FULL_MOTION_CERTIFICATE,0,0,0,111,0,0,0,0,0,,31.2,1.98643892836,0.232477228281,-0.00383695437863,0.994710729588,0.101521145424,-0.0156211866992,0.993219464181,0.116238614141,-0.00191847718931,1.63519313028,1.14379809919,0.0221662729555,1.6329418883509514,1.1498985169076086,0.0218529591874588
31.15,-13.056035012624985,2.230590133554957,2.949194857218604,1.626854161538801,1.1614571648897805,0.005372474328004979,1.986535264516454,0.2316524917475673,-0.0038426422792519057,DEPTH_PROPOSAL_CERTIFIED,1.2811480464882263,0,32,0,0,106,FULL_MOTION_CERTIFICATE,0,0,0,111,0,0,0,0,0,,31.216666666,1.98648714979,0.232064779959,-0.003839482942,0.994710729588,0.101521145424,-0.0156211866992,0.993243574894,0.116032389979,-0.001919741471,1.63826599565,1.13580203981,0.0223570606455,1.6354304829303763,1.143458700835055,0.022166272955500783
31.166666666666668,-13.028906070378305,2.2499149311613933,2.9493058436421484,1.6277365348005592,1.1594878563859847,0.006659185412661404,1.9865832517830593,0.23124054353611678,-0.003846395737259037,DEPTH_PROPOSAL_CERTIFIED,1.2888916814928044,0,32,0,0,106,FULL_MOTION_CERTIFICATE,0,0,0,111,0,0,0,0,0,,31.233333333,1.98653526452,0.231652491748,-0.00384264227925,0.994710729588,0.101521145424,-0.0156211866992,0.993267632258,0.115826245874,-0.00192132113963,1.64192154606,1.12624941087,0.0224239570748,1.6385014885940081,1.1354622926396805,0.022357060645467126
31.183333333333334,-13.001758923332545,2.2691973316966463,2.949436735080418,1.6288288227456476,1.1569440321152489,0.0078534862961595,1.9866310864667274,0.23082915403252788,-0.0038507054754175906,DEPTH_PROPOSAL_CERTIFIED,1.2963571748067135,0,32,0,0,107,FULL_MOTION_CERTIFICATE,0,0,0,111,0,0,0,0,0,,31.25,1.98658325178,0.231240543536,-0.00384639573726,0.994710729588,0.101521145424,-0.0156211866991,0.993291625892,0.115620271768,-0.00192319786863,1.64615962697,1.11514026641,0.0223655712352,1.6421547356757262,1.1259093760122707,0.022423957074837155
31.2,-12.974589603015039,2.288426520116245,2.9495859498582564,1.6301592190504954,1.1537513051759896,0.008952886670326982,1.9866787394605387,0.2304185779067895,-0.00385553250509845,DEPTH_PROPOSAL_CERTIFIED,1.303543425215298,0,32,0,0,108,FULL_MOTION_CERTIFICATE,0,0,0,112,0,0,0,0,0,,31.266666666,1.98663108647,0.230829154033,-0.00385070547542,0.994710729588,0.101521145424,-0.0156211866991,0.993315543233,0.115414577016,-0.00192535273771,1.65098007979,1.10247466318,0.0221804807974,1.6463900539696414,1.114800036517024,0.022365571235171095
31.216666666666665,-12.947387172188467,2.3075730082239665,2.949751470620042,1.6321458495944052,1.1487892864633522,0.009931245707149804,1.986726178014667,0.23000910314814896,-0.0038608367252008988,DEPTH_PROPOSAL_CERTIFIED,1.3104547811977472,0,32,0,0,108,FULL_MOTION_CERTIFICATE,0,0,0,112,0,0,0,0,0,,31.283333333,1.98667873946,0.230418577907,-0.0038555325051,0.994710729588,0.101521145424,-0.0156211866991,0.99333936973,0.115209288953,-0.00192776625255,1.65638274223,1.08825265817,0.0218672259564,1.656382742230107,1.0882526581691734,0.02186722595638898
31.233333333333334,-12.920153857377121,2.326642632110896,2.9499320620639606,1.6339988886804935,1.14417743321559,0.01083548663512261,1.9867733122373923,0.2296015144574737,-0.0038665669651709368,DEPTH_PROPOSAL_CERTIFIED,1.3170868756208678,0,32,0,0,108,FULL_MOTION_CERTIFICATE,0,0,0,112,0,0,0,0,0,,31.3,1.98672617801,0.230009103148,-0.0038608367252,0.994710729588,0.101521145424,-0.0156211866991,0.993363089007,0.115004551574,-0.0019304183626,1.6623674457,1.07247431374,0.021424302789,1.6566059655307654,1.087912823592902,0.02186722595638898
31.25,-12.89288444710752,2.3456212929632514,2.9501260232252453,1.6361646161762224,1.1387196511413749,0.011637669677083885,1.9868201610579432,0.22919565849390602,-0.003872691729790383,DEPTH_PROPOSAL_CERTIFIED,1.3234410157472476,0,32,0,0,108,FULL_MOTION_CERTIFICATE,0,0,0,112,0,0,0,0,0,,31.316666666,1.98677331224,0.229601514457,-0.00386656696517,0.994710729588,0.101521145424,-0.0156211866991,0.993386656119,0.114800757229,-0.00193328348259,1.66893401516,1.05513969613,0.0208501557041,1.6625864916241162,1.0721347098359446,0.02142430278901203
31.266666666666666,-12.865573390652601,2.3644939953310455,2.9503316163133317,1.638663387295137,1.1323621420677135,0.012335585285190076,1.986866682266582,0.22879191191329729,-0.003879167699744677,DEPTH_PROPOSAL_CERTIFIED,1.3295194156795644,0,32,0,0,108,FULL_MOTION_CERTIFICATE,0,0,0,112,0,0,0,0,0,,31.333333333,1.98682016106,0.229195658494,-0.00387269172979,0.994710729588,0.101521145424,-0.0156211866991,0.993410080529,0.114597829247,-0.0019363458649,1.67608226951,1.03624887225,0.0201431687504,1.6691483949458967,1.0548005313690405,0.020850155704086135
31.283333333333335,-12.838214823958744,2.383244915172602,2.950547067461349,1.6415140016312084,1.125055190493204,0.012927068881038204,1.9869128311548907,0.22839067577368372,-0.003885950552442462,DEPTH_PROPOSAL_CERTIFIED,1.3353252492990757,0,32,0,0,108,FULL_MOTION_CERTIFICATE,0,0,0,112,0,0,0,0,0,,31.35,1.98686668227,0.228791911913,-0.00387916769974,0.994710729588,0.101521145424,-0.0156211866991,0.993433341133,0.114395955957,-0.00193958384987,1.68381201792,1.01580191679,0.0193016560663,1.6762914965312725,1.0359103812842028,0.020143168750384147
31.3,-12.810802593616211,2.401857462753442,2.9507705673305598,1.6447338205520727,1.1167528548504513,0.013409992152647052,1.9869585607390405,0.22799237376705495,-0.003892994978759121,DEPTH_PROPOSAL_CERTIFIED,1.3408428095464555,0,32,0,0,108,FULL_MOTION_CERTIFICATE,0,0,0,112,0,0,0,0,0,,31.366666666,1.98691283115,0.228390675774,-0.00388595055244,0.994710729588,0.101521145424,-0.0156211866991,0.993456415577,0.114195337887,-0.00194297527622,1.69212305959,0.993798910127,0.0183238504816,1.6840156113866203,1.0154643600088622,0.01930165606627536
31.316666666666666,-12.78333027902156,2.4203143407869048,2.9510002715663473,1.6483388756791595,1.1074126820078303,0.01378225414726334,1.9870038219642439,0.22759745058500444,-0.0039002546960814903,DEPTH_PROPOSAL_CERTIFIED,1.3442038763741506,0,32,0,0,108,FULL_MOTION_CERTIFICATE,0,0,0,112,0,0,0,0,0,,31.383333333,1.98695856074,0.227992373767,-0.00389299497876,0.994710729588,0.101521145424,-0.0156211866991,0.99347928037,0.113996186884,-0.00194649748938,1.70101518382,0.970239934634,0.0172078900511,1.6923205482296215,0.9934625733278467,0.018323850481582332
31.333333333333332,-12.755791212868916,2.43859759817245,2.9512343010999933,1.6523439691587791,1.0969954431327655,0.014041772018766741,1.9870485638916056,0.22720637040831163,-0.003907682457544176,DEPTH_PROPOSAL_CERTIFIED,1.346470238265934,0,32,0,0,108,FULL_MOTION_CERTIFICATE,0,0,0,112,0,0,0,0,0,,31.4,1.98700382196,0.227597450585,-0.00390025469608,0.994710729588,0.101521145424,-0.0156211866991,0.993501910982,0.113798725293,-0.00195012734804,1.71048816503,0.94512508394,0.0159518027699,1.7012061096101418,0.9699051288569684,0.017207890051108444
31.35,-12.728178500102926,2.4566886796770393,2.9514707422886284,1.656762765959077,1.085464890275206,0.014186471318094633,1.9870927338684776,0.22681961551131047,-0.003915230057287062,DEPTH_PROPOSAL_CERTIFIED,1.348783874378277,0,32,0,0,108,FULL_MOTION_CERTIFICATE,0,0,0,112,0,0,0,0,0,,31.416666666,1.98704856389,0.227206370408,-0.00390768245754,0.994710729588,0.101521145424,-0.0156211866991,0.993524281946,0.113603185204,-0.00195384122877,1.72054176183,0.918454460527,0.0145534876899,1.7106720869226997,0.9447921454130039,0.015951802769894614
31.366666666666667,-12.700485035451143,2.4745684718640164,2.9517076468817733,1.661607879107124,1.0727875312186883,0.01421427558868586,1.987136277683395,0.22643768497215594,-0.003922848331515682,DEPTH_PROPOSAL_CERTIFIED,1.3511504115081876,0,32,0,0,108,FULL_MOTION_CERTIFICATE,0,0,0,112,0,0,0,0,0,,31.433333333,1.98709273387,0.226819615511,-0.00391523005729,0.994710729588,0.101521145424,-0.0156211866991,0.993546366934,0.113409807756,-0.00195761502864,1.73117571627,0.890228171968,0.0130106919423,1.7207182595133022,0.9181237507291633,0.014553487689898866
31.383333333333333,-12.672703519644305,2.492217345549194,2.9519430317985966,1.6668909484104075,1.058932421110705,0.01412309500941053,1.9871791397065404,0.226061093481162,-0.003930487155043232,DEPTH_PROPOSAL_CERTIFIED,1.3535759171120383,0,32,0,0,108,FULL_MOTION_CERTIFICATE,0,0,0,112,0,0,0,0,0,,31.45,1.98713627768,0.226437684972,-0.00392284833152,0.994710729588,0.101521145424,-0.0156211866991,0.993568138842,0.113218842486,-0.00196142416576,1.74238974667,0.860446342815,0.0113209834688,1.7313443939104707,0.8899000777932986,0.01301069194225142
31.4,-12.644826474433108,2.509615195062308,2.952174878695798,1.6726227126718716,1.0438709707868836,0.013910813832091645,1.9872212630165984,0.2256903702400194,-0.003938095432881372,DEPTH_PROPOSAL_CERTIFIED,1.356066887801885,0,32,0,0,108,FULL_MOTION_CERTIFICATE,0,0,0,112,0,0,0,0,0,,31.466666666,1.98717913971,0.226061093481,-0.00393048715504,0.994710729588,0.101521145424,-0.0156211866991,0.993589569853,0.113030546741,-0.00196524357752,1.75418354499,0.829109112653,0.00948171625183,1.7425502366617382,0.8601212768362534,0.011320983468801078
31.416666666666668,-12.616846256495823,2.52674147455356,2.9524011332980753,1.6788130762368954,1.0275767694749753,0.013575276136617518,1.987262589514867,0.22532605794472008,-0.003945621086336471,DEPTH_PROPOSAL_CERTIFIED,1.3586302377331934,0,32,0,0,108,FULL_MOTION_CERTIFICATE,0,0,0,112,0,0,0,0,0,,31.483333333,1.98722126302,0.22569037024,-0.00393809543288,0.994710729588,0.101521145424,-0.0156211866991,0.993610631508,0.11284518512,-0.00196904771644,1.76655677374,0.796216633247,0.00748998634855,1.754335511730174,0.8287875134697266,0.009481716251833857
31.433333333333334,-12.588755070324813,2.543575231565559,2.95261970445365,1.685471170260627,1.0100254207200008,0.013114269334490902,1.9873030600273622,0.22496871184601597,-0.003953011032860482,DEPTH_PROPOSAL_CERTIFIED,1.361273286837821,0,32,0,0,108,FULL_MOTION_CERTIFICATE,0,0,0,112,0,0,0,0,0,,31.5,1.98726258951,0.225326057945,-0.00394562108634,0.995077393175,0.0978619441739,-0.0156211866992,0.993631294757,0.112663028972,-0.00197281054317,1.7794709454,0.761754517831,0.0053519637393,1.7666999173501603,0.7958989659092995,0.007489986348545842
31.45,-12.560545888188086,2.560097390454033,2.952828545624597,1.6925509282037547,0.9913295333084979,0.012530470256821892,1.9873426143955992,0.22461889888173583,-0.003960211158657686,DEPTH_PROPOSAL_CERTIFIED,1.3640030692817173,0,32,0,0,108,FULL_MOTION_CERTIFICATE,0,0,0,113,0,0,0,0,0,,31.516666666,1.98730306003,0.224968711846,-0.00395301103286,0.995077393175,0.0978619441739,-0.0156211866992,0.993651530014,0.112484355923,-0.00197650551643,1.79292341856,0.725722144777,0.0030646346531,1.7796050029380086,0.7614412810520697,0.0053519637393045424
31.466666666666665,-12.532218929874778,2.5763079136237,2.9530262934594727,1.6996174987985317,0.9726313901800929,0.01186487009255973,1.9873811983640848,0.2242771365160497,-0.003967168397561174,DEPTH_PROPOSAL_CERTIFIED,1.366821207050511,0,32,0,0,108,FULL_MOTION_CERTIFICATE,0,0,0,113,0,0,0,0,0,,31.533333333,1.9873426144,0.224618898882,-0.00396021115866,0.995077393175,0.0978619441739,-0.0156211866992,0.993671307198,0.112309449441,-0.00198010557933,1.80684857735,0.68830259047,0.000642451305649,1.7930481923629649,0.725413810248873,0.003064634653098185
31.483333333333334,-12.503774425003945,2.5922067592286457,2.9532117525363453,1.7066702922497883,0.9539307362965981,0.011127544612350885,1.9874188151886414,0.22394343387014207,-0.003973847081561842,DEPTH_PROPOSAL_CERTIFIED,1.3697293941334543,0,32,0,0,108,FULL_MOTION_CERTIFICATE,0,0,0,113,0,0,0,0,0,,31.55,1.98738119836,0.224277136516,-0.00396716839756,0.995185158319,0.0967599048607,-0.0156211866992,0.993690599182,0.112138568258,-0.00198358419878,1.82073374962,0.650867547766,-0.00176994019391,1.8069641236637979,0.6879991957112398,0.0006424513056491796
31.5,-12.475212602696663,2.6077938804564367,2.953383958579439,1.7137093384370317,0.9352272736674969,0.010332362585627058,1.9874554680082464,0.2236178001992033,-0.003980215847258445,DEPTH_PROPOSAL_CERTIFIED,1.3727293325982097,0,32,0,0,108,FULL_MOTION_CERTIFICATE,0,0,0,113,0,0,0,0,0,,31.566666666,1.98741881519,0.22394343387,-0.00397384708156,0.995185158319,0.0967599048607,-0.0156211866992,0.993709407594,0.111971716935,-0.00198692354078,1.83404037227,0.614992300598,-0.00408181524629,1.8208403667729165,0.6505692203464828,-0.001769940193905944
31.516666666666666,-12.446533645628366,2.6230692421575723,2.9535421447647288,1.7207374240979123,0.9165217020681837,0.009491171117383857,1.9874911598359384,0.22330024494078904,-0.00398624928734788,DEPTH_PROPOSAL_CERTIFIED,1.3758227152023874,0,32,0,0,108,FULL_MOTION_CERTIFICATE,0,0,0,113,0,0,0,0,0,,31.583333333,1.98745546801,0.223617800199,-0.00398021584726,0.995185158319,0.0967599048607,-0.0156211866992,0.993727734004,0.1118089001,-0.00199010792363,1.84676844686,0.580676844755,-0.00629317412289,1.83413861091341,0.6146992539965188,-0.004081815246287748
31.533333333333335,-12.417737702015396,2.6380328172366045,2.953685689851922,1.7277566167779281,0.897814504741795,0.008612705231595604,1.9875258935931797,0.22299077742084686,-0.00399192708844533,DEPTH_PROPOSAL_CERTIFIED,1.3790112181476286,0,32,0,0,108,FULL_MOTION_CERTIFICATE,0,0,0,113,0,0,0,0,0,,31.6,1.98749115984,0.223300244941,-0.00398624928735,0.995185158319,0.0967599048607,-0.0156211866992,0.993745579918,0.11165012247,-0.00199312464367,1.8589179726,0.547921182389,-0.008404016685,1.8468588391258365,0.5803892854829966,-0.006293174122890271
31.55,-12.38882489388919,2.652684584353348,2.953814082668293,1.7347684875725053,0.879106027004677,0.007703568982254099,1.9875596721055657,0.22268940691112632,-0.003997232691191641,DEPTH_PROPOSAL_CERTIFIED,1.3814108188041905,0,32,0,0,108,FULL_MOTION_CERTIFICATE,0,0,0,113,0,0,0,0,0,,31.616666666,1.98752589359,0.222990777421,-0.00399192708845,0.995185158319,0.0967599048607,-0.0156211866992,0.993762946797,0.11149538871,-0.00199596354422,1.87048894882,0.516725315278,-0.010414342818,1.8590010320268529,0.5476393100270692,-0.008404016685001006
31.566666666666666,-12.359795322969173,2.667024526400754,2.9539268970628862,1.741774255201144,0.8603965228444064,0.00676886367559823,1.9875924981002924,0.22239614266399438,-0.004002152372920377,DEPTH_PROPOSAL_CERTIFIED,1.38329276142221,0,32,0,0,108,FULL_MOTION_CERTIFICATE,0,0,0,113,0,0,0,0,0,,31.633333333,1.98755967211,0.222689406911,-0.00399723269119,0.995185158319,0.0967599048607,-0.0156211866992,0.993779836053,0.111344703456,-0.0019986163456,1.88148137688,0.487089239773,-0.0123241527572,1.8705651703185249,0.5164493224914345,-0.010414342818031358
31.583333333333332,-12.330649074931923,2.681052629463436,2.954023773796691,1.7487748822351266,0.8416861837609491,0.005812604028288463,1.987624374204567,0.22211099393444694,-0.004006674600866045,DEPTH_PROPOSAL_CERTIFIED,1.386393123272498,0,32,0,0,108,FULL_MOTION_CERTIFICATE,0,0,0,113,0,0,0,0,0,,31.65,1.9875924981,0.222396142664,-0.00400215237292,0.995278627044,0.0957937006068,-0.0156211866992,0.99379624905,0.111198071332,-0.00200107618646,1.89188772464,0.45901002383,-0.0141316094863,1.881551236668136,0.4868193123153506,-0.012324152757189495
31.6,-12.301386228718153,2.694768879711471,2.954104408660532,1.755770772825976,0.822975014881981,0.004838091830454822,1.9876553029445345,0.22183396999454247,-0.004010789564569096,DEPTH_PROPOSAL_CERTIFIED,1.3906815624025939,0,32,0,0,108,FULL_MOTION_CERTIFICATE,0,0,0,113,0,0,0,0,0,,31.666666666,1.9876243742,0.222110993934,-0.00400667460087,0.995278627044,0.0957937006068,-0.0156211866992,0.993812187102,0.111055496967,-0.00200333730043,1.90171014949,0.432488514105,-0.0158372393299,1.8919516797944476,0.45874634159326166,-0.014131609486259298
31.616666666666667,-12.272006856539239,2.7081732637951506,2.9541685418247923,1.762762330734897,0.8042630450208044,0.0038479898556166197,1.9876852867395811,0.2215650801866319,-0.004014488869154451,DEPTH_PROPOSAL_CERTIFIED,1.396127499198879,0,32,0,0,108,FULL_MOTION_CERTIFICATE,0,0,0,113,0,0,0,0,0,,31.683333333,1.98765530294,0.221833969995,-0.00401078956457,0.995278627044,0.0957937006068,-0.0156211866992,0.993827651472,0.110916984997,-0.00200539478228,1.91095013982,0.407525287869,-0.0174414052419,1.9017686384675028,0.432231249719922,-0.01583723932991417
31.633333333333333,-12.242511024261518,2.721265769017612,2.954215949785848,1.7697499366633693,0.7855503133477352,0.002844477663342419,1.9877143279036427,0.2213043339134644,-0.004017765260504337,DEPTH_PROPOSAL_CERTIFIED,1.4027001156781953,0,32,0,0,108,FULL_MOTION_CERTIFICATE,0,0,0,113,0,0,0,0,0,,31.7,1.98768528674,0.221565080187,-0.00401448886915,0.995278627044,0.0957937006068,-0.0156211866992,0.99384264337,0.110782540093,-0.00200724443458,1.9196087785,0.384120768425,-0.0189443713652,1.9110035823532552,0.40727460680463967,-0.017441405241901624
31.65,-12.212898791918457,2.7340463833973727,2.9542464391731103,1.7767339405837521,0.7668368627856688,0.0018293632357397772,1.9877424286458634,0.22105174063289565,-0.004020612417470141,DEPTH_PROPOSAL_CERTIFIED,1.4103683536204192,0,32,0,0,108,FULL_MOTION_CERTIFICATE,0,0,0,113,0,0,0,0,0,,31.716666666,1.9877143279,0.221304333913,-0.0040177652605,0.995278627044,0.0957937006068,-0.0156211866992,0.993857163952,0.110652166957,-0.00200888263025,1.92768689046,0.362275277635,-0.0203463389073,1.91965757554453,0.3838768290457727,-0.018944371365220678
31.666666666666668,-12.18317021424031,2.7465150956756954,2.9542598419213375,1.7837146606885306,0.7481227366992548,0.0008041648936283512,1.9877695910708801,0.220807309855057,-0.004023024792120692,DEPTH_PROPOSAL_CERTIFIED,1.4191009117844542,0,32,0,0,108,FULL_MOTION_CERTIFICATE,0,0,0,113,0,0,0,0,0,,31.733333333,1.98774242865,0.221051740633,-0.00402061241747,0.995278627044,0.0957937006068,-0.0156211866992,0.993871214323,0.110525870316,-0.00201030620874,1.93518512931,0.341989066155,-0.0216474671947,1.9277314241230172,0.36203823123034673,-0.02034633890729377
31.683333333333334,-12.15332534115295,2.758671895297037,2.9542560114654983,1.79069238524165,0.7294079772805467,-0.00022982735035953473,1.9877958171788783,0.22057105114089415,-0.004024997485239763,DEPTH_PROPOSAL_CERTIFIED,1.4288662423862837,0,32,0,0,108,FULL_MOTION_CERTIFICATE,0,0,0,114,0,0,0,0,0,,31.75,1.98776959107,0.220807309855,-0.00402302479212,0.995357215348,0.0949736404555,-0.0156211866992,0.993884795535,0.110403654928,-0.00201151239606,1.94209871232,0.323260272836,-0.0228465944739,1.9352257628184637,0.3417590569582185,-0.021647467194710585
31.7,-12.123364222309919,2.770516770800482,2.9542348207080034,1.7976671305819656,0.7106925302067301,-0.0012714454496974565,1.9878211088655053,0.22034297410149248,-0.004026526148226043,DEPTH_PROPOSAL_CERTIFIED,1.4396325446694405,0,32,0,0,108,FULL_MOTION_CERTIFICATE,0,0,0,114,0,0,0,0,0,,31.766666666,1.98779581718,0.220571051141,-0.00402499748524,0.995357215348,0.0949736404555,-0.0156211866992,0.993897908589,0.11028552557,-0.00201249874262,1.94842903728,0.306089445003,-0.023944060893,1.9421357896990026,0.3230374386435074,-0.022846594473931083
31.716666666666665,-12.093286922081347,2.7820497099381143,2.9541960600771775,1.8046380137143312,0.6919763482579743,-0.00232563784955882,1.987845467918426,0.2201230884268737,-0.004027606930826637,DEPTH_PROPOSAL_CERTIFIED,1.4513678349606494,0,32,0,0,108,FULL_MOTION_CERTIFICATE,0,0,0,114,0,0,0,0,0,,31.783333333,1.98782110887,0.220342974101,-0.00402652614823,0.995357215348,0.0949736404555,-0.0156211866992,0.993910554433,0.110171487051,-0.00201326307411,1.95417731025,0.2904770505,-0.0249401598394,1.9541773102472684,0.2904770504997509,-0.02494015983942073
31.733333333333334,-12.063093472082251,2.7932707004629784,2.954139737985422,1.8116069999454762,0.6732594314917355,-0.0033793255053313704,1.987868896027337,0.21991140384109734,-0.004028233818198164,DEPTH_PROPOSAL_CERTIFIED,1.4640397170084962,0,32,0,0,108,FULL_MOTION_CERTIFICATE,0,0,0,114,0,0,0,0,0,,31.8,1.98784546792,0.220123088427,-0.00402760693083,0.995357215348,0.0949736404555,-0.0156211866992,0.993922733959,0.110061544213,-0.00201380346541,1.95934459763,0.276423505228,-0.0258351507818,1.9542082317081282,0.29026895093425575,-0.02494015983942073
31.75,-12.032783918820105,2.8041797297250404,2.9540657718031236,1.8185731957288591,0.654541755723745,-0.004437970937906322,1.9878913947551,0.21970793021610363,-0.004028406481304774,DEPTH_PROPOSAL_CERTIFIED,1.4751270692406866,0,32,0,0,108,FULL_MOTION_CERTIFICATE,0,0,0,114,0,0,0,0,0,,31.816666666,1.98786889603,0.219911403841,-0.0040282338182,0.995357215348,0.0949736404555,-0.0156211866992,0.993934448014,0.109955701921,-0.0020141169091,1.96393186882,0.26392918616,-0.0266292695558,1.9593728812690714,0.2762229510092286,-0.025835150781845583
31.766666666666666,-12.002358307282083,2.814776785001831,2.953974090649024,1.825536692281351,0.6358233166074589,-0.005500869245968184,1.9879129655674201,0.21951267744810407,-0.004028122206396963,DEPTH_PROPOSAL_CERTIFIED,1.4825925532844455,0,32,0,0,108,FULL_MOTION_CERTIFICATE,0,0,0,114,0,0,0,0,0,,31.833333333,1.98789139476,0.219707930216,-0.0040284064813,0.995357215348,0.0949736404555,-0.0156211866992,0.993945697378,0.109853965108,-0.00201420324065,1.96794003098,0.252994443101,-0.0273227367938,1.9639577826164134,0.2637362864329983,-0.026629269555804864
31.783333333333335,-11.97181668075863,2.825061853614957,2.9538646343447894,1.8324975914068806,0.6171041167874884,-0.006567378254060136,1.987933609822816,0.21932565549566954,-0.004027378579564055,DEPTH_PROPOSAL_CERTIFIED,1.4719071670259827,0,32,0,0,108,FULL_MOTION_CERTIFICATE,0,0,0,114,0,0,0,0,0,,31.85,1.98791296557,0.219512677448,-0.0040281222064,0.995421192203,0.0943007350924,-0.0156211866992,0.993956482784,0.109756338724,-0.0020140611032,1.97136364348,0.243617160181,-0.0279142353596,1.9679638237716905,0.2528092998729389,-0.02732273679380281
31.8,-11.941159085925882,2.8350349210065664,2.953737353896207,1.839455689965031,0.5983840434965866,-0.007636826914951827,1.9879533287725426,0.2191468743775213,-0.0040261734599741856,DEPTH_PROPOSAL_CERTIFIED,1.460963358732489,0,32,0,0,108,FULL_MOTION_CERTIFICATE,0,0,0,114,0,0,0,0,0,,31.866666666,1.98793360982,0.219325655496,-0.00402737857956,0.995421192203,0.0943007350924,-0.0156211866992,0.993966804911,0.109662827748,-0.00201368928978,1.97420460133,0.235798077795,-0.0284042253312,1.9713855446845225,0.2434398688823927,-0.027914235359551415
31.816666666666666,-11.91038557191796,2.844695971122827,2.953592210754046,1.8464108404754775,0.5796630069756499,-0.008708588529650941,1.9879721235562702,0.2189763442080846,-0.004024504992729376,DEPTH_PROPOSAL_CERTIFIED,1.4512849302388968,0,32,0,0,108,FULL_MOTION_CERTIFICATE,0,0,0,114,0,0,0,0,0,,31.883333333,1.98795332877,0.219146874378,-0.00402617345997,0.995421192203,0.0943007350924,-0.0156211866992,0.993976664386,0.109573437189,-0.00201308672999,1.97646491705,0.229537977765,-0.0287931952097,1.9742248211918452,0.2356287265839542,-0.028404225331175738
31.833333333333332,-11.87949618930382,2.85404498682184,2.953429176282772,1.8533629568485286,0.5609409419408128,-0.009782068276475398,1.9879899952025066,0.21881407519062532,-0.004022371590127129,DEPTH_PROPOSAL_CERTIFIED,1.4428176355010978,0,32,0,0,108,FULL_MOTION_CERTIFICATE,0,0,0,114,0,0,0,0,0,,31.9,1.98797212356,0.218976344208,-0.00402450499273,0.995421192203,0.0943007350924,-0.0156211866992,0.993986061778,0.109488172104,-0.00201225249636,1.9781469201,0.224837762767,-0.0290817103826,1.976483646562067,0.22937664752161152,-0.028793195209688312
31.85,-11.848490988724816,2.8630819503987457,2.9532482313895425,1.8603120347400035,0.542217814614274,-0.010856693593763435,1.9880069446290474,0.21866007760998576,-0.004019771918330965,DEPTH_PROPOSAL_CERTIFIED,1.4355069197712924,0,32,0,0,108,FULL_MOTION_CERTIFICATE,0,0,0,114,0,0,0,0,0,,31.916666666,1.9879899952,0.218814075191,-0.00402237159013,0.995421192203,0.0943007350924,-0.0156211866992,0.993994997601,0.109407037595,-0.00201118579506,1.97925381606,0.22169866746,-0.0292705487084,1.9781643309792278,0.2246845270799715,-0.02908171038261974
31.866666666666667,-11.817370018537465,2.871806844478014,2.9530493661855326,1.8672582112411655,0.5234936447561425,-0.011931912240596173,1.9880229726436354,0.21851436182320952,-0.004016704888231823,DEPTH_PROPOSAL_CERTIFIED,1.4292979021135026,0,32,0,0,108,FULL_MOTION_CERTIFICATE,0,0,0,114,0,0,0,0,0,,31.933333333,1.98800694463,0.21866007761,-0.00401977191833,0.995421192203,0.0943007350924,-0.0156211866992,0.994003472315,0.109330038805,-0.00200988595917,1.98013173792,0.219191303979,-0.0294199293698,1.9792700606914544,0.22155359257350438,-0.029270548708446423
31.883333333333333,-11.786133324200213,2.8802196525992945,2.9528325737099133,1.8742016602352167,0.5047684872768448,-0.01300754853715042,1.988038079945353,0.21837693824343687,-0.004013169647192271,DEPTH_PROPOSAL_CERTIFIED,1.4241353612861678,0,32,0,0,108,FULL_MOTION_CERTIFICATE,0,0,0,114,0,0,0,0,0,,31.95,1.98802297264,0.218514361823,-0.00401670488823,0.995470760143,0.0937760322622,-0.0156211866992,0.994011486322,0.109257180912,-0.00200835244412,1.98095066084,0.216794391852,-0.0295579933141,1.9801468849800505,0.21905442511173115,-0.029419929369756286
31.9,-11.75478097042123,2.8883203509074353,2.9525978516723477,1.8811412267391106,0.4860418984884871,-0.014083322253945124,1.9880522671259897,0.21824781732674287,-0.004009165414930474,DEPTH_PROPOSAL_CERTIFIED,1.4199637180597864,0,32,0,0,108,FULL_MOTION_CERTIFICATE,0,0,0,115,0,0,0,0,0,,31.966666666,1.98803807995,0.218376938243,-0.00401316964719,0.995470760143,0.0937760322622,-0.0156211866992,0.994019039973,0.109188469122,-0.0020065848236,1.9817075441,0.214579064112,-0.0296855978608,1.980964737270312,0.2166657303835805,-0.029557993314073914
31.916666666666668,-11.723313019943996,2.896108916288684,2.952345197807916,1.8880770286337734,0.46731392287484946,-0.015159231865905972,1.9880655346527885,0.21812700972480983,-0.004004691528186281,DEPTH_PROPOSAL_CERTIFIED,1.4167270127993674,0,32,0,0,108,FULL_MOTION_CERTIFICATE,0,0,0,115,0,0,0,0,0,,31.983333333,1.98805226713,0.218247817327,-0.00400916541493,0.995470760143,0.0937760322622,-0.0156211866992,0.994026133563,0.109123908663,-0.00200458270747,1.98240708777,0.212531564103,-0.0298035354039,1.981720579792655,0.21445864109013332,-0.02968559786080505
31.933333333333334,-11.69172953386664,2.90358532625191,2.952074609863796,1.8950091646414373,0.44858459779358,-0.016235276647191998,1.9880778828847558,0.21801452613493433,-0.0039997473201661225,DEPTH_PROPOSAL_CERTIFIED,1.4143688852934015,0,32,0,0,108,FULL_MOTION_CERTIFICATE,0,0,0,115,0,0,0,0,0,,32,1.98806553465,0.218127009725,-0.00400469152819,0.995470760143,0.0937760322622,-0.0156211866992,0.994032767326,0.109063504862,-0.00200234576409,1.9830536357,0.210639177733,-0.0299125382844,1.9824191095845738,0.21241939959696332,-0.02980353540388312
31.95,-11.660034866598476,2.9107611689084996,2.951786752649932,1.9016800360899127,0.4305505593953942,-0.017271432831831038,1.9880893120719807,0.21791037730239513,-0.003994332120161884,DEPTH_PROPOSAL_CERTIFIED,1.4128377429835495,0,32,0,0,108,FULL_MOTION_CERTIFICATE,0,0,0,115,0,0,0,0,0,,32.016666666,1.98807788288,0.218014526135,-0.00399974732017,0.995470760143,0.0937760322622,-0.0156211866992,0.994038941442,0.109007263067,-0.00199987366008,1.98365120269,0.208890154075,-0.0300132833648,1.9830646677613166,0.21053529093751402,-0.0299125382844281
31.966666666666665,-11.628236687634006,2.9176570162254754,2.951482807240951,1.907890737868281,0.41375083901857185,-0.01823672453887276,1.988099856686362,0.21781426034482787,-0.003988462623924049,DEPTH_PROPOSAL_CERTIFIED,1.4120890753978939,0,32,0,0,108,FULL_MOTION_CERTIFICATE,0,0,0,115,0,0,0,0,0,,32.033333333,1.98808931207,0.217910377302,-0.00399433212016,0.995470760143,0.0937760322622,-0.0156211866992,0.994044656036,0.108955188651,-0.00199716606008,1.98420349949,0.207273632107,-0.030106396248,1.9836612995643783,0.20879425042132646,-0.03001328336478254
31.983333333333334,-11.596342142507652,2.9242920483078647,2.951163874872741,1.9136727075809519,0.39810192494329477,-0.019135942092592534,1.9881095776535482,0.21772562911209842,-0.003982169003483122,DEPTH_PROPOSAL_CERTIFIED,1.410670261013822,0,32,0,0,108,FULL_MOTION_CERTIFICATE,0,0,0,115,0,0,0,0,0,,32.049999999,1.98809985669,0.217814260345,-0.00398846262392,0.99550605291,0.0934006271139,-0.0156211866992,0.994049928343,0.108907130172,-0.00199423131196,1.98471930298,0.205722694451,-0.0301924551196,1.9842127380755255,0.207185173224947,-0.030106396247971883
32.0,-11.564357881417648,2.930684074395858,2.9508309822608103,1.9190556654003934,0.38352156527964343,-0.019973556715847173,1.988118531688264,0.21764397423599047,-0.0039754794007065405,DEPTH_PROPOSAL_CERTIFIED,1.3986932733055846,0,32,0,0,109,FULL_MOTION_CERTIFICATE,0,0,0,115,0,0,0,0,0,,32.066666666,1.98810957765,0.217725629112,-0.00398216900348,0.99550605291,0.0934006271139,-0.0156211866992,0.994054788827,0.108862814556,-0.00199108450174,1.98519603047,0.204289251981,-0.0302719943847,1.9847277507975851,0.20564117738308635,-0.03019245511955439
32.016666666666666,-11.532290100017024,2.9368497023070796,2.950485086571015,1.924066884037575,0.36993767467330446,-0.020753741387728897,1.9881267713821986,0.21756882257254911,-0.003968420061971219,DEPTH_PROPOSAL_CERTIFIED,1.3867875812338748,0,32,0,0,109,FULL_MOTION_CERTIFICATE,0,0,0,115,0,0,0,0,0,,32.083333333,1.98811853169,0.217643974236,-0.00397547940071,0.99550605291,0.0934006271139,-0.0156211866992,0.994059265844,0.108821987118,-0.00198773970035,1.98563664225,0.20296440364,-0.0303455079478,1.9852037514111942,0.20421420927595896,-0.030271994384686515
32.03333333333333,-11.500144570118389,2.942804418253771,2.950127080064856,1.9287317939182524,0.3572829568015088,-0.02148039036955198,1.9881343457147862,0.21749973274864273,-0.003961015464161471,DEPTH_PROPOSAL_CERTIFIED,1.3749512941323432,0,32,0,0,109,FULL_MOTION_CERTIFICATE,0,0,0,115,0,0,0,0,0,,32.1,1.98812677138,0.217568822573,-0.00396842006197,0.99550605291,0.0934006271139,-0.0156211866992,0.994063385691,0.108784411286,-0.00198421003099,1.98604387435,0.2017399226,-0.0304134523015,1.9856436944625204,0.2028953987655923,-0.030345507947794177
32.05,-11.467926668354945,2.9485626614620295,2.949757794440096,1.9330741058066967,0.34549459249553727,-0.022157137485605893,1.9881413003032,0.21743629305907486,-0.003953288432364088,DEPTH_PROPOSAL_CERTIFIED,1.3631827134664147,0,32,0,0,109,FULL_MOTION_CERTIFICATE,0,0,0,115,0,0,0,0,0,,32.116666666,1.98813434571,0.217499732749,-0.00396101546416,0.99550605291,0.0934006271139,-0.0156211866992,0.994067172857,0.108749866374,-0.00198050773208,1.98642025551,0.200608205344,-0.0304762493517,1.9860503108457186,0.20167654796267612,-0.030413452301464118
32.06666666666667,-11.435641402931306,2.9541378939227316,2.9493780048862117,1.9371159254176167,0.3345139476420159,-0.022787373233040743,1.9881476776346432,0.21737811950041272,-0.003945260249856728,DEPTH_PROPOSAL_CERTIFIED,1.3514803233529624,0,32,0,0,110,FULL_MOTION_CERTIFICATE,0,0,0,115,0,0,0,0,0,,32.133333333,1.9881413003,0.217436293059,-0.00395328843236,0.99550605291,0.0934006271139,-0.0156211866992,0.994070650152,0.10871814653,-0.00197664421618,1.98676812296,0.199562224178,-0.0305342890534,1.986426124670821,0.20055008042910885,-0.03047624935174284
32.083333333333336,-11.403293438589015,2.959542665583125,2.9489884338729584,1.9408778605375505,0.32428629962360633,-0.02337426079518917,1.9881535172822489,0.2173248539328372,-0.003936950760885115,DEPTH_PROPOSAL_CERTIFIED,1.3398427794174603,0,32,0,0,110,FULL_MOTION_CERTIFICATE,0,0,0,115,0,0,0,0,0,,32.15,1.98814767763,0.2173781195,-0.00394526024986,0.995528297254,0.0931632325116,-0.0156211866992,0.994073838817,0.10868905975,-0.00197263012493,1.98709300718,0.198559515131,-0.0305879318079,1.9867734690007468,0.19950899379900178,-0.030534289053400394
32.1,-11.370887115649364,2.964788629854736,2.948589754689235,1.944379376379198,0.31475785629667713,-0.023920751023422893,1.988158856105799,0.21727616236187397,-0.0039283784666925906,DEPTH_PROPOSAL_CERTIFIED,1.3282688635978663,0,32,0,0,110,FULL_MOTION_CERTIFICATE,0,0,0,115,0,0,0,0,0,,32.166666666,1.98815351728,0.217324853933,-0.00393695076089,0.995528297254,0.0931632325116,-0.0156211866992,0.994076758641,0.108662426966,-0.00196847538044,1.98739327893,0.197632768948,-0.0306375107143,1.9870978696473,0.19851084770813338,-0.03058793180787474
32.11666666666667,-11.338426476650897,2.9698866528385333,2.948182594748326,1.9476383399081556,0.3058813790278695,-0.02442959645454667,1.988163728307708,0.21723173452831093,-0.00391956061520123,DEPTH_PROPOSAL_CERTIFIED,1.3167575059144436,0,32,0,0,110,FULL_MOTION_CERTIFICATE,0,0,0,115,0,0,0,0,0,,32.183333333,1.98815885611,0.217276162362,-0.00392837846669,0.995528297254,0.0931632325116,-0.0156211866992,0.994079428053,0.108638081181,-0.00196418923335,1.98767080284,0.196776230754,-0.0306833336458,1.9873976949614398,0.19758835634840996,-0.030637510714257143
32.13333333333333,-11.305915286558301,2.9748468657293277,2.9477675386745994,1.950671405555794,0.2976127734476705,-0.02490336442357969,1.9881681657569947,0.21719128103198965,-0.003910513284866631,DEPTH_PROPOSAL_CERTIFIED,1.3053077713291668,0,32,0,0,110,FULL_MOTION_CERTIFICATE,0,0,0,115,0,0,0,0,0,,32.2,1.98816372831,0.217231734528,-0.0039195606152,0.995528297254,0.0931632325116,-0.0156211866992,0.994081864154,0.108615867264,-0.0019597803076,1.98792730222,0.19598458182,-0.030725685143,1.9876748064569871,0.1967357853692369,-0.030683333645782917
32.15,-11.273357051618396,2.9796787137991387,2.9473451311858234,1.9534940963944134,0.2899108841886824,-0.025344449326568534,1.988172198148559,0.2171545319493694,-0.003901251462966021,DEPTH_PROPOSAL_CERTIFIED,1.2939188465641869,0,32,0,0,110,FULL_MOTION_CERTIFICATE,0,0,0,116,0,0,0,0,0,,32.216666666,1.98816816576,0.217191281032,-0.00391051328487,0.995528297254,0.0931632325116,-0.0156211866992,0.994084082878,0.108595640516,-0.00195525664243,1.98816436981,0.195252906334,-0.0307648281911,1.9879309246255699,0.19594783522902137,-0.030725685143032762
32.166666666666664,-11.240755036952134,2.9843910021768663,2.9469158797843393,1.9561208799758318,0.2827373026636732,-0.02575508408903366,1.9881758531514697,0.21712123554107113,-0.0038917891187210127,DEPTH_PROPOSAL_CERTIFIED,1.2825900271060653,0,32,0,0,110,FULL_MOTION_CERTIFICATE,0,0,0,116,0,0,0,0,0,,32.233333333,1.98817219815,0.217154531949,-0.00390125146297,0.995528297254,0.0931632325116,-0.0156211866992,0.994086099074,0.108577265975,-0.00195062573148,1.98838347774,0.194576660767,-0.030801005859,1.9881676396691377,0.19521960805855565,-0.030764828191108505
32.18333333333333,-11.208112282965889,2.9889919386283705,2.9464802572695095,1.958565239174765,0.27605618709027563,-0.026137350889791962,1.9881791565470428,0.21709115704368342,-0.003882139271589467,DEPTH_PROPOSAL_CERTIFIED,1.27132070457055,0,32,0,0,111,FULL_MOTION_CERTIFICATE,0,0,0,116,0,0,0,0,0,,32.25,1.98817585315,0.217121235541,-0.00389178911872,0.995541490848,0.0930221399801,-0.0156211866992,0.994087926576,0.108560617771,-0.00194589455936,1.98858798562,0.193930268268,-0.0308344427945,1.9883864214017506,0.19454657709482004,-0.03080100585904354
32.2,-11.175431618136397,2.9934891465369993,2.9460387040830827,1.9608398897688215,0.2698324745176216,-0.026493191185603646,1.988182132357437,0.21706407754046825,-0.003872314055040058,DEPTH_PROPOSAL_CERTIFIED,1.2587763385206692,0,32,0,0,111,FULL_MOTION_CERTIFICATE,0,0,0,116,0,0,0,0,0,,32.266666666,1.98817915655,0.217091157044,-0.00388213927159,0.995541490848,0.0930221399801,-0.0156211866992,0.994089578274,0.108545578522,-0.00194106963579,1.98877700047,0.193332844936,-0.0308653466269,1.9885906270162985,0.1939031811312725,-0.03083444279450444
32.21666666666667,-11.142715676195623,2.997889733330898,2.9455916304983716,1.9629565164465892,0.26403520763392885,-0.02682441508267071,1.9881848028876314,0.21703979361857395,-0.0038623247760820375,DEPTH_PROPOSAL_CERTIFIED,1.2457376900003423,0,32,0,0,111,FULL_MOTION_CERTIFICATE,0,0,0,116,0,0,0,0,0,,32.283333333,1.98818213236,0.21706407754,-0.00387231405504,0.995541490848,0.0930221399801,-0.0156211866992,0.994091066179,0.10853203877,-0.00193615702752,1.98895169602,0.192780680911,-0.0308939092617,1.9887793619153575,0.19330855165287286,-0.03086534662688917
32.233333333333334,-11.109966909404303,3.0022003249035065,2.9451394186634343,1.9649260074793014,0.2586354943565228,-0.027132710096230354,1.988187188926494,0.21701811556326223,-0.0038521819708930392,DEPTH_PROPOSAL_CERTIFIED,1.232634777337411,0,32,0,0,111,FULL_MOTION_CERTIFICATE,0,0,0,116,0,0,0,0,0,,32.299999999,1.98818480289,0.217039793619,-0.00386232477608,0.995541490848,0.0930221399801,-0.0156211866992,0.994092401444,0.108519896809,-0.00193116238804,1.98911315705,0.192270347526,-0.0309203080588,1.9889537980783905,0.19275899237216484,-0.03089390926165822
32.25,-11.07718760093218,3.0064270977803362,2.944682424507837,1.9667585083273995,0.25360637260979674,-0.027419649335821427,1.9881893098493997,0.21699886644834887,-0.003841895456730211,DEPTH_PROPOSAL_CERTIFIED,1.219472915818219,0,32,0,0,111,FULL_MOTION_CERTIFICATE,0,0,0,116,0,0,0,0,0,,32.316666666,1.98818718893,0.217018115563,-0.00385218197089,0.995541490848,0.0930221399801,-0.0156211866992,0.994093594463,0.108509057782,-0.00192609098545,1.98926238619,0.191798675732,-0.0309447069487,1.9891150186741995,0.19225108729973506,-0.030920308058832714
32.266666666666666,-11.04437987640382,3.0105758091756294,2.944220979521921,1.9684634717018161,0.24892268371759405,-0.027686699154976933,1.9881911837138981,0.2169818812859736,-0.00383147438039171,DEPTH_PROPOSAL_CERTIFIED,1.2062570483369797,0,32,0,0,111,FULL_MOTION_CERTIFICATE,0,0,0,116,0,0,0,0,0,,32.333333333,1.98818930985,0.216998866448,-0.00384189545673,0.995541490848,0.0930221399801,-0.0156211866992,0.994094654925,0.108499433224,-0.00192094772837,1.9894003101,0.191362736649,-0.0309672574377,1.9892640248696989,0.19178167923271752,-0.03094470694867428
32.28333333333333,-11.011545714665523,3.014651825074258,2.943755392416961,1.9700497042978768,0.24456095391772278,-0.02793522629760998,1.988192827348898,0.2169670062319238,-0.0038209272634535446,DEPTH_PROPOSAL_CERTIFIED,1.192991770192125,0,32,0,0,111,FULL_MOTION_CERTIFICATE,0,0,0,116,0,0,0,0,0,,32.35,1.98819118371,0.216981881286,-0.00383147438039,0.995548771589,0.0929441870842,-0.0156211866992,0.994095591857,0.108490940643,-0.0019157371902,1.98952888836,0.190948012211,-0.0309880995564,1.9894017419698176,0.1913478503592901,-0.030967257437733306
32.3,-10.978686956432316,3.018660131552459,2.943285950674048,1.971525493992501,0.24049838869206752,-0.028166504574789128,1.988194256437811,0.21695409784295824,-0.0038102620444933253,DEPTH_PROPOSAL_CERTIFIED,1.1796813397197674,0,32,0,0,112,FULL_MOTION_CERTIFICATE,0,0,0,116,0,0,0,0,0,,32.366666666,1.98819282735,0.216967006232,-0.00382092726345,0.995548771589,0.0929441870842,-0.0156211866992,0.994096413674,0.108483503116,-0.00191046363173,1.98964772584,0.190564706314,-0.0310073627254,1.9895301282669176,0.1909350929390704,-0.030988099556374906
32.31666666666667,-10.945805315252684,3.0226053764552003,2.942812921989025,1.9728984707771928,0.2367146941644001,-0.028381721101354212,1.9881954855530084,0.2169430227775788,-0.003799486118486553,DEPTH_PROPOSAL_CERTIFIED,1.1663297141757356,0,32,0,0,112,FULL_MOTION_CERTIFICATE,0,0,0,116,0,0,0,0,0,,32.383333333,1.98819425644,0.216954097843,-0.00381026204449,0.995548771589,0.0929441870842,-0.0156211866992,0.994097128219,0.108477048921,-0.00190513102225,1.98975756049,0.19021043872,-0.0310251665647,1.9896487875504238,0.19055362092687622,-0.031007362725447195
32.333333333333336,-10.912902386212005,3.0264918920257085,2.942336555620337,1.974175742440813,0.23319093423050882,-0.028581982121301287,1.988196528277642,0.21693365669364825,-0.0037886063735975274,DEPTH_PROPOSAL_CERTIFIED,1.1529405696759762,0,32,0,0,112,FULL_MOTION_CERTIFICATE,0,0,0,116,0,0,0,0,0,,32.4,1.98819548555,0.216943022778,-0.00379948611849,0.995548771589,0.0929441870842,-0.0156211866992,0.994097742777,0.108471511389,-0.00189974305924,1.98985907433,0.189883009581,-0.0310416216281,1.9897584567369815,0.19020106303703255,-0.031025166564655763
32.35,-10.879979654047009,3.030323716047671,2.9418570836462106,1.9753639298998658,0.22990944131777946,-0.028768318447576918,1.9881973972723206,0.21692588364924525,-0.00377762922549837,DEPTH_PROPOSAL_CERTIFIED,1.1395173198127302,0,32,0,0,112,FULL_MOTION_CERTIFICATE,0,0,0,116,0,0,0,0,0,,32.416666666,1.98819652828,0.216933656694,-0.0037886063736,0.995548771589,0.0929441870842,-0.0156211866992,0.994098264139,0.108466828347,-0.0018943031868,1.98995289773,0.189580385698,-0.031056830095,1.9898598169003083,0.18987522778247895,-0.031041621628139737
32.36666666666667,-10.847038500710772,3.034104611595461,2.941374722137176,1.9764692001743736,0.22685373286742377,-0.028941690542076216,1.9881981043373051,0.21691959554272638,-0.0037665606493921026,DEPTH_PROPOSAL_CERTIFIED,1.126063133036567,0,32,0,0,112,FULL_MOTION_CERTIFICATE,0,0,0,116,0,0,0,0,0,,32.433333333,1.98819739727,0.216925883649,-0.0037776292255,0.995548771589,0.0929441870842,-0.0156211866992,0.994098698636,0.108462941825,-0.00188881461275,1.99003961329,0.189300687849,-0.0310708864061,1.9899534975233688,0.18957408977308224,-0.031056830094967788
32.38333333333333,-10.814080212424727,3.037838085481899,2.9408896722495252,1.9774972971627633,0.22400843318630848,-0.02910299325904827,1.9881986604705362,0.21691469158949095,-0.003755406209891106,DEPTH_PROPOSAL_CERTIFIED,1.1125809488880392,0,32,0,0,112,FULL_MOTION_CERTIFICATE,0,0,0,116,0,0,0,0,0,,32.45,1.98819810434,0.216919595543,-0.00376656064939,0.995552183344,0.0929076356688,-0.0156211866992,0.994099052169,0.108459797771,-0.0018832803247,1.99012027643,0.189036641138,-0.0310838778452,1.9900400804211185,0.18929577707669976,-0.03107088640610742
32.4,-10.781105985599444,3.0415273984951257,2.940402121244973,1.9784536095170602,0.22135878079359692,-0.029253060273148373,1.9881990759217605,0.21691107783309502,-0.003744171088892246,DEPTH_PROPOSAL_CERTIFIED,1.1019214360439995,0,32,0,0,112,FULL_MOTION_CERTIFICATE,0,0,0,117,0,0,0,0,0,,32.466666666,1.98819866047,0.216914691589,-0.00375540620989,0.995552183344,0.0929076356688,-0.0156211866992,0.994099330235,0.108457345795,-0.00187770310495,1.99019482872,0.188792597981,-0.0310958850836,1.9901206202394823,0.1890330216025139,-0.031083877845169725
32.416666666666664,-10.748116933713105,3.045175589540566,2.9399122434414173,1.9793431131804478,0.2188914627264279,-0.029392668213331287,1.988199360222784,0.21690866687409932,-0.0037328601115759444,DEPTH_PROPOSAL_CERTIFIED,1.0933862537238574,0,32,0,0,112,FULL_MOTION_CERTIFICATE,0,0,0,117,0,0,0,0,0,,32.483333333,1.98819907592,0.216911077833,-0.00374417108889,0.995552183344,0.0929076356688,-0.0156211866992,0.994099537961,0.108455538917,-0.00187208554445,1.99026373311,0.188567042928,-0.0311069826834,1.990195057873777,0.1887901823069642,-0.03109588508356295
32.43333333333333,-10.715114093010522,3.0487854905442333,2.9394202010993897,1.9801704421550728,0.21659406022003796,-0.029522540521668774,1.9881995222578668,0.21690737722998896,-0.0037214777706699666,DEPTH_PROPOSAL_CERTIFIED,1.084861096317375,0,32,0,0,112,FULL_MOTION_CERTIFICATE,0,0,0,117,0,0,0,0,0,,32.5,1.98819936022,0.216908666874,-0.00373286011158,0.995552183344,0.0929076356688,-0.0156211866992,0.994099680111,0.108454333437,-0.00186643005579,1.99032741748,0.188358575379,-0.0311172395559,1.9902638556454983,0.1885657496420789,-0.0311069826833862
32.45,-10.682098427814637,3.0523597403715104,2.9389261452484803,1.9809399117523363,0.2144549896365564,-0.029643351054567647,1.988199570307327,0.21690713293977115,-0.003710028249075501,DEPTH_PROPOSAL_CERTIFIED,1.0763477366710843,0,32,0,0,112,FULL_MOTION_CERTIFICATE,0,0,0,117,0,0,0,0,0,,32.516666666,1.98819952226,0.21690737723,-0.00372147777067,0.995552183344,0.0929076356688,-0.0156211866992,0.994099761129,0.108453688615,-0.00186073888533,1.99038627726,0.188165900838,-0.0311267193921,1.990327440838949,0.18835832851809176,-0.031117239555933297
32.46666666666667,-10.649070835476573,3.055900797824979,2.9384302164577507,1.9816555402839426,0.21246344720811772,-0.029755727443774412,1.9881995120882359,0.21690786319456998,-0.0036985154409701934,DEPTH_PROPOSAL_CERTIFIED,1.0678478372832032,0,32,0,0,112,FULL_MOTION_CERTIFICATE,0,0,0,117,0,0,0,0,0,,32.533333333,1.98819957031,0.21690713294,-0.00371002824908,0.995552183344,0.0929076356688,-0.0156211866992,0.994099785154,0.10845356647,-0.00185501412454,1.99044067798,0.187987822842,-0.0311354810594,1.9903862083695403,0.18816662958116437,-0.031126719392097043
32.483333333333334,-10.616032150988305,3.0594109537809215,2.93793254555387,1.982321069296168,0.21060935735656552,-0.029860254232837623,1.9881993547923884,0.21690950199254688,-0.00368694297148935,DEPTH_PROPOSAL_CERTIFIED,1.0593629568540606,0,32,0,0,112,FULL_MOTION_CERTIFICATE,0,0,0,117,0,0,0,0,0,,32.549999999,1.98819951209,0.216907863195,-0.00369851544097,0.99466531759,-0.10310573324,-0.00318021342982,0.994099756044,0.108453931597,-0.00184925772049,1.99048731874,0.186146448666,-0.031038588109,1.9904405232453173,0.18798946116762724,-0.03113548105940887
32.5,-10.582983155872608,3.0628902253652357,2.9374333868546914,1.9829397069419503,0.208756295058855,-0.029949521950729873,1.9881991051217385,0.21691198781657836,-0.00367531421507966,DEPTH_PROPOSAL_CERTIFIED,1.0508927383871465,0,32,0,0,112,FULL_MOTION_CERTIFICATE,0,0,0,117,0,0,0,0,0,,32.566666666,1.98819935479,0.216909501993,-0.00368694297149,0.99466531759,-0.10310573324,-0.00318021342982,0.994099677396,0.108454750996,-0.00184347148574,1.99052594999,0.182641784909,-0.0308359502474,1.9904870862204973,0.18614893502678523,-0.031038588109015386
32.516666666666666,-10.549924582553327,3.066336528291342,2.936933108927865,1.9835143991569466,0.20677817556637404,-0.030016675609565432,1.9881987632314326,0.2169153190935804,-0.0036636358350019904,DEPTH_PROPOSAL_CERTIFIED,1.0424349918884248,0,32,0,0,112,FULL_MOTION_CERTIFICATE,0,0,0,117,0,0,0,0,0,,32.583333333,1.98819910512,0.216911987817,-0.00367531421508,0.99466531759,-0.10310573324,-0.00318021342982,0.994099552561,0.108455993908,-0.00183765710754,1.99055630227,0.1774738392,-0.0305274700144,1.990525644179901,0.1826451177581048,-0.03083595024735933
32.53333333333333,-10.51685711841881,3.0697458361379053,2.936432186058609,1.9840478480710957,0.20455847079381115,-0.030055372155383817,1.9881983232124296,0.21691954977255426,-0.003651917545016011,DEPTH_PROPOSAL_CERTIFIED,1.0339857718682162,0,32,0,0,112,FULL_MOTION_CERTIFICATE,0,0,0,117,0,0,0,0,0,,32.6,1.98819876323,0.216915319094,-0.003663635835,0.99466531759,-0.10310573324,-0.00318021342982,0.994099381616,0.108457659547,-0.0018318179175,1.99057807996,0.170642619845,-0.0301130404861,1.9905559248237152,0.17747807256854237,-0.03052747001436812
32.55,-10.483781409609128,3.0731123275557515,2.9359311903758036,1.9845425285811233,0.20198948507076936,-0.030059740968316016,1.9881977735373515,0.21692478523611672,-0.0036401718892880228,DEPTH_PROPOSAL_CERTIFIED,1.0255394499672732,0,32,0,0,112,FULL_MOTION_CERTIFICATE,0,0,0,117,0,0,0,0,0,,32.616666666,1.98819832321,0.216919549773,-0.00365191754502,0.99466531759,-0.10310573324,-0.00318021342982,0.994099161606,0.108459774886,-0.00182595877251,1.99059095245,0.162148136811,-0.0295925421179,1.9905776308034602,0.17064785924965753,-0.03011304048608883
32.56666666666667,-10.450698064558724,3.0764285223200636,2.9354307845905367,1.985000703023482,0.19897168585864933,-0.03002434711601303,1.9881970974723158,0.2169311785203306,-0.003628414039224169,DEPTH_PROPOSAL_CERTIFIED,1.017088783007386,0,32,0,0,112,FULL_MOTION_CERTIFICATE,0,0,0,117,0,0,0,0,0,,32.616666666,1.98819832321,0.216919549773,-0.00365191754502,0.99466531759,-0.10310573324,-0.00318021342982,0.994099161606,0.108459774886,-0.00182595877251,1.99059095245,0.162148136811,-0.0295925421179,1.9905904312202547,0.16215453547079958,-0.029592542117916776
32.583333333333336,-10.417607657329263,3.0796854070708184,2.9349317153068464,1.9854244337677325,0.19541308504531152,-0.02994415702143422,1.9881962734572354,0.21693892681948304,-0.003616661606057851,DEPTH_PROPOSAL_CERTIFIED,1.008624976742275,0,32,0,0,112,FULL_MOTION_CERTIFICATE,0,0,0,117,0,0,0,0,0,,32.65,1.98819709747,0.21693117852,-0.00362841403922,0.99466531759,-0.10310573324,-0.00318021342982,0.994098548736,0.10846558926,-0.00181420701961,1.99058839833,0.140169422191,-0.0282327659856,1.9905939488475881,0.15199815512258746,-0.028965837867572723
32.6,-10.384510730773888,3.0828725515280397,2.9344348068704234,1.9858155933226038,0.19122866743329842,-0.029814506185383716,1.9881952754568508,0.2169482682542946,-0.0036049344681660118,DEPTH_PROPOSAL_CERTIFIED,1.0035983572583596,0,32,0,0,112,FULL_MOTION_CERTIFICATE,0,0,0,117,0,0,0,0,0,,32.666666666,1.98819627346,0.216938926819,-0.00361666160606,0.99466531759,-0.10310573324,-0.00318021342982,0.994098136729,0.10846946341,-0.00180833080303,1.99057197383,0.126685220977,-0.0273931274226,1.990587739892036,0.1401787725667354,-0.02823276598556744
32.61666666666667,-10.351407799589357,3.0859782159035594,2.933940955730418,1.9861758710720165,0.18633986253119644,-0.029631068400320665,1.9881940732845782,0.21695947888342884,-0.0035932546122448925,DEPTH_PROPOSAL_CERTIFIED,1.0024545431323735,0,32,0,0,112,FULL_MOTION_CERTIFICATE,0,0,0,117,0,0,0,0,0,,32.683333333,1.98819527546,0.216948268254,-0.00360493446817,0.99466531759,-0.10310573324,-0.00318021342982,0.994097637728,0.108474134127,-0.00180246723408,1.99054454898,0.111537815695,-0.026446662246,1.9905712596148528,0.12669644272554878,-0.0273931274225513
32.63333333333333,-10.318299353345793,3.088989450175281,2.933451125305254,1.9865067746139586,0.18067405630329555,-0.029389825509840595,1.9881926329010768,0.21697286993977394,-0.0035816459877228814,DEPTH_PROPOSAL_CERTIFIED,1.0012410082102683,0,32,0,0,112,FULL_MOTION_CERTIFICATE,0,0,0,117,0,0,0,0,0,,32.7,1.98819407328,0.216959478883,-0.00359325461224,0.99466531759,-0.10310573324,-0.00318021342982,0.994097036642,0.108479739442,-0.00179662730612,1.99050509677,0.0947272381576,-0.0253929991602,1.9905437978256524,0.11155122032290053,-0.02644666224598357
32.65,-10.28518585967304,3.0918921858528963,2.9329663413780063,1.986809620365252,0.17416414065694238,-0.029087035634865713,1.988190916689276,0.21698878527427443,-0.003570134374205426,DEPTH_PROPOSAL_CERTIFIED,0.9999444289483124,0,32,0,0,112,FULL_MOTION_CERTIFICATE,0,0,0,118,0,0,0,0,0,,32.716666666,1.9881926329,0.21697286994,-0.00358164598772,0.99466531759,-0.10310573324,-0.00318021342982,0.994096316451,0.10848643497,-0.00179082299386,1.99045188975,0.0762535433323,-0.0242315137391,1.9905043385310333,0.09474316977142885,-0.025392999160171927
32.666666666666664,-10.25206776808638,3.0946713208178713,2.932487688160223,1.9870854951997485,0.1667480978985071,-0.028719193067004073,1.9881888837075288,0.2170075989907522,-0.003558747262669586,DEPTH_PROPOSAL_CERTIFIED,0.9985504199151103,0,32,0,0,112,FULL_MOTION_CERTIFICATE,0,0,0,118,0,0,0,0,0,,32.733333333,1.98819091669,0.216988785274,-0.00357013437421,0.99466531759,-0.10310573324,-0.00318021342982,0.994095458345,0.108494392637,-0.0017850671871,1.99038064033,0.0561168710735,-0.0229606563434,1.9904511681806045,0.0762723762455913,-0.024231513739091784
32.68333333333333,-10.21894551675112,3.097310797840498,2.9320163058221413,1.987335080115773,0.1583686213576062,-0.028282940284912794,1.9881864899225183,0.21702971325544204,-0.0035475137541481037,DEPTH_PROPOSAL_CERTIFIED,0.997043592836734,0,32,0,0,112,FULL_MOTION_CERTIFICATE,0,0,0,118,0,0,0,0,0,,32.75,1.98818888371,0.217007598991,-0.00355874726267,0.99466531759,-0.10310573324,-0.00318021342982,0.994094441854,0.108503799495,-0.00177937363133,1.99030109448,0.0362435117704,-0.0217030631755,1.9903800160912708,0.056139007558608955,-0.022960656343398875
32.7,-10.185819521043198,3.0997961091545294,2.9315532314097026,1.9875597424745721,0.14911867884184649,-0.02778446474632357,1.988183688424161,0.21705555625912493,-0.0035364644972267576,DEPTH_PROPOSAL_CERTIFIED,0.9954098172022783,0,32,0,0,112,FULL_MOTION_CERTIFICATE,0,0,0,118,0,0,0,0,0,,32.766666666,1.98818648992,0.217029713255,-0.00354751375415,0.99466531759,-0.10310573324,-0.00318021342982,0.994093244961,0.108514856628,-0.00177375687707,1.99022757484,0.0178757111224,-0.020540742289,1.9903006232519218,0.036269380149623,-0.021703063175537482
32.71666666666667,-10.15269015720045,3.1021157475149472,2.931099303111478,1.9877618305650555,0.13917830162508357,-0.02723569789349661,1.9881804366569102,0.21708551597442388,-0.003525627441422008,DEPTH_PROPOSAL_CERTIFIED,0.9936375574297485,0,32,0,0,112,FULL_MOTION_CERTIFICATE,0,0,0,118,0,0,0,0,0,,32.783333333,1.98818368842,0.217055556259,-0.00353646449723,0.99466531759,-0.10310573324,-0.00318021342982,0.994091844212,0.10852777813,-0.00176823224861,1.99015962487,0.000899409449339,-0.0194664759471,1.9902273052689534,0.017905699580568618,-0.020540742289007256
32.733333333333334,-10.119557765859657,3.1042608347715137,2.9306551844369224,1.9879434804476666,0.12870523539398368,-0.026647120473316202,1.9881767006225333,0.21711990166503134,-0.0035150252723337235,DEPTH_PROPOSAL_CERTIFIED,0.9917175684604174,0,32,0,0,112,FULL_MOTION_CERTIFICATE,0,0,0,118,0,0,0,0,0,,32.799999999,1.98818043666,0.217085515974,-0.00352562744142,0.99466531759,-0.10310573324,-0.00318021342982,0.994090218328,0.108542757987,-0.00176281372071,1.99009682262,-0.0147908077965,-0.0184735934802,1.990159609015521,0.0009338273745571057,-0.019466475947114793
32.75,-10.086422655286166,3.1062247895084782,2.930221385872207,1.988106634409557,0.11783728421787146,-0.02602791388292885,1.9881724538231331,0.21715895354489342,-0.0035046760460613713,DEPTH_PROPOSAL_CERTIFIED,0.9896426219659018,0,32,0,0,112,FULL_MOTION_CERTIFICATE,0,0,0,118,0,0,0,0,0,,32.816666666,1.98817670062,0.217119901665,-0.00351502527233,0.99466531759,-0.10310573324,-0.00318021342982,0.994088350311,0.108559950833,-0.00175751263617,1.99003877812,-0.0292923731384,-0.0175559293239,1.99009711274462,-0.014751720130705831,-0.01847359348020269
32.766666666666666,-10.053285104321317,3.1080030299523584,2.9297982842576924,1.98825305789107,0.1066944266328103,-0.025386096870883328,1.9881676763155083,0.2172028514284705,-0.0034945937578976676,DEPTH_PROPOSAL_CERTIFIED,0.9874072603308097,0,32,0,0,112,FULL_MOTION_CERTIFICATE,0,0,0,118,0,0,0,0,0,,32.833333333,1.98817245382,0.217158953545,-0.00350467604606,0.99466531759,-0.10310573324,-0.00318021342982,0.994086226912,0.108579476772,-0.00175233802303,1.98998513092,-0.0426953350233,-0.0167077851809,1.9900394243655288,-0.029248435904944137,-0.017555929323927466
32.78333333333333,-10.02014536507126,3.109592708719822,2.929386140107433,1.988384355003516,0.09538072604783196,-0.02472864901558021,1.9881623538661632,0.21725172246962157,-0.0034847888516225264,DEPTH_PROPOSAL_CERTIFIED,0.9850075758357839,0,32,0,0,112,FULL_MOTION_CERTIFICATE,0,0,0,118,0,0,0,0,0,,32.85,1.98816767632,0.217202851428,-0.0034945937579,0.99466531759,-0.10310573324,-0.00318021342982,0.994083838158,0.108601425714,-0.00174729687895,1.98993554791,-0.0550829209875,-0.0159238943833,1.9899861797753582,-0.0426464210889122,-0.016707785180881667
32.8,-9.987003665358879,3.1109924762814347,2.928985113071608,1.9885019827430013,0.08398605369676412,-0.024061622149497735,1.9881564771972553,0.21730564807716252,-0.003475268675107618,DEPTH_PROPOSAL_CERTIFIED,0.9818277591177833,0,32,0,0,112,FULL_MOTION_CERTIFICATE,0,0,0,118,0,0,0,0,0,,32.866666666,1.98816235387,0.21725172247,-0.00348478885162,0.99466531759,-0.10310573324,-0.00318021342982,0.994081176933,0.108625861235,-0.00174239442581,1.98988972119,-0.0665320527639,-0.0151993892968,1.9899370411647197,-0.05502894898627203,-0.01592389438329107
32.81666666666667,-9.953860210958807,3.1122022703144956,2.9285952757237284,1.9886072640036214,0.07258764198363436,-0.02339024087278119,1.9881500413145792,0.21736467008738672,-0.0034660378874398308,DEPTH_PROPOSAL_CERTIFIED,0.9775149609494951,0,32,0,0,112,FULL_MOTION_CERTIFICATE,0,0,0,118,0,0,0,0,0,,32.883333333,1.9881564772,0.217305648077,-0.00347526867511,0.99466531759,-0.10310573324,-0.00318021342982,0.994078238599,0.108652824039,-0.00173763433755,1.98984736619,-0.077113826742,-0.014529770917,1.9898916953831869,-0.06647298091649306,-0.015199389296842631
32.833333333333336,-9.920715187634084,3.1132231283761787,2.928216625837914,1.9887013994834883,0.061251483700977875,-0.02271899314885803,1.9881430449094846,0.21742879626621833,-0.0034570988222797686,DEPTH_PROPOSAL_CERTIFIED,0.9730194007030044,0,32,0,0,112,FULL_MOTION_CERTIFICATE,0,0,0,118,0,0,0,0,0,,32.9,1.98815004131,0.217364670087,-0.00346603788744,0.991809457902,-0.124870220668,0.0268593969907,0.994075020657,0.108682335044,-0.00173301894372,1.98966640287,-0.0885011153821,-0.0124076678167,1.9898498523378643,-0.07704964734743974,-0.014529770916994986
32.85,-9.887568941982451,3.114054992323528,2.9278509953022662,1.9887747390980277,0.049911836840970794,-0.02193783213884905,1.9881354898273529,0.2174980052070694,-0.003448451811744848,DEPTH_PROPOSAL_CERTIFIED,0.9683466164346317,0,32,0,0,112,FULL_MOTION_CERTIFICATE,0,0,0,118,0,0,0,0,0,,32.916666666,1.98814304491,0.217428796266,-0.00345709882228,0.991809457902,-0.124870220668,0.0268593969907,0.994071522455,0.108714398133,-0.00172854941114,1.98933229617,-0.100345774375,-0.00869021655223,1.989669482395407,-0.08843185485112412,-0.012407667816738938
32.86666666666667,-9.854421987611564,3.114697230931329,2.9275020915539756,1.9888172622532867,0.03853431646806231,-0.02093422489743841,1.9881273746609678,0.21757230410961,-0.003440146526375438,DEPTH_PROPOSAL_CERTIFIED,0.9635006624638236,0,32,0,0,112,FULL_MOTION_CERTIFICATE,0,0,0,118,0,0,0,0,0,,32.933333333,1.98813548983,0.217498005207,-0.00344845181174,0.991809457902,-0.124870220668,0.0268593969907,0.994067744914,0.108749002604,-0.00172422590587,1.98889946432,-0.111663552401,-0.00396226111421,1.989336044747445,-0.10027143208142969,-0.008690216552227844
32.88333333333333,-9.821274923820821,3.115149926068894,2.927174617052886,1.9888238274447172,0.027161708253905868,-0.019648470065375952,1.9881186962613349,0.21765171492121801,-0.0034322832026686804,DEPTH_PROPOSAL_CERTIFIED,0.9584854309103954,0,32,0,0,112,FULL_MOTION_CERTIFICATE,0,0,0,118,0,0,0,0,0,,32.95,1.98812737466,0.21757230411,-0.00344014652638,0.991809457902,-0.124870220668,0.0268593969907,0.99406368733,0.108786152055,-0.00172007326319,1.98849942275,-0.122123922984,0.000407515874364,1.9889039227801686,-0.11158411195881124,-0.003962261114213008
32.9,-9.788128263078594,3.115414235990997,2.9268724657663667,1.9887996445337988,0.015858595326173532,-0.018129077191153285,1.9881094534946009,0.21773624038132527,-0.0034249890518459843,DEPTH_PROPOSAL_CERTIFIED,0.9533056755680698,0,32,0,0,112,FULL_MOTION_CERTIFICATE,0,0,0,119,0,0,0,0,0,,32.966666666,1.98811869626,0.217651714921,-0.00343228320267,0.991809457902,-0.124870220668,0.0268593969907,0.994059348131,0.108825857461,-0.00171614160133,1.98812968739,-0.131791840655,0.00444624890274,1.9885046130205937,-0.12203938239216944,0.0004075158743644053
32.916666666666664,-9.754982440743794,3.115492231744527,2.926598818679461,1.9887493400881449,0.004679745211806396,-0.0164188252143432,1.9880996483377817,0.2178258548187808,-0.003418369736586371,DEPTH_PROPOSAL_CERTIFIED,0.947966849333709,0,32,0,0,112,FULL_MOTION_CERTIFICATE,0,0,0,119,0,0,0,0,0,,32.983333333,1.98810945349,0.217736240381,-0.00342498905185,0.991809457902,-0.124870220668,0.0268593969907,0.994054726747,0.108868120191,-0.00171249452592,1.98778796227,-0.140727340885,0.00817901754396,1.9881356258511669,-0.13170222618348104,0.004446248902741089
32.93333333333333,-9.72183782381315,3.115386752184901,2.926356229474826,1.9886770158386846,-0.00632877357755922,-0.01455535227810817,1.9880892854127707,0.21792050841877916,-0.0034125118959219235,DEPTH_PROPOSAL_CERTIFIED,0.9424749634703575,0,32,0,0,112,FULL_MOTION_CERTIFICATE,0,0,0,119,0,0,0,0,0,,33,1.98809964834,0.217825854819,-0.00341836973659,0.991809457902,-0.124870220668,0.0268593969907,0.994049824169,0.108912927409,-0.00170918486829,1.98747212541,-0.148985909266,0.0116290006764,1.9877946599952698,-0.140632702807828,0.008179017543960602
32.95,-9.688694718785694,3.115101275725656,2.926146701321901,1.9885863016466603,-0.017128587554691717,-0.012571689175493053,1.9880783715734915,0.21802013100826378,-0.0034074854120272062,DEPTH_PROPOSAL_CERTIFIED,0.9368364660551414,0,32,0,0,112,FULL_MOTION_CERTIFICATE,0,0,0,119,0,0,0,0,0,,33.016666666,1.98808928541,0.217920508419,-0.00341251189592,0.991809457902,-0.124870220668,0.0268593969907,0.994044642706,0.108960254209,-0.00170625594796,1.9871802156,-0.156618828057,0.0148176212538,1.9874795885039633,-0.14888631807565553,0.011629000676401715
32.96666666666667,-9.655553378728046,3.1146398071154446,2.9259717556316396,1.9884804034590586,-0.02768811661268263,-0.010496741415699753,1.9880669155408004,0.21812463540801763,-0.00340334544341908,DEPTH_PROPOSAL_CERTIFIED,0.9310581372487978,0,32,0,0,112,FULL_MOTION_CERTIFICATE,0,0,0,119,0,0,0,0,0,,33.033333333,1.98807837157,0.218020131008,-0.00340748541203,0.991809457902,-0.124870220668,0.0268593969907,0.994039185787,0.109010065504,-0.00170374270601,1.98691042016,-0.163673495871,0.0177646798527,1.9871884455703182,-0.15651437112017966,0.014817621253780071
32.983333333333334,-9.622414009616252,3.114006777699851,2.9258324935540907,1.9883621467077748,-0.037981764935614025,-0.00835572465294296,1.988054927580222,0.21823392039530007,-0.003400134246927544,DEPTH_PROPOSAL_CERTIFIED,0.9251469992936576,0,32,0,0,112,FULL_MOTION_CERTIFICATE,0,0,0,119,0,0,0,0,0,,33.049999999,1.98806691554,0.218124635408,-0.00340334544342,0.991809457902,-0.124870220668,0.0268593969907,0.99403345777,0.109062317704,-0.00170167272171,1.98666106378,-0.170193718751,0.0204884762686,1.986919414342111,-0.16356427447538477,0.01776467985269152
33.0,-9.589276776023272,3.1132069577784893,2.9257296509221495,1.98823401557889,-0.04798919528169167,-0.00617055791645946,1.9880424192180821,0.2183478733167173,-0.003397882808744137,DEPTH_PROPOSAL_CERTIFIED,0.919733558737635,0,32,0,0,113,FULL_MOTION_CERTIFICATE,0,0,0,119,0,0,0,0,0,,33.066666666,1.98805492758,0.218233920395,-0.00340013424693,0.991809457902,-0.124870220668,0.0268593969907,0.99402746379,0.109116960198,-0.00170006712346,1.98643059802,-0.176219985734,0.0230059246306,1.986670815806497,-0.17007984550384642,0.020488476268640882
33.016666666666666,-9.556141806214796,3.1122453797927454,2.9256636472833235,1.9880981885086821,-0.05769467914464178,-0.003960218329564052,1.9880294029920398,0.21846637238709649,-0.0033966123029299635,DEPTH_PROPOSAL_CERTIFIED,0.9154949234228631,0,32,0,0,113,FULL_MOTION_CERTIFICATE,0,0,0,119,0,0,0,0,0,,33.083333333,1.98804241922,0.218347873317,-0.00339788280874,0.991809457902,-0.124870220668,0.0268593969907,0.994021209609,0.109173936658,-0.00169894140437,1.98621759178,-0.18178971733,0.0253326572037,1.9864410982521463,-0.17610158227264044,0.023005924630561576
33.03333333333333,-9.523009196710303,3.11112727120956,2.9256346295984534,1.987956570269752,-0.06708651499112789,-0.0017410610921976617,1.988015892232374,0.2185892887069471,-0.003396335394171307,DEPTH_PROPOSAL_CERTIFIED,0.9111296568033997,0,32,0,0,113,FULL_MOTION_CERTIFICATE,0,0,0,119,0,0,0,0,0,,33.1,1.98802940299,0.218466372387,-0.00339661230293,0.991809457902,-0.124870220668,0.0268593969907,0.994014701496,0.109233186194,-0.00169830615146,1.98602072239,-0.186937499555,0.0274831221541,1.9862288277548017,-0.18166691231826548,0.02533265720367396
33.05,-9.48987901636119,3.1098579960708994,2.925642511134854,1.987810820946862,-0.076156508319644,0.0004728921840358091,1.9880019008707772,0.2187164880277601,-0.0033970573999315724,DEPTH_PROPOSAL_CERTIFIED,0.9066439198765837,0,32,0,0,113,FULL_MOTION_CERTIFICATE,0,0,0,119,0,0,0,0,0,,33.116666666,1.98801589223,0.218589288707,-0.00339633539417,0.991809457902,-0.124870220668,0.0268593969907,0.994007946116,0.109294644353,-0.00169816769709,1.98583876735,-0.191695297984,0.0294706729706,1.986032679207603,-0.18681042692754748,0.027483122154085812
33.06666666666667,-9.456751309992919,3.108443004281858,2.9256870060308335,1.987662382095547,-0.08489950734245277,0.0026696937587756876,1.9879874432736995,0.21884783229173044,-0.003398777325811868,DEPTH_PROPOSAL_CERTIFIED,0.9020439214518494,0,32,0,0,114,FULL_MOTION_CERTIFICATE,0,0,0,119,0,0,0,0,0,,33.133333333,1.98800190087,0.218716488028,-0.00339705739993,0.991809457902,-0.124870220668,0.0268593969907,0.994000950435,0.109358244014,-0.00169852869997,1.98567059677,-0.196092657417,0.0313076518718,1.9858514281095048,-0.19156409542067712,0.029470672970591492
33.083333333333336,-9.423626101653948,3.1068877877987897,2.925767659964835,1.9875125003383867,-0.09331298898409712,0.004839236040064173,1.9879725340975827,0.21898318096984143,-0.0034014887866170014,DEPTH_PROPOSAL_CERTIFIED,0.897335864769065,0,32,0,0,114,FULL_MOTION_CERTIFICATE,0,0,0,119,0,0,0,0,0,,33.15,1.98798744327,0.218847832292,-0.00339877732581,0.991809457902,-0.124870220668,0.0268593969907,0.993993721637,0.109423916146,-0.00169938866291,1.9855151664,-0.200156883553,0.0330054657019,1.98568394290103,-0.19595746501216452,0.03130765187178532
33.1,-9.390503397509866,3.1051978429651084,2.925883877320126,1.9873622486449989,-0.10139669002087406,0.006973041317477644,1.9879571881636042,0.21912239221998359,-0.003405180824486379,DEPTH_PROPOSAL_CERTIFIED,0.8925259020898393,0,32,0,0,114,FULL_MOTION_CERTIFICATE,0,0,0,119,0,0,0,0,0,,33.166666666,1.9879725341,0.21898318097,-0.00340148878662,0.991809457902,-0.124870220668,0.0268593969907,0.993986267049,0.109491590485,-0.00170074439331,1.98537151105,-0.203913213538,0.0345746571755,1.9855291779856667,-0.20001784266955872,0.03300546570192359
33.11666666666667,-9.357383188418144,3.1033786383135014,2.926034945200491,1.9872125455034586,-0.10915227909643954,0.009064072821871565,1.9879414203497756,0.21926532388456638,-0.003409838634345704,DEPTH_PROPOSAL_CERTIFIED,0.8876200964209884,0,32,0,0,114,FULL_MOTION_CERTIFICATE,0,0,0,119,0,0,0,0,0,,33.183333333,1.98795718816,0.21912239222,-0.00340518082449,0.991809457902,-0.124870220668,0.0268593969907,0.993978594082,0.10956119611,-0.00170259041224,1.98523873868,-0.207384973289,0.0360249705989,1.9853861671766662,-0.2037704658183441,0.034574657175478966
33.13333333333333,-9.324265452215126,3.101435587221601,2.9262200546184527,1.9870641721812072,-0.1165830655140298,0.011106565077704834,1.9879252454984633,0.21941183434525688,-0.0034154442060118162,DEPTH_PROPOSAL_CERTIFIED,0.8826243895957515,0,32,0,0,114,FULL_MOTION_CERTIFICATE,0,0,0,119,0,0,0,0,0,,33.2,1.98794142035,0.219265323885,-0.00340983863435,0.991809457902,-0.124870220668,0.0268593969907,0.993970710175,0.109632661942,-0.00170491931717,1.98511602483,-0.210593720932,0.037365411791,1.9852540176497397,-0.20723865980863662,0.03602497059887226
33.15,-9.29115015574412,3.099374024872169,2.926438319145901,1.9869177882604838,-0.12369374096593053,0.013095871646895504,1.9879086783375928,0.21956178325072892,-0.0034219768913987436,DEPTH_PROPOSAL_CERTIFIED,0.87754457600424,0,32,0,0,114,FULL_MOTION_CERTIFICATE,0,0,0,120,0,0,0,0,0,,33.216666666,1.9879252455,0.219411834345,-0.00341544420601,0.991809457902,-0.124870220668,0.0268593969907,0.993962622749,0.109705917173,-0.00170772210301,1.98500260748,-0.21355938145,0.0386043043316,1.9851319044276592,-0.21044398147912458,0.03736541179102316
33.166666666666664,-9.258037256650711,3.097199189021537,2.9266887912903754,1.986773945604583,-0.1304901510379172,0.015028328668467447,1.9878917334139852,0.21971503213165425,-0.0034294139044452835,DEPTH_PROPOSAL_CERTIFIED,0.8723862813217527,0,32,0,0,114,FULL_MOTION_CERTIFICATE,0,0,0,120,0,0,0,0,0,,33.233333333,1.98790867834,0.219561783251,-0.0034219768914,0.991809457902,-0.124870220668,0.0268593969907,0.993954339169,0.109780891625,-0.0017109884457,1.98489778235,-0.21630037089,0.0397493414492,1.9850190652025914,-0.21340635391615978,0.038604304331646584
33.18333333333333,-9.224926704968977,3.094916204130849,2.9269704768348257,1.986633100904183,-0.13697909344127596,0.016901132667009554,1.9878744250374185,0.2198714449158169,-0.003437730760691074,DEPTH_PROPOSAL_CERTIFIED,0.8671549456407637,0,32,0,0,115,FULL_MOTION_CERTIFICATE,0,0,0,120,0,0,0,0,0,,33.25,1.98789173341,0.219715032132,-0.00342941390445,0.988976483674,-0.145649073704,0.0266807434141,0.993945866707,0.109857516066,-0.00171470695222,1.98455676689,-0.220689972103,0.0408305714583,1.9849147955593036,-0.21614419076225783,0.03974934144922468
33.2,-9.191818752578932,3.0925277246717564,2.9272823763171436,1.9864771434019473,-0.1433087675455026,0.01871396893907443,1.9878567672341663,0.22003088835492335,-0.003446901662763016,DEPTH_PROPOSAL_CERTIFIED,0.8627076100108859,0,32,0,0,115,FULL_MOTION_CERTIFICATE,0,0,0,120,0,0,0,0,0,,33.266666666,1.98787442504,0.219871444916,-0.00343773076069,0.988976483674,-0.145649073704,0.0266807434141,0.993937212519,0.109935722458,-0.00171886538035,1.98405647906,-0.226039076079,0.0417798831907,1.984574461874672,-0.22053079161703654,0.04083057145825709
33.21666666666667,-9.158713833274113,3.090034992422712,2.927623399428567,1.9862951582892576,-0.1495639349426649,0.020461386685412565,1.9878387668433084,0.22019329434188903,-0.003456900597517149,DEPTH_PROPOSAL_CERTIFIED,0.8607780503208209,0,32,0,0,115,FULL_MOTION_CERTIFICATE,0,0,0,120,0,0,0,0,0,,33.283333333,1.98785676723,0.220030888355,-0.00344690166276,0.988976483674,-0.145649073704,0.0266807434141,0.993928383617,0.110015444177,-0.00172345083138,1.9835940918,-0.230982945218,0.0426572774233,1.9840749399144435,-0.22587697718804972,0.04177988319073914
33.233333333333334,-9.125612300157563,3.087439666711512,2.927992447654559,1.9860919869931148,-0.1557195426720143,0.0221428935594911,1.9878204265868253,0.22035863202442296,-0.003467699020416226,DEPTH_PROPOSAL_CERTIFIED,0.8587589793187949,0,32,0,0,115,FULL_MOTION_CERTIFICATE,0,0,0,120,0,0,0,0,0,,33.299999999,1.98783876684,0.220193294342,-0.00345690059752,0.988976483674,-0.145649073704,0.0266807434141,0.993919383422,0.110096647171,-0.00172845029876,1.98316673391,-0.235552278534,0.0434682023457,1.9836132971801732,-0.23081795697008153,0.04265727742325048
33.25,-9.092514435380977,3.084743754007425,2.9283884217754825,1.9858718865952278,-0.16175476224524146,0.02375844725541882,1.9878017504079715,0.2205268595168588,-0.0034792681180214197,DEPTH_PROPOSAL_CERTIFIED,0.8566523939901014,0,32,0,0,115,FULL_MOTION_CERTIFICATE,0,0,0,120,0,0,0,0,0,,33.316666666,1.98782042659,0.220358632024,-0.00346769902042,0.988976483674,-0.145649073704,0.0266807434141,0.993910213293,0.110179316012,-0.00173384951021,1.98277175158,-0.239775450503,0.0442176936094,1.9831866617410077,-0.23538444103861755,0.0434682023457382
33.266666666666666,-9.059420458871283,3.0819495457845973,2.928810228278166,1.9856385905817415,-0.1676524933696556,0.025308390161023646,1.9877827432720216,0.22069792574006755,-0.0034915790106914,DEPTH_PROPOSAL_CERTIFIED,0.854460481331005,0,32,0,0,115,FULL_MOTION_CERTIFICATE,0,0,0,120,0,0,0,0,0,,33.333333333,1.98780175041,0.220526859517,-0.00347926811802,0.988976483674,-0.145649073704,0.0266807434141,0.993900875204,0.110263429758,-0.00173963405901,1.98240669216,-0.243678685195,0.0449104052307,1.9827923792172073,-0.23960481308751255,0.044217693609403676
33.28333333333333,-9.026330536142,3.0790595638099876,2.929256784799877,1.9853953637571473,-0.17339891847659664,0.026793391302669254,1.9877634109901625,0.22087177204677685,-0.003504602926282026,DEPTH_PROPOSAL_CERTIFIED,0.8521855780801035,0,32,0,0,115,FULL_MOTION_CERTIFICATE,0,0,0,120,0,0,0,0,0,,33.35,1.98778274327,0.22069792574,-0.00349157901069,0.988976483674,-0.145649073704,0.0266807434141,0.993891371636,0.11034896287,-0.00174578950535,1.98206928876,-0.247286220283,0.0455506386979,1.982427996497097,-0.24350530478128163,0.044910405230746776
33.3,-8.99324478527807,3.076076512086036,2.929727024714764,1.985145051835856,-0.17898310343710727,0.028214394893217584,1.9877437600641574,0.22104833365412307,-0.003518311348052098,DEPTH_PROPOSAL_CERTIFIED,0.8498301355040854,0,32,0,0,116,FULL_MOTION_CERTIFICATE,0,0,0,120,0,0,0,0,0,,33.366666666,1.98776341099,0.220871772047,-0.00350460292628,0.988976483674,-0.145649073704,0.0266807434141,0.993881705495,0.110435886023,-0.00175230146314,1.98175744624,-0.250620457053,0.0461423695932,1.9820912463961022,-0.24711015995534136,0.04555063869790826
33.31666666666667,-8.9601632831745,3.0730032347543013,2.9302199009613434,1.9848901262134926,-0.18439663990401722,0.02957257479473227,1.987723797549643,0.22122754090329164,-0.0035326761396810196,DEPTH_PROPOSAL_CERTIFIED,0.8473966886952726,0,32,0,0,116,FULL_MOTION_CERTIFICATE,0,0,0,120,0,0,0,0,0,,33.383333333,1.98774376006,0.221048333654,-0.00351831134805,0.988976483674,-0.145649073704,0.0266807434141,0.993871880032,0.110524166827,-0.00175915567403,1.98146922814,-0.253702100324,0.046689272425,1.9817800336206606,-0.25044178480029206,0.04614236959320482
33.333333333333336,-8.927086071101929,3.069842679331616,2.9307343891998796,1.9846327243543818,-0.18963332536112926,0.030869294312175218,1.9877035309361246,0.2214093203641536,-0.0035476696500034628,DEPTH_PROPOSAL_CERTIFIED,0.8448878298912774,0,32,0,0,116,FULL_MOTION_CERTIFICATE,0,0,0,120,0,0,0,0,0,,33.4,1.98772379755,0.221227540903,-0.00353267613968,0.988976483674,-0.145649073704,0.0266807434141,0.993861898775,0.110613770452,-0.00176633806984,1.98120284474,-0.256550285766,0.0471947432232,1.9814924216732293,-0.25352088793789995,0.046689272424980145
33.35,-8.89401315966499,3.066597864713831,2.93126949037896,1.9843746862164644,-0.1946888770671004,0.032106070744829796,1.9876829680419092,0.22159359580112742,-0.0035632647998112554,DEPTH_PROPOSAL_CERTIFIED,0.8423061853786267,0,32,0,0,116,FULL_MOTION_CERTIFICATE,0,0,0,120,0,0,0,0,0,,33.416666666,1.98770353094,0.221409320364,-0.00354766965,0.988976483674,-0.145649073704,0.0266807434141,0.993851765468,0.110704660182,-0.001773834825,1.98095664192,-0.259182699421,0.0476619207504,1.9812266209338731,-0.25636660787995197,0.047194743223216575
33.36666666666667,-8.860944533213841,3.063271853434932,2.931824232782795,1.9841175870690662,-0.19956067673394579,0.033284544230097614,1.9876621169224078,0.2217802890148686,-0.0035794351528219354,DEPTH_PROPOSAL_CERTIFIED,0.8396543955842735,0,32,0,0,116,FULL_MOTION_CERTIFICATE,0,0,0,120,0,0,0,0,0,,33.433333333,1.98768296804,0.221593595801,-0.00356326479981,0.988976483674,-0.145649073704,0.0266807434141,0.993841484021,0.110796797901,-0.00178163239991,1.98072909081,-0.261615687954,0.0480937060679,1.9809809774708067,-0.25899663266946316,0.04766192075036585
33.38333333333333,-8.827880153763136,3.059867727719783,2.932397673623294,1.9838627670423954,-0.20424754290892025,0.03440645042993354,1.9876409857903814,0.2219693205730332,-0.003596154972709881,DEPTH_PROPOSAL_CERTIFIED,0.8369350979995422,0,32,0,0,116,FULL_MOTION_CERTIFICATE,0,0,0,120,0,0,0,0,0,,33.45,1.98766211692,0.221780289015,-0.00357943515282,0.988976483674,-0.145649073704,0.0266807434141,0.993831058461,0.110890144507,-0.00178971757641,1.98051877842,-0.26386435917,0.0484927803759,1.9807539627170117,-0.2614273102436123,0.04809370606793269
33.4,-8.794819964467717,3.0563885689160695,2.9329889002339264,1.9836113577253132,-0.20874952822284892,0.03547359663796417,1.9876195829468326,0.2221606104420662,-0.00361339926789926,DEPTH_PROPOSAL_CERTIFIED,0.83483388686283,0,32,0,0,116,FULL_MOTION_CERTIFICATE,0,0,0,121,0,0,0,0,0,,33.466666666,1.98764098579,0.221969320573,-0.00359615497271,0.988976483674,-0.145649073704,0.0266807434141,0.993820492895,0.110984660287,-0.00179807748635,1.9803243988,-0.265942676377,0.0488616217591,1.9805441640569084,-0.2636737490527822,0.048492780375938724
33.416666666666664,-8.76176389269974,3.052837439930177,2.933597030916682,1.9833643060786705,-0.21306773915357127,0.036487840965321976,1.9875979167214026,0.2223540785307494,-0.0036311438256327283,DEPTH_PROPOSAL_CERTIFIED,0.8363557491005051,0,32,0,0,116,FULL_MOTION_CERTIFICATE,0,0,0,121,0,0,0,0,0,,33.483333333,1.98761958295,0.222160610442,-0.0036133992679,0.988976483674,-0.145649073704,0.0266807434141,0.993809791473,0.111080305221,-0.00180669963395,1.9801447449,-0.267863545433,0.0492025206348,1.980350275989631,-0.2657499125083872,0.04886162175908795
33.43333333333333,-8.72871185276775,3.049217370329445,2.934221215487909,1.9831223959194475,-0.21720417604392425,0.037451074273614375,1.9875759954212187,0.22254964515523423,-0.003649365236680099,DEPTH_PROPOSAL_CERTIFIED,0.8378350116060742,0,32,0,0,116,FULL_MOTION_CERTIFICATE,0,0,0,121,0,0,0,0,0,,33.5,1.98759791672,0.222354078531,-0.00363114382563,0.988976483674,-0.145649073704,0.0266807434141,0.993798958361,0.111177039265,-0.00181557191282,1.97997870114,-0.269638894103,0.0495175938376,1.980171091976927,-0.2676687061062337,0.04920252063478236
33.45,-8.695663748314168,3.045531343808492,2.934860635563636,1.9828862672142025,-0.22116159125709203,0.03836520454361053,1.9875538272872548,0.22274723143431668,-0.0036680409119055324,DEPTH_PROPOSAL_CERTIFIED,0.8392747360840926,0,32,0,0,116,FULL_MOTION_CERTIFICATE,0,0,0,121,0,0,0,0,0,,33.516666666,1.98757599542,0.222549645155,-0.00364936523668,0.988976483674,-0.145649073704,0.0266807434141,0.993787997711,0.111274822578,-0.00182468261834,1.97982523647,-0.27127974656,0.0498087978404,1.9800054970102128,-0.2694420568577195,0.04951759383755916
33.46666666666667,-8.662619474424464,3.0417822877463885,2.935514504620798,1.9826564333823222,-0.2249433637262123,0.0392321434297277,1.9875314204573642,0.22294675962280094,-0.0036871490917749906,DEPTH_PROPOSAL_CERTIFIED,0.8406779021916857,0,32,0,0,116,FULL_MOTION_CERTIFICATE,0,0,0,121,0,0,0,0,0,,33.533333333,1.98755382729,0.222747231434,-0.00366804091191,0.988976483674,-0.145649073704,0.0266807434141,0.993776913644,0.111373615717,-0.00183402045595,1.9796833979,-0.27279629211,0.0500779409509,1.979852460633383,-0.2710809878494823,0.049808797840357785
33.483333333333334,-8.629578919477785,3.0379730646094183,2.9361820678667496,1.982433296800823,-0.22855338821823595,0.04005379475708802,1.9875087829352225,0.22314815339005065,-0.0037066688497756706,DEPTH_PROPOSAL_CERTIFIED,0.8420474023802762,0,32,0,0,116,FULL_MOTION_CERTIFICATE,0,0,0,121,0,0,0,0,0,,33.549999999,1.98753142046,0.222946759623,-0.00368714909177,0.993765710229,0.111473379811,-0.00184357454589,0.993765710229,0.111473379811,-0.00184357454589,1.97957277248,-0.272656659185,0.05016302906,1.97971103050653,-0.2725956870209272,0.05007794095088451
33.5,-8.59654194112205,3.034108411054633,2.936862395297427,1.9822187013441779,-0.23187921328714062,0.04081964584063885,1.9874859225644985,0.22335133805010465,-0.0037265800906124058,DEPTH_PROPOSAL_CERTIFIED,0.8433874904738201,0,32,0,0,116,FULL_MOTION_CERTIFICATE,0,0,0,121,0,0,0,0,0,,33.566666666,1.98750878294,0.22314815339,-0.00370666884978,0.993754391468,0.111574076695,-0.00185333442489,0.993754391468,0.111574076695,-0.00185333442489,1.97949365052,-0.270860889107,0.0500637390583,1.979600636773108,-0.27245427912778,0.050163029059959584
33.516666666666666,-8.563508368249865,3.0301947958299245,2.9375543945629747,1.9820143723312127,-0.23481691348250716,0.0415199559328853,1.9874628529273117,0.22355618821655482,-0.0037468578990566405,DEPTH_PROPOSAL_CERTIFIED,0.8447036593347645,0,32,0,0,116,FULL_MOTION_CERTIFICATE,0,0,0,121,0,0,0,0,0,,33.583333333,1.98748592256,0.22335133805,-0.00372658009061,0.993742961282,0.111675669025,-0.00186329004531,0.993742961282,0.111675669025,-0.00186329004531,1.97944633586,-0.267409025559,0.0497797311298,1.9795215583730366,-0.2706568558659813,0.050063739058292527
33.53333333333333,-8.530478002806126,3.026240288440952,2.93825682283761,1.9818219266244268,-0.23727044333834596,0.04214569647810955,1.9874395929510922,0.22376253153396283,-0.0037674728811553787,DEPTH_PROPOSAL_CERTIFIED,0.8460025279994925,0,32,0,0,116,FULL_MOTION_CERTIFICATE,0,0,0,121,0,0,0,0,0,,33.6,1.98746285293,0.223556188217,-0.00374685789906,0.993731426464,0.111778094108,-0.00187342894953,0.993731426464,0.111778094108,-0.00187342894953,1.97943114962,-0.262301115023,0.0493106444623,1.979474089001638,-0.2672035075795812,0.04977973112984586
33.55,-8.497450621434883,3.022254437768332,2.9389682977637404,1.9816428822746521,-0.2391510403572188,0.04268849556782084,1.9874161665453298,0.22397015212805926,-0.003788391479124533,DEPTH_PROPOSAL_CERTIFIED,0.8472917375068236,0,32,0,0,116,FULL_MOTION_CERTIFICATE,0,0,0,121,0,0,0,0,0,,33.616666666,1.98743959295,0.223762531534,-0.00376747288116,0.993719796476,0.111881265767,-0.00188373644058,0.993719796476,0.111881265767,-0.00188373644058,1.97944843505,-0.255537208031,0.0486560918032,1.9794585412074,-0.26209432398746857,0.049310644462299026
33.56666666666667,-8.464425976971137,3.018248159879373,2.9396873075336023,1.9814786678240484,-0.2403766733374585,0.043140586191710135,1.9873926022658228,0.22417879379590394,-0.003809576261754427,DEPTH_PROPOSAL_CERTIFIED,0.8485798547026564,0,32,0,0,116,FULL_MOTION_CERTIFICATE,0,0,0,121,0,0,0,0,0,,33.633333333,1.98741616655,0.223970152128,-0.00378839147912,0.993708083273,0.111985076064,-0.00189419573956,0.993708083273,0.111985076064,-0.00189419573956,1.97949856387,-0.247117358206,0.0478156520645,1.979475251526684,-0.2553293956963769,0.048656091803157324
33.583333333333336,-8.43140379978105,3.014233634338705,2.9404122201644145,1.9813306314053918,-0.24087153244008913,0.0434947578487411,1.9873689330041875,0.22438816295561326,-0.003830986191976551,DEPTH_PROPOSAL_CERTIFIED,0.8498762833636972,0,32,0,0,116,FULL_MOTION_CERTIFICATE,0,0,0,121,0,0,0,0,0,,33.65,1.98739260227,0.224178793796,-0.00380957626175,0.993696301133,0.112089396898,-0.00190478813088,0.993696301133,0.112089396898,-0.00190478813088,1.97958194484,-0.237041626315,0.046788860841,1.9795245870977827,-0.24690881349218322,0.04781565206451911
33.6,-8.398383798950743,3.010224208368524,2.9411412920161766,1.9812000498185596,-0.24056555821089026,0.04374431110572927,1.9873451957005581,0.22459793137370296,-0.0038525768730474624,DEPTH_PROPOSAL_CERTIFIED,0.8515839346477327,0,32,0,0,116,FULL_MOTION_CERTIFICATE,0,0,0,121,0,0,0,0,0,,33.666666666,1.987368933,0.224388162956,-0.00383098619198,0.993684466502,0.112194081478,-0.00191549309599,0.993684466502,0.112194081478,-0.00191549309599,1.97969903577,-0.225310081196,0.0455751966547,1.9796069544592079,-0.236832672614664,0.046788860840985116
33.61666666666667,-8.36536566331999,3.006234308262372,2.9418726755921165,1.9810881378452592,-0.23939400636910166,0.04388301455640866,1.987321431077516,0.22480773868690893,-0.0038743007746228596,DEPTH_PROPOSAL_CERTIFIED,0.8609667771509697,0,32,0,0,116,FULL_MOTION_CERTIFICATE,0,0,0,121,0,0,0,0,0,,33.683333333,1.9873451957,0.224597931374,-0.00385257687305,0.993660715539,0.112403869343,-0.00193715038731,0.99367259785,0.112298965687,-0.00192628843652,1.9798502036,-0.211922795296,0.044174071569,1.9797228117709942,-0.22510107389927972,0.04557519665469733
33.63333333333333,-8.33234885584543,3.002298087624794,2.9426024199669154,1.9810084484737456,-0.23617323825467718,0.043784662487927235,1.987297683393424,0.2250171947339767,-0.0038961074397493097,DEPTH_PROPOSAL_CERTIFIED,0.8704318677128,0,32,0,0,116,FULL_MOTION_CERTIFICATE,0,0,0,121,0,0,0,0,0,,33.7,1.98732143108,0.224807738687,-0.00387430077462,0.993660715539,0.112403869343,-0.00193715038731,0.993660715539,0.112403869343,-0.00193715038731,1.98003623814,-0.196879867259,0.0425847672525,1.9800362381412788,-0.19687986725869622,0.042584767252453776
33.65,-8.299333249881515,2.9984117417308562,2.9433306493224776,1.9809363578350194,-0.23318075363629612,0.043693761333724705,1.9872740578301245,0.22522537428937797,-0.0039178886662291235,DEPTH_PROPOSAL_CERTIFIED,0.8799760226214111,0,32,0,0,116,FULL_MOTION_CERTIFICATE,0,0,0,122,0,0,0,0,0,,33.716666666,1.98729768339,0.225017194734,-0.00389610743975,0.993648841697,0.112508597367,-0.00194805371987,0.993648841697,0.112508597367,-0.00194805371987,1.98025789753,-0.180181412885,0.0408064186876,1.9800568520425608,-0.19667244129204509,0.042584767252453776
33.666666666666664,-8.266318476874469,2.9945925746525606,2.9440552330433856,1.9808863804229393,-0.22915002469775123,0.04347502325447512,1.9872505432144478,0.2254323793711238,-0.0039396478213834735,DEPTH_PROPOSAL_CERTIFIED,0.8896112486448666,0,32,0,0,116,FULL_MOTION_CERTIFICATE,0,0,0,122,0,0,0,0,0,,33.733333333,1.98727405783,0.225225374289,-0.00391788866623,0.993637028915,0.112612687145,-0.00195894433311,0.993637028915,0.112612687145,-0.00195894433311,1.98051615905,-0.161827579044,0.0388379110728,1.9802766559955622,-0.17997513164750067,0.04080641868763003
33.68333333333333,-8.233304150216352,2.990858669085743,2.94477396182467,1.9808595994870877,-0.22403433400906253,0.04312372687707829,1.9872271934146235,0.22563773985407454,-0.003961326417217514,DEPTH_PROPOSAL_CERTIFIED,0.8993497272987689,0,32,0,0,116,FULL_MOTION_CERTIFICATE,0,0,0,122,0,0,0,0,0,,33.75,1.98725054321,0.225432379371,-0.00393964782138,0.993625271607,0.112716189686,-0.00196982391069,0.993625271607,0.112716189686,-0.00196982391069,1.98081238189,-0.141818576084,0.0366776950169,1.9805328720696984,-0.16162290760705675,0.03883791107283669
33.7,-8.20028986487696,2.9872288270700906,2.945484551676839,1.9808571203627428,-0.21779052093906148,0.04263539113009265,1.9872040649860954,0.22584096373209192,-0.0039828637056922595,DEPTH_PROPOSAL_CERTIFIED,0.9092037506780248,0,32,0,0,116,FULL_MOTION_CERTIFICATE,0,0,0,122,0,0,0,0,0,,33.766666666,1.98722719341,0.225637739854,-0.00396132641722,0.993613596707,0.112818869927,-0.00198066320861,0.993613596707,0.112818869927,-0.00198066320861,1.98114871418,-0.120154741269,0.0343233242013,1.9808268750457345,-0.14161600148507922,0.03667769501687013
33.71666666666667,-8.167275196063228,2.983722515041804,2.946184646495006,1.9808801288240723,-0.21037872169720734,0.042005689090031405,1.987181217000162,0.22604153868232554,-0.004004196783655069,DEPTH_PROPOSAL_CERTIFIED,0.9191856628019293,0,32,0,0,116,FULL_MOTION_CERTIFICATE,0,0,0,122,0,0,0,0,0,,33.783333333,1.98720406499,0.225840963732,-0.00398286370569,0.993602032493,0.112920481866,-0.00199143185285,0.993602032493,0.112920481866,-0.00199143185285,1.98152956653,-0.0968367809043,0.0317697826382,1.981160832052291,-0.11995477094658136,0.034323324201283825
33.733333333333334,-8.134259695118931,2.980359812584965,2.9468718171888653,1.9809300566578736,-0.20176214741035553,0.0412302416315626,1.9871587108827578,0.22623893351809968,-0.004025260658527882,DEPTH_PROPOSAL_CERTIFIED,0.9293078078912009,0,32,0,0,116,FULL_MOTION_CERTIFICATE,0,0,0,122,0,0,0,0,0,,33.799999999,1.987181217,0.226041538682,-0.00400419678366,0.9935906085,0.113020769341,-0.00200209839183,0.9935906085,0.113020769341,-0.00200209839183,1.98195772185,-0.0723763031262,0.0290596327904,1.9815391762302506,-0.09663994111075705,0.0317697826382426
33.75,-8.101242887723002,2.9771607199887007,2.9475436209523695,1.981008443755884,-0.19194555577587125,0.04030822581026581,1.9871366102608747,0.2264325995528198,-0.004045988219537875,DEPTH_PROPOSAL_CERTIFIED,0.939582045239792,0,32,0,0,116,FULL_MOTION_CERTIFICATE,0,0,0,122,0,0,0,0,0,,33.816666666,1.98715871088,0.226238933518,-0.00402526065853,0.993579355441,0.113119466759,-0.00201263032926,0.993579355441,0.113119466759,-0.00201263032926,1.98235511423,-0.0495720656161,0.0265330446312,1.9819647663516091,-0.07218313783515579,0.029059632790444226
33.766666666666666,-8.068224374031331,2.974141630460879,2.9481980318103447,1.9811108215003257,-0.1811453716693139,0.03926465147851649,1.9871149788139044,0.22662198940362552,-0.004066311862049981,DEPTH_PROPOSAL_CERTIFIED,0.9500172778804064,0,32,0,0,116,FULL_MOTION_CERTIFICATE,0,0,0,122,0,0,0,0,0,,33.833333333,1.98713661026,0.226432599553,-0.00404598821954,0.99356830513,0.113216299776,-0.00202299410977,0.99356830513,0.113216299776,-0.00202299410977,1.98272177508,-0.0284240709757,0.0241900133531,1.9823598299825147,-0.049383125569306296,0.02653304463117396
33.78333333333333,-8.035203822982902,2.9713156035105865,2.9488334090343233,1.9812330629057942,-0.1695616170175544,0.038122633438710404,1.9870938693137816,0.22680665269511638,-0.004086175329176246,DEPTH_PROPOSAL_CERTIFIED,0.9606197359354303,0,32,0,0,116,FULL_MOTION_CERTIFICATE,0,0,0,122,0,0,0,0,0,,33.85,1.98711497881,0.226621989404,-0.00406631186205,0.993557489407,0.113310994702,-0.00203315593102,0.993557489407,0.113310994702,-0.00203315593102,1.98305774516,-0.00893232053436,0.0220305337869,1.9827244080525104,-0.02823981026607955,0.024190013353075357
33.8,-8.002180967033704,2.9686926176124713,2.9494484679506607,1.9813713569519718,-0.15737915388693477,0.036903534980239586,1.987073324394257,0.22698622883477657,-0.004105532866923137,DEPTH_PROPOSAL_CERTIFIED,0.9713932381116062,0,32,0,0,116,FULL_MOTION_CERTIFICATE,0,0,0,122,0,0,0,0,0,,33.866666666,1.98709386931,0.226806652695,-0.00408617532918,0.993546934657,0.113403326348,-0.00204308766459,0.993546934657,0.113403326348,-0.00204308766459,1.98336351213,0.00892669187473,0.0200519952966,1.9830585443153381,-0.008753103693366238,0.02203053378689466
33.81666666666667,-7.969155596734859,2.9662798334027864,2.950042249670428,1.9815222179299976,-0.14476705258102973,0.035626903186026786,1.9870533772642405,0.22716044033390945,-0.004124348443060244,DEPTH_PROPOSAL_CERTIFIED,0.9880400865563803,0,32,0,0,116,FULL_MOTION_CERTIFICATE,0,0,0,122,0,0,0,0,0,,33.883333333,1.98707332439,0.226986228835,-0.00410553286692,0.993536662197,0.113493114417,-0.00205276643346,0.993536662197,0.113493114417,-0.00205276643346,1.98364455852,0.025446354096,0.0182218794901,1.983362721861911,0.009100583350950209,0.020051995296636895
33.833333333333336,-7.936127549449038,2.964082177687875,2.950614055350175,1.9816828371493307,-0.1318593428947015,0.034308340784817856,1.9870340524622947,0.22732908582599015,-0.004142594934332073,DEPTH_PROPOSAL_CERTIFIED,1.0052678787674587,0,32,0,0,116,FULL_MOTION_CERTIFICATE,0,0,0,122,0,0,0,0,0,,33.9,1.98705337726,0.227160440334,-0.00412434844306,0.993526688632,0.113580220167,-0.00206217422153,0.993526688632,0.113580220167,-0.00206217422153,1.98390280237,0.0407277245712,0.0165289834007,1.9836423916251955,0.02561471527851278,0.018221879490067917
33.85,-7.903096703402181,2.96210264034923,2.951163412346356,1.9818507628115911,-0.11877224031869987,0.032961419770867334,1.9870153676210565,0.22749202433991286,-0.004160252334333759,DEPTH_PROPOSAL_CERTIFIED,1.0226716535088352,0,32,0,0,116,FULL_MOTION_CERTIFICATE,0,0,0,122,0,0,0,0,0,,33.916666666,1.98703405246,0.227329085826,-0.00414259493433,0.993517026231,0.113664542913,-0.00207129746717,0.993517026231,0.113664542913,-0.00207129746717,1.98414001828,0.0548641907675,0.0149629548016,1.983899455891169,0.04089041110852973,0.016528983400669984
33.86666666666667,-7.870062972367699,2.9603425390601767,2.9516900440079796,1.9820238620690178,-0.10560607734319391,0.031597899697435684,1.9869973343498355,0.22764916734801943,-0.004177306835926896,DEPTH_PROPOSAL_CERTIFIED,1.0402481547014861,0,32,0,0,116,FULL_MOTION_CERTIFICATE,0,0,0,122,0,0,0,0,0,,33.933333333,1.98701536762,0.22749202434,-0.00416025233433,0.993507683811,0.11374601217,-0.00208012616717,0.993507683811,0.11374601217,-0.00208012616717,1.98435784778,0.0679420572088,0.0135142269593,1.9841356730096233,0.055021110957988756,0.014962954801568555
33.88333333333333,-7.837026300921348,2.9588017549962013,2.9521938427494794,1.9822002867811526,-0.0924470438385206,0.030227924489998823,1.9869799590250974,0.22780047167084988,-0.0041937500116477405,DEPTH_PROPOSAL_CERTIFIED,1.057993129648734,0,32,0,0,116,FULL_MOTION_CERTIFICATE,0,0,0,123,0,0,0,0,0,,33.95,1.98699733435,0.227649167348,-0.00417730683593,0.993489979513,0.113900235835,-0.00209687500582,0.993498667175,0.113824583674,-0.00208865341796,1.98455649257,0.0800525433951,0.0121727135256,1.9843526682691979,0.06809316491850359,0.01351422695926807
33.9,-7.803986661874159,2.9574789568861175,2.9526748445074382,1.9823783428314776,-0.07936788660503191,0.028860105477540674,1.98696324349766,0.22794593315438993,-0.004209578082521495,DEPTH_PROPOSAL_CERTIFIED,1.0759015208643645,0,32,0,0,116,FULL_MOTION_CERTIFICATE,0,0,0,123,0,0,0,0,0,,33.966666666,1.98697995903,0.227800471671,-0.00419375001165,0.993489979513,0.113900235835,-0.00209687500582,0.993489979513,0.113900235835,-0.00209687500582,1.98474008851,0.0912455678167,0.0109328299738,1.984550626645445,0.08019783164353986,0.012172713525550235
33.916666666666664,-7.770944048928393,2.956371755934688,2.953133210816529,1.9825567767460908,-0.06643205708576694,0.02750197854544242,1.9869471857706171,0.2280855806432009,-0.00422479122309089,DEPTH_PROPOSAL_CERTIFIED,1.0939676089509627,0,32,0,0,116,FULL_MOTION_CERTIFICATE,0,0,0,123,0,0,0,0,0,,33.983333333,1.9869632435,0.227945933154,-0.00420957808252,0.993481621749,0.113972966577,-0.00210478904126,0.993481621749,0.113972966577,-0.00210478904126,1.98490850935,0.101601656307,0.00978567782542,1.9847336705043708,0.09138506304927538,0.010932829973842697
33.93333333333333,-7.737898475273765,2.9554768876486923,2.953569208059054,1.9827344192778238,-0.05369209715973408,0.026159834551501216,1.9869317804641413,0.22821947184223687,-0.00423939307539901,DEPTH_PROPOSAL_CERTIFIED,1.1121851627083466,0,32,0,0,116,FULL_MOTION_CERTIFICATE,0,0,0,123,0,0,0,0,0,,34,1.98694718577,0.228085580643,-0.00422479122309,0.993473592885,0.114042790322,-0.00211239561155,0.993473592885,0.114042790322,-0.00211239561155,1.98506295453,0.111183771979,0.00872427863385,1.984901658164968,0.10173541393787626,0.009785677825417517
33.95,-7.70484997061379,2.954790357707076,2.953983190710774,1.982910279597766,-0.04119179649696879,0.024838959103193666,1.9869170193714112,0.22834768841434552,-0.004253390183280795,DEPTH_PROPOSAL_CERTIFIED,1.1305475610881892,0,32,0,0,116,FULL_MOTION_CERTIFICATE,0,0,0,123,0,0,0,0,0,,34.016666666,1.98693178046,0.228219471842,-0.0042393930754,0.993465890232,0.114109735921,-0.0021196965377,0.993465890232,0.114109735921,-0.0021196965377,1.98520453225,0.120050112523,0.00774218233152,1.9850557755010605,0.11131187158870684,0.00872427863384798
33.96666666666667,-7.671798578531505,2.9543075707584125,2.9543755865231356,1.9830835249371925,-0.028967216919795438,0.023543748741703476,1.9869028919052203,0.22847033205355696,-0.004266791535766616,DEPTH_PROPOSAL_CERTIFIED,1.1490478988910016,0,32,0,0,116,FULL_MOTION_CERTIFICATE,0,0,0,123,0,0,0,0,0,,34.033333333,1.98691701937,0.228347688414,-0.00425339018328,0.993458509686,0.114173844207,-0.00212669509164,0.993458509686,0.114173844207,-0.00212669509164,1.98533426612,0.128254474497,0.0068334268198,1.9851971180781975,0.12017265392172857,0.007742182331522207
33.983333333333334,-7.638744354160124,2.954023443899598,2.954746883444182,1.983253462282996,-0.017047611528873678,0.022277815262771575,1.9868893854944343,0.22858752101442803,-0.004279608162842628,DEPTH_PROPOSAL_CERTIFIED,1.1676790780056012,0,32,0,0,116,FULL_MOTION_CERTIFICATE,0,0,0,123,0,0,0,0,0,,34.049999999,1.98690289191,0.228470332054,-0.00426679153577,0.993451445953,0.114235166027,-0.00213339576788,0.993451445953,0.114235166027,-0.00213339576788,1.98545310141,0.135846584614,0.00599250122044,1.985326697901799,0.12837157424038076,0.006833426819801416
34.0,-7.6056873621280126,2.9539325064150996,2.955097618100023,1.983419521926809,-0.005456249069894031,0.021044079350473865,1.9868764859352215,0.22869938705085036,-0.004291852778253631,DEPTH_PROPOSAL_CERTIFIED,1.1864338858061945,0,32,0,0,117,FULL_MOTION_CERTIFICATE,0,0,0,123,0,0,0,0,0,,34.066666666,1.98688938549,0.228587521014,-0.00427960816284,0.993444692747,0.114293760507,-0.00213980408142,0.993444692747,0.114293760507,-0.00213980408142,1.98556191081,0.14287241327,0.00521431110008,1.985445449581325,0.13595837292966634,0.005992501220440867
34.016666666666666,-7.572627674749651,2.954028987213959,2.95542836567474,1.983581242701834,0.005788847931579858,0.01984485448302007,1.986864177701499,0.22880607272234585,-0.0043035394645586115,DEPTH_PROPOSAL_CERTIFIED,1.2018019883737276,0,32,0,0,117,FULL_MOTION_CERTIFICATE,0,0,0,123,0,0,0,0,0,,34.083333333,1.98687648594,0.228699387051,-0.00429185277825,0.993438242968,0.114349693525,-0.00214592638913,0.993438242968,0.114349693525,-0.00214592638913,1.98566149984,0.149374456868,0.0044941471555,1.9855542361571408,0.14297903134956974,0.005214311100082863
34.03333333333333,-7.539565370437348,2.9543068912534247,2.9557397310432356,1.9837382587382926,0.016674242367939383,0.018681922109723356,1.9868524442186661,0.2289077290296303,-0.004314683396075981,DEPTH_PROPOSAL_CERTIFIED,1.216531365545394,0,32,0,0,117,FULL_MOTION_CERTIFICATE,0,0,0,123,0,0,0,0,0,,34.1,1.9868641777,0.228806072722,-0.00430353946456,0.993432088851,0.114403036361,-0.00215176973228,0.993432088851,0.114403036361,-0.00215176973228,1.9857526118,0.155392003644,0.00382765573156,1.9856538543830866,0.14947605449153373,0.004494147155502578
34.05,-7.5065005323107,2.9547600661195665,2.95603234102489,1.983890287598972,0.027190491968523967,0.017556598899256655,1.9868412681043002,0.2290045133451554,-0.004325300595801951,DEPTH_PROPOSAL_CERTIFIED,1.2313134564054802,0,32,0,0,117,FULL_MOTION_CERTIFICATE,0,0,0,123,0,0,0,0,0,,34.116666666,1.98685244422,0.22890772903,-0.00431468339608,0.993426222109,0.114453864515,-0.00215734169804,0.993426222109,0.114453864515,-0.00215734169804,1.98583593243,0.160961376557,0.00321081188293,1.9857450396992606,0.15548873709566377,0.0038276557315620597
34.06666666666667,-7.473433246983029,2.955382259817577,2.9563068376390995,1.9840371196595457,0.03733162188061005,0.016469796852564833,1.9868306313791544,0.22909658760747223,-0.004335407722742217,DEPTH_PROPOSAL_CERTIFIED,1.246113484803944,0,32,0,0,118,FULL_MOTION_CERTIFICATE,0,0,0,123,0,0,0,0,0,,34.133333333,1.9868412681,0.229004513345,-0.0043253005958,0.993420634052,0.114502256673,-0.0021626502979,0.993420634052,0.114502256673,-0.0021626502979,1.98591209423,0.16611615975,0.00263989425949,1.9858284707985436,0.16105340680801086,0.0032108118829299046
34.083333333333336,-7.440363603506091,2.956167170723918,2.9565638722550855,1.9841786086163948,0.04709465438045109,0.01542207695914986,1.9868205156515006,0.22918411675138314,-0.004345021886451498,DEPTH_PROPOSAL_CERTIFIED,1.2608982351529925,0,32,0,0,118,FULL_MOTION_CERTIFICATE,0,0,0,123,0,0,0,0,0,,34.15,1.98683063138,0.229096587607,-0.00433540772274,0.99341531569,0.114548293804,-0.00216770386137,0.99341531569,0.114548293804,-0.00216770386137,1.98598168038,0.17088740438,0.00211146228057,1.9859047738899551,0.16620365087851902,0.0026398942594864066
34.1,-7.407291692455942,2.957108490554272,2.9568041005394066,1.9843146630090571,0.056479189821255674,0.014413697059257286,1.98681090227757,0.2292672673485054,-0.004354160485878756,DEPTH_PROPOSAL_CERTIFIED,1.2756360700116998,0,32,0,0,118,FULL_MOTION_CERTIFICATE,0,0,0,123,0,0,0,0,0,,34.166666666,1.98682051565,0.229184116751,-0.00434502188645,0.993410257826,0.114592058376,-0.00217251094323,0.993410257826,0.114592058376,-0.00217251094323,1.9860452285,0.175303821807,0.00162233471172,1.9859745265995383,0.17097052219907866,0.0021114622805671174
34.11666666666667,-7.374217605144906,2.9581999411205637,2.957028178113693,1.984445238662275,0.06548703397749459,0.013444654457171313,1.9868017725005813,0.22934620643548315,-0.004362841069912279,DEPTH_PROPOSAL_CERTIFIED,1.290296931614643,0,32,0,0,118,FULL_MOTION_CERTIFICATE,0,0,0,123,0,0,0,0,0,,34.183333333,1.98681090228,0.229267267349,-0.00435416048588,0.993405451139,0.114633633674,-0.00217708024294,0.993405451139,0.114633633674,-0.00217708024294,1.98610323409,0.179391961703,0.00116956991497,1.986038261631533,0.17538273268361598,0.0016223347117217172
34.13333333333333,-7.341141432945621,2.9594353055726703,2.95723675684386,1.9845703319572106,0.07412186712639278,0.012514723810034859,1.9867931075706227,0.22942110050921896,-0.00437108121726253,DEPTH_PROPOSAL_CERTIFIED,1.3048523300779091,0,32,0,0,118,FULL_MOTION_CERTIFICATE,0,0,0,124,0,0,0,0,0,,34.2,1.9868017725,0.229346206435,-0.00436284106991,0.99340088625,0.114673103218,-0.00218142053496,0.99340088625,0.114673103218,-0.00218142053496,1.98615615367,0.183176374258,0.000750447862278,1.9860964701554242,0.17946683154295726,0.0011695699149694132
34.15,-7.308063266714828,2.960808454747652,2.957430481690255,1.9846899738477086,0.08238895049891509,0.011623490783689674,1.9867848888474426,0.2294921146705567,-0.004378898433555138,DEPTH_PROPOSAL_CERTIFIED,1.3192753206518362,0,32,0,0,118,FULL_MOTION_CERTIFICATE,0,0,0,124,0,0,0,0,0,,34.216666666,1.98679310757,0.229421100509,-0.00437108121726,0.993396553785,0.114710550255,-0.00218554060863,0.993396553785,0.114710550255,-0.00218554060863,1.98620440775,0.18667976247,0.00036245325056,1.986149604911786,0.18324736764369354,0.000750447862277758
34.166666666666664,-7.274983196305653,2.9623133691895864,2.957609988054916,1.9848042245505837,0.09029486651606594,0.01077038187966472,1.9867770978879964,0.2295594118997858,-0.0043863100637270185,DEPTH_PROPOSAL_CERTIFIED,1.3335404720711896,0,32,0,0,118,FULL_MOTION_CERTIFICATE,0,0,0,124,0,0,0,0,0,,34.233333333,1.98678488885,0.229492114671,-0.00437889843356,0.993392444424,0.114746057335,-0.00218944921678,0.993392444424,0.114746057335,-0.00218944921678,1.98624838359,0.18992312255,3.25993397314e-06,1.9861980831256605,0.18674704192531222,0.00036245325055963884
34.18333333333333,-7.241901310158283,2.963944157345423,2.9577758995686354,1.9849131688423285,0.09784728935020866,0.00995469082317298,1.9867697165204268,0.2296231524489173,-0.004393333217999044,DEPTH_PROPOSAL_CERTIFIED,1.3476238277724435,0,32,0,0,119,FULL_MOTION_CERTIFICATE,0,0,0,124,0,0,0,0,0,,34.25,1.98677709789,0.2295594119,-0.00438631006373,0.993388548944,0.11477970595,-0.00219315503186,0.993388548944,0.11477970595,-0.00219315503186,1.98628843771,0.192925871803,-0.000329283254322,1.986242289201616,0.18998684792675538,3.2599339731350274e-06
34.2,-7.208817694959948,2.9656950703881546,2.957928826266601,1.9850169118994088,0.10505478256386508,0.009175601877907945,1.986762726906,0.22968349333721824,-0.004399984709873729,DEPTH_PROPOSAL_CERTIFIED,1.3615028615015865,0,32,0,0,119,FULL_MOTION_CERTIFICATE,0,0,0,124,0,0,0,0,0,,34.266666666,1.98676971652,0.229623152449,-0.004393333218,0.99338485826,0.114811576224,-0.002196666609,0.99338485826,0.114811576224,-0.002196666609,1.98632489822,0.195705968711,-0.000637165815012,1.9862825771957886,0.1929861997704383,-0.0003292832543216794
34.21666666666667,-7.17573243536613,2.9675605140745365,2.9580693631063677,1.9851155756292158,0.11192662118292435,0.008432210386020093,1.9867561115903583,0.22974058793792967,-0.004406281004770415,DEPTH_PROPOSAL_CERTIFIED,1.3544481913467075,0,32,0,0,119,FULL_MOTION_CERTIFICATE,0,0,0,124,0,0,0,0,0,,34.283333333,1.98676272691,0.229683493337,-0.00439998470987,0.993381363453,0.114841746669,-0.00219999235494,0.993381363453,0.114841746669,-0.00219999235494,1.98635806706,0.198280023658,-0.000922227858203,1.986319273132862,0.19576305233545255,-0.0006371658150122408
34.233333333333334,-7.142645613775443,2.9695350580019344,2.9581980887867356,1.9852092954413096,0.11847263564387979,0.00772354082206384,1.9867498535453278,0.22979458564526473,-0.004412238178044176,DEPTH_PROPOSAL_CERTIFIED,1.3396678111000018,0,32,0,0,119,FULL_MOTION_CERTIFICATE,0,0,0,124,0,0,0,0,0,,34.299999999,1.98675611159,0.229740587938,-0.00440628100477,0.993378055795,0.114870293969,-0.00220314050239,0.993378055795,0.114870293969,-0.00220314050239,1.98638822195,0.200663399645,-0.00118617126784,1.9863526771488547,0.1983340120675411,-0.0009222278582029808
34.25,-7.109557310151911,2.971613442588568,2.958315564830626,1.9852982174120473,0.12470307519801896,0.007048562633434818,1.9867439362023882,0.22984563161191704,-0.004417871881264368,DEPTH_PROPOSAL_CERTIFIED,1.3246780373495384,0,32,0,0,119,FULL_MOTION_CERTIFICATE,0,0,0,124,0,0,0,0,0,,34.316666666,1.98674985355,0.229794585645,-0.00441223817804,0.993374926773,0.114897292823,-0.00220611908902,0.993374926773,0.114897292823,-0.00220611908902,1.98641561828,0.202870307719,-0.00143057028108,1.9863830654550452,0.20071443775852146,-0.0011861712678397543
34.266666666666666,-7.076467601888511,2.973790584070211,2.9584223348986143,1.9853824958041344,0.13062848889857714,0.006406204079305204,1.9867383434788128,0.22989386654838667,-0.004423197315751072,DEPTH_PROPOSAL_CERTIFIED,1.309465147097982,0,32,0,0,119,FULL_MOTION_CERTIFICATE,0,0,0,124,0,0,0,0,0,,34.333333333,1.9867439362,0.229845631612,-0.00441787188126,0.993371968101,0.114922815806,-0.00220893594063,0.993371968101,0.114922815806,-0.00220893594063,1.98644049085,0.204913892903,-0.00165688101289,1.9864106921875966,0.20291853604539142,-0.001430570281076562
34.28333333333333,-7.043376563706818,2.976061577772168,2.9585189243036076,1.985462290901637,0.13625962211743656,0.005795364299593501,1.9867330597973707,0.22993942657625666,-0.004428229212463076,DEPTH_PROPOSAL_CERTIFIED,1.2940163547766173,0,32,0,0,119,FULL_MOTION_CERTIFICATE,0,0,0,124,0,0,0,0,0,,34.35,1.98673834348,0.229893866548,-0.00442319731575,0.993369171739,0.114946933274,-0.00221159865788,0.993369171739,0.114946933274,-0.00221159865788,1.98646305545,0.206806315187,-0.00186645043396,1.9864357910911692,0.20495944738752558,-0.0016568810128897362
34.3,-7.01028426758801,2.9784216998895188,2.9586058397000987,1.9855377671286185,0.14160732704105505,0.005214923789475499,1.9867280701004015,0.22998244312847083,-0.0044329818174349755,DEPTH_PROPOSAL_CERTIFIED,1.2783197702967413,0,32,0,0,120,FULL_MOTION_CERTIFICATE,0,0,0,124,0,0,0,0,0,,34.366666666,1.9867330598,0.229939426576,-0.00442822921246,0.993366529899,0.114969713288,-0.00221411460623,0.993366529899,0.114969713288,-0.00221411460623,1.98648351032,0.208558823556,-0.00206052457609,1.9864585770977927,0.2068493271092047,-0.0018664504339645626
34.31666666666667,-6.977190782730994,2.980866407982158,2.9586835689244113,1.985609091420238,0.14668248555829294,0.004663753458750799,1.9867233598589877,0.23002304289034853,-0.004437468882040003,DEPTH_PROPOSAL_CERTIFIED,1.2623643565740026,0,32,0,0,120,FULL_MOTION_CERTIFICATE,0,0,0,124,0,0,0,0,0,,34.383333333,1.9867280701,0.229982443128,-0.00443298181743,0.99336403505,0.114991221564,-0.00221649090872,0.99336403505,0.114991221564,-0.00221649090872,1.98650203758,0.210181825071,-0.00224025618888,1.9864792477779942,0.2085994194685705,-0.0020605245760878495
34.333333333333336,-6.9440961755340025,2.9833913403692605,2.958752580964825,1.985676431819584,0.15149594322615054,0.00414072242483975,1.9867189150778757,0.2300613477757806,-0.004441703657436043,DEPTH_PROPOSAL_CERTIFIED,1.2461398869476579,0,32,0,0,120,FULL_MOTION_CERTIFICATE,0,0,0,124,0,0,0,0,0,,34.4,1.98672335986,0.23002304289,-0.00443746888204,0.993361679929,0.115011521445,-0.00221873444102,0.993361679929,0.115011521445,-0.00221873444102,1.98651880442,0.211684947663,-0.00240671169926,1.9864979846916078,0.21022012677401675,-0.002240256188875445
34.35,-6.911000509596095,2.985992314585883,2.958813326042961,1.9857399562745643,0.15605845299736607,0.003644704688165367,1.9867147222967174,0.23009747493363164,-0.0044456988926188995,DEPTH_PROPOSAL_CERTIFIED,1.229636902851258,0,32,0,0,120,FULL_MOTION_CERTIFICATE,0,0,0,124,0,0,0,0,0,,34.416666666,1.98671891508,0.230061347776,-0.00444170365744,0.993359457539,0.115030673888,-0.00222085182872,0.993359457539,0.115030673888,-0.00222085182872,1.98653396431,0.213077099131,-0.00256087775053,1.9865149546253242,0.2117210722061988,-0.0024067116992624754
34.36666666666667,-6.877903845735871,2.9886653250472626,2.9588662357897353,1.985799831613522,0.1603806276827826,0.003174584806445803,1.986710768588163,0.230131536779964,-0.004449466835574501,DEPTH_PROPOSAL_CERTIFIED,1.212846672032121,0,32,0,0,120,FULL_MOTION_CERTIFICATE,0,0,0,124,0,0,0,0,0,,34.433333333,1.9867147223,0.230097474934,-0.00444569889262,0.993357361148,0.115048737467,-0.00222284944631,0.993357361148,0.115048737467,-0.00222284944631,1.9865476581,0.214366521566,-0.00270366723385,1.9865303107488044,0.21311115884486773,-0.0025608777505332298
34.38333333333333,-6.844806242024551,2.9914065400495913,2.958911723501105,1.9858562226793384,0.16447290013972074,0.0027292626821809906,1.9867070415532555,0.23016364105215367,-0.004453019237073777,DEPTH_PROPOSAL_CERTIFIED,1.1957611475655183,0,32,0,0,120,FULL_MOTION_CERTIFICATE,0,0,0,125,0,0,0,0,0,,34.45,1.98671076859,0.23013153678,-0.00444946683557,0.993355384294,0.11506576839,-0.00222473341779,0.993355384294,0.11506576839,-0.00222473341779,1.98656001496,0.215560840924,-0.00283592478208,1.9865441936822994,0.21439862411436894,-0.002703667233850056
34.4,-6.811707753831164,2.994212298220146,2.9589501844606256,1.985909291603324,0.16834549023329884,0.0023076575712521214,1.9867035293145416,0.23019389088141715,-0.004456367356705751,DEPTH_PROPOSAL_CERTIFIED,1.1783729278642328,0,32,0,0,120,FULL_MOTION_CERTIFICATE,0,0,0,125,0,0,0,0,0,,34.466666666,1.98670704155,0.230163641052,-0.00445301923707,0.993353520777,0.115081820526,-0.00222650961854,0.993353520777,0.115081820526,-0.00222650961854,1.98657115333,0.216667113617,-0.00295843193286,1.9865567324759508,0.21559108937495472,-0.0028359247820803992
34.416666666666664,-6.778608433877777,2.9970791045173364,2.9589819963172372,1.9859591972033364,0.17200837783142178,0.0019087113966980874,1.9867002205072704,0.230222384880696,-0.004459521970793191,DEPTH_PROPOSAL_CERTIFIED,1.1582972422663846,0,32,0,0,120,FULL_MOTION_CERTIFICATE,0,0,0,125,0,0,0,0,0,,34.483333333,1.98670352931,0.230193890881,-0.00445636735671,0.993351764657,0.115096945441,-0.00222818367835,0.993351764657,0.115096945441,-0.00222818367835,1.98658118182,0.217691869491,-0.00307191189148,1.9865680455234849,0.21669560652852457,-0.0029584319328614275
34.43333333333333,-6.745508332302922,3.0000036258690472,2.959007519508081,1.9860060944913758,0.17547128110266166,0.0015313914506237933,1.986697104268993,0.2302492172451739,-0.004462493381872989,DEPTH_PROPOSAL_CERTIFIED,1.1367851800753974,0,32,0,0,120,FULL_MOTION_CERTIFICATE,0,0,0,125,0,0,0,0,0,,34.5,1.98670022051,0.230222384881,-0.00445952197079,0.993348552134,0.115124608623,-0.00223124669094,0.993350110254,0.11511119244,-0.0022297609854,1.98658996382,0.218643183734,-0.0031772589762,1.986578241405457,0.21771870101179092,-0.0030719118914828768
34.45,-6.712407497029737,3.0029826890927374,2.9590270974332347,1.9860501163903728,0.17874379342134653,0.0011746755091979855,1.9866941702278587,0.23027447786302788,-0.004465291429461052,DEPTH_PROPOSAL_CERTIFIED,1.1151772113779086,0,32,0,0,120,FULL_MOTION_CERTIFICATE,0,0,0,125,0,0,0,0,0,,34.516666666,1.98669710427,0.230249217245,-0.00446249338187,0.993348552134,0.115124608623,-0.00223124669094,0.993348552134,0.115124608623,-0.00223124669094,1.98659808052,0.219522428662,-0.00327462521515,1.9865871835581352,0.21866844370928584,-0.003177258976195131
34.46666666666667,-6.679305973199852,3.0060132705099463,2.959041057554443,1.9860914297932415,0.18183488503253217,0.0008376072725046067,1.9866914084982326,0.23029825236221502,-0.004467925493871636,DEPTH_PROPOSAL_CERTIFIED,1.0934742714613388,0,32,0,0,120,FULL_MOTION_CERTIFICATE,0,0,0,125,0,0,0,0,0,,34.533333333,1.98669417023,0.230274477863,-0.00446529142946,0.993347085114,0.115137238932,-0.00223264571473,0.993347085114,0.115137238932,-0.00223264571473,1.98660536005,0.22033697786,-0.00336482720289,1.98659545330824,0.21954620268899944,-0.0032746252151548655
34.483333333333334,-6.646203803600935,3.009092493925293,2.9590497115715158,1.9861301759351022,0.18475340492082096,0.0005192410243685798,1.9866888096490924,0.23032062239071335,-0.004470404526014688,DEPTH_PROPOSAL_CERTIFIED,1.071677285755648,0,32,0,0,120,FULL_MOTION_CERTIFICATE,0,0,0,125,0,0,0,0,0,,34.55,1.9866914085,0.230298252362,-0.00446792549387,0.991308547901,0.130626725386,-0.0156211866992,0.993345704249,0.115149126181,-0.00223396274694,1.98644448296,0.22239342411,-0.00455375257106,1.9866028788658023,0.22035934755794637,-0.003364827202891187
34.5,-6.613101240124207,3.0122192691846728,2.9590519602936447,1.9861538086037651,0.1876065155628076,0.00013492332774496665,1.9866863646995776,0.23034166566221917,-0.004472737051335026,DEPTH_PROPOSAL_CERTIFIED,1.0497859624422108,0,32,0,0,120,FULL_MOTION_CERTIFICATE,0,0,0,125,0,0,0,0,0,,34.566666666,1.98668880965,0.230320622391,-0.00447040452601,0.991308547901,0.130626725386,-0.0156211866992,0.993344404825,0.115160311195,-0.00223520226301,1.9861545294,0.225337365406,-0.00657561770437,1.9864421271614523,0.22241446539504683,-0.004553752571063401
34.516666666666666,-6.579998678565178,3.0153937093294556,2.95904573611043,1.9861536935418473,0.19046640868697515,-0.0003734509928700316,1.9866840705615303,0.23036140978776873,-0.004474891916054493,DEPTH_PROPOSAL_CERTIFIED,1.0277991508344064,0,32,0,0,120,FULL_MOTION_CERTIFICATE,0,0,0,125,0,0,0,0,0,,34.583333333,1.9866863647,0.230341665662,-0.00447273705134,0.991308547901,0.130626725386,-0.0156211866992,0.99334318235,0.115170832831,-0.00223636852567,1.985886542,0.228058281019,-0.00844431135492,1.9861522897864505,0.22535710480182122,-0.00657561770437339
34.53333333333333,-6.546896456991417,3.0186156372320547,2.9590293214469603,1.9861332944257286,0.19331567415596435,-0.0009848798081770799,1.986681928127058,0.2303798485540119,-0.0044768106487966895,DEPTH_PROPOSAL_CERTIFIED,1.0057159034187972,0,32,0,0,120,FULL_MOTION_CERTIFICATE,0,0,0,125,0,0,0,0,0,,34.6,1.98668407056,0.230361409788,-0.00447489191605,0.991308547901,0.130626725386,-0.0156211866992,0.993342035281,0.115180704894,-0.00223744595803,1.98563885668,0.230573066657,-0.0101714373018,1.9858844252090802,0.2280767128776346,-0.008444311354923528
34.55,-6.5137948622189175,3.0218846289217147,2.959001307594736,1.9860956863501318,0.19613950137962133,-0.001680831133454766,1.9866799373092214,0.2303969839812232,-0.004478444527395858,DEPTH_PROPOSAL_CERTIFIED,0.9835354563747294,0,32,0,0,120,FULL_MOTION_CERTIFICATE,0,0,0,125,0,0,0,0,0,,34.616666666,1.98668192813,0.230379848554,-0.0044768106488,0.991308547901,0.130626725386,-0.0156211866992,0.993340964064,0.115189924277,-0.0022384053244,1.98540993541,0.232897338087,-0.0117677202756,1.9856368678278506,0.2305901935082387,-0.010171437301843058
34.56666666666667,-6.480694135638438,3.025200052010436,2.958960557771373,1.9860435948280308,0.19892538532318235,-0.002444989401799545,1.9866780971839502,0.23041282511756955,-0.004479753441710178,DEPTH_PROPOSAL_CERTIFIED,0.9612572115226012,0,32,0,0,120,FULL_MOTION_CERTIFICATE,0,0,0,125,0,0,0,0,0,,34.633333333,1.98667993731,0.230396983981,-0.0044784445274,0.991308547901,0.130626725386,-0.0156211866992,0.993339968655,0.115198491991,-0.0022392222637,1.98519835665,0.235045528485,-0.0132430728144,1.9854080782584003,0.2329131694346134,-0.011767720275602116
34.583333333333336,-6.447594478453287,3.028561099713312,2.9589061740043068,1.9859794311091716,0.20166286217257576,-0.003263026023966538,1.9866764061162006,0.23042738696835185,-0.0044807048724534735,DEPTH_PROPOSAL_CERTIFIED,0.9388807196222544,0,32,0,0,120,FULL_MOTION_CERTIFICATE,0,0,0,125,0,0,0,0,0,,34.65,1.98667809718,0.230412825118,-0.00447975344171,0.991308547901,0.130626725386,-0.0156211866991,0.993339048592,0.115206412559,-0.00223987672086,1.98500280658,0.237030977183,-0.0146066562192,1.9851966337390894,0.2350600797351773,-0.013243072814404467
34.6,-6.414496056383954,3.0319668209092803,2.9588374674718425,1.9859053241601057,0.20434327175810382,-0.0041223919478511435,1.986674861871907,0.23044068954671013,-0.0044812729750077765,DEPTH_PROPOSAL_CERTIFIED,0.9164056649459587,0,32,0,0,120,FULL_MOTION_CERTIFICATE,0,0,0,125,0,0,0,0,0,,34.666666666,1.98667640612,0.230427386968,-0.00448070487245,0.991308547901,0.130626725386,-0.0156211866991,0.993338203058,0.115213693484,-0.00224035243623,1.98482207092,0.238866012988,-0.0158669377733,1.9850012193815016,0.23704426870154813,-0.014606656219243978
34.61666666666667,-6.381399003890636,3.035416146647552,2.9587539319673763,1.9858231495991716,0.2069595442963212,-0.005012130267961359,1.9866734617171578,0.23045275703359322,-0.004481437758213748,DEPTH_PROPOSAL_CERTIFIED,0.8973223456265422,0,32,0,0,120,FULL_MOTION_CERTIFICATE,0,0,0,125,0,0,0,0,0,,34.683333333,1.98667486187,0.230440689547,-0.00448127297501,0.991308547901,0.130626725386,-0.0156211866991,0.993337430936,0.115220344773,-0.0022406364875,1.98465502735,0.240562031035,-0.0170317435258,1.9848206199557763,0.23887806926257543,-0.015866937773306656
34.63333333333333,-6.34830342795955,3.0389079134661805,2.9586552201835445,1.9857345558652626,0.20950600911770906,-0.005922707029916426,1.9866722025058785,0.23046361703590162,-0.004481184349016161,DEPTH_PROPOSAL_CERTIFIED,0.8808668596858222,0,32,0,0,120,FULL_MOTION_CERTIFICATE,0,0,0,126,0,0,0,0,0,,34.7,1.98667346172,0.230452757034,-0.00448143775821,0.991308547901,0.130626725386,-0.0156211866991,0.993336730859,0.115226378517,-0.00224071887911,1.98450063859,0.242129562865,-0.0181083064164,1.9846537123115735,0.24057287993864268,-0.017031743525768934
34.65,-6.315209411494876,3.0424408838528443,2.9585411225419014,1.9856409878805494,0.21197822319983825,-0.006845858498591746,1.986671080757188,0.23047329993276205,-0.00448050233468089,DEPTH_PROPOSAL_CERTIFIED,0.8643210228560958,0,32,0,0,120,FULL_MOTION_CERTIFICATE,0,0,0,126,0,0,0,0,0,,34.716666666,1.98667220251,0.230463617036,-0.00448118434902,0.991308547901,0.130626725386,-0.0156211866991,0.993336101253,0.115231808518,-0.00224059217451,1.98435794596,0.243578342194,-0.019103311451,1.9844994584670501,0.24213923500181617,-0.01810830641643133
34.666666666666664,-6.282117016354394,3.046013764147504,2.9584115483182476,1.9855437084290573,0.2143728176795827,-0.007774453419229828,1.986670092723474,0.23048183830088867,-0.004479385175084371,DEPTH_PROPOSAL_CERTIFIED,0.8476850573837127,0,32,0,0,120,FULL_MOTION_CERTIFICATE,0,0,0,126,0,0,0,0,0,,34.733333333,1.98667108076,0.230473299933,-0.00448050233468,0.991308547901,0.130626725386,-0.0156211866991,0.993335540379,0.115236649966,-0.00224025116734,1.98422606337,0.244917365598,-0.0200229373745,1.9843568991208527,0.24358687033246648,-0.01910331145101512
34.68333333333333,-6.2490262860633585,3.049625220157427,2.9582665088370743,1.9854438174622024,0.21668736059541535,-0.008702368870386983,1.9866692344501586,0.2304892664108097,-0.004477829678241557,DEPTH_PROPOSAL_CERTIFIED,0.830959255250374,0,32,0,0,120,FULL_MOTION_CERTIFICATE,0,0,0,126,0,0,0,0,0,,34.75,1.98667009272,0.230481838301,-0.00447938517508,0.974241049804,-0.220644151629,-0.0465890032923,0.993335046362,0.11524091915,-0.00223969258754,1.98401589117,0.244596961411,-0.021076536464,1.9842251476665724,0.24492478416857552,-0.020022937374504977
34.7,-6.215937359697128,3.053271923572898,2.9581058454069193,1.9853355819730727,0.21880220492816194,-0.009639805809300662,1.9866685018279988,0.23049561978653196,-0.004475835532873096,DEPTH_PROPOSAL_CERTIFIED,0.8141458038861211,0,32,0,0,120,FULL_MOTION_CERTIFICATE,0,0,0,126,0,0,0,0,0,,34.75,1.98667009272,0.230481838301,-0.00447938517508,0.974241049804,-0.220644151629,-0.0465890032923,0.993335046362,0.11524091915,-0.00223969258754,1.98401589117,0.244596961411,-0.021076536464,1.9840151090056897,0.24460330578766,-0.021076536464042974
34.71666666666667,-6.182850464073317,3.0569487028310167,2.9579292453088253,1.9852137374288257,0.2206067554871366,-0.010596005885645224,1.9866678843249206,0.23050098938158894,-0.004473397596116955,DEPTH_PROPOSAL_CERTIFIED,0.7972487226561982,0,32,0,0,120,FULL_MOTION_CERTIFICATE,0,0,0,126,0,0,0,0,0,,34.783333333,1.98666850183,0.230495619787,-0.00447583553287,0.974241049804,-0.220644151629,-0.0465890032923,0.993334250914,0.115247809893,-0.00223791776644,1.98336252095,0.238976999322,-0.0235757974622,1.9837272339890122,0.24262227230662864,-0.02226164681704959
34.733333333333334,-6.14976590653169,3.060648682548348,2.957736256585003,1.9850734524977312,0.22199878303990228,-0.011579323429324464,1.986667365455402,0.2305055175209248,-0.004470506336397019,DEPTH_PROPOSAL_CERTIFIED,0.7802738030669643,0,32,0,0,120,FULL_MOTION_CERTIFICATE,0,0,0,126,0,0,0,0,0,,34.8,1.98666788432,0.230500989382,-0.00447339759612,0.974241049804,-0.220644151629,-0.0465890032923,0.993333942162,0.115250494691,-0.00223669879806,1.98292025128,0.23367701208,-0.0250164958158,1.9833619763383779,0.23898151918364452,-0.023575797462211924
34.75,-6.116684068254074,3.0643634123887775,2.9575263017344304,1.9849102966570882,0.2228837904257792,-0.012597291034358624,1.986666923214773,0.23050939414895705,-0.0044671482434692844,DEPTH_PROPOSAL_CERTIFIED,0.763228552483751,0,32,0,0,120,FULL_MOTION_CERTIFICATE,0,0,0,126,0,0,0,0,0,,34.816666666,1.98666736546,0.230505517521,-0.0044705063364,0.974241049804,-0.220644151629,-0.0465890032923,0.993333682728,0.11525275876,-0.0022352531682,1.98240155345,0.226716737591,-0.0265812153068,1.9829197954012452,0.23368088053347807,-0.025016495815776148
34.766666666666666,-6.083605398079814,3.06808298616603,2.957298690413817,1.9847202104556914,0.22317442663516301,-0.013656679236812614,1.986666530480946,0.23051285336069213,-0.004463306208570803,DEPTH_PROPOSAL_CERTIFIED,0.7461221411614931,0,32,0,0,120,FULL_MOTION_CERTIFICATE,0,0,0,126,0,0,0,0,0,,34.833333333,1.98666692321,0.230509394149,-0.00446714824347,0.974241049804,-0.220644151629,-0.0465890032923,0.993333461607,0.115254697074,-0.00223357412173,1.9818069091,0.218095962567,-0.028267382372,1.9824011587986496,0.22672018838964608,-0.026581215306752094
34.78333333333333,-6.050530406775954,3.0717961519174466,2.9570526312357095,1.9844994782317005,0.22278994508499045,-0.014763550686449403,1.9866661553858656,0.23051617019453563,-0.0044589598773725715,DEPTH_PROPOSAL_CERTIFIED,0.7289653523996631,0,32,0,0,120,FULL_MOTION_CERTIFICATE,0,0,0,126,0,0,0,0,0,,34.85,1.98666653048,0.230512853361,-0.00446330620857,0.974241049804,-0.220644151629,-0.0465890032923,0.99333326524,0.11525642668,-0.00223165310429,1.98113681167,0.20781447428,-0.0300723614406,1.9818065450990114,0.2180992701728847,-0.02826738237201905
34.8,-6.017459661723664,3.0754904136356727,2.956787242751094,1.9842447031375336,0.2216557030935687,-0.015923309076913857,1.9866657616587506,0.2305196576670963,-0.004454085978258651,DEPTH_PROPOSAL_CERTIFIED,0.7117705356348691,0,32,0,0,120,FULL_MOTION_CERTIFICATE,0,0,0,126,0,0,0,0,0,,34.866666666,1.98666615539,0.230516170195,-0.00445895987737,0.974241049804,-0.220644151629,-0.0465890032923,0.993333077693,0.115258085097,-0.00222947993869,1.98039176928,0.195872058667,-0.0319934392762,1.9811364469886974,0.20781795079822238,-0.03007236144058105
34.81666666666667,-5.984393781985403,3.0791521252881147,2.9565015636980454,1.983952784294885,0.2197026991464437,-0.017140743182919208,1.9866653089430675,0.23052366403160152,-0.0044486586283379965,DEPTH_PROPOSAL_CERTIFIED,0.6986771925152824,0,32,0,0,120,FULL_MOTION_CERTIFICATE,0,0,0,126,0,0,0,0,0,,34.883333333,1.98666576166,0.230519657667,-0.00445408597826,0.974241049804,-0.220644151629,-0.0465890032923,0.993332880829,0.115259828834,-0.00222704298913,1.97957230798,0.182268496604,-0.0340278074852,1.9803913744145718,0.19587605099152822,-0.03199343927617852
34.833333333333336,-5.951333433719764,3.082766577703962,2.95619456259411,1.9836208959384711,0.2168671449508476,-0.018420066236124875,1.9866647530889692,0.23052857024304818,-0.004442649619439124,DEPTH_PROPOSAL_CERTIFIED,0.6902134035643581,0,32,0,0,120,FULL_MOTION_CERTIFICATE,0,0,0,126,0,0,0,0,0,,34.9,1.98666530894,0.230523664032,-0.00444865862834,0.974241049804,-0.220644151629,-0.0465890032923,0.993332654472,0.115261832016,-0.00222432931417,1.97867897582,0.167003567479,-0.0361725413719,1.9795718579902222,0.18227338376457317,-0.03402780748523498
34.85,-5.918279325911996,3.0863180788738753,2.9558651467488417,1.9832464684661948,0.21309007019483112,-0.019764950716105175,1.9866640464227991,0.23053478761454818,-0.004436028686236196,DEPTH_PROPOSAL_CERTIFIED,0.6817881427524495,0,32,0,0,120,FULL_MOTION_CERTIFICATE,0,0,0,126,0,0,0,0,0,,34.916666666,1.98666475309,0.230528570243,-0.00444264961944,0.974241049804,-0.220644151629,-0.0465890032923,0.993332376544,0.115264285122,-0.00222132480972,1.97771234723,0.150077046248,-0.0384245765284,1.9786784533044222,0.16700975817142721,-0.03617254137186582
34.86666666666667,-5.885232206390889,3.089790028157853,2.955512170769972,1.9828271712665542,0.2083169570386847,-0.021178558732185954,1.9866631379951567,0.2305427556502406,-0.00442876375862659,DEPTH_PROPOSAL_CERTIFIED,0.6734182781304063,0,32,0,0,120,FULL_MOTION_CERTIFICATE,0,0,0,126,0,0,0,0,0,,34.933333333,1.98666404642,0.230534787615,-0.00443602868624,0.974241049804,-0.220644151629,-0.0465890032923,0.993332023211,0.115267393807,-0.00221801434312,1.9766730281,0.131488698606,-0.0407806812604,1.9777117454309376,0.15008497653369463,-0.03842457652837252
34.88333333333333,-5.852192858103514,3.093164984856896,2.955134444636395,1.982360897242602,0.20249740194257998,-0.02266356801462792,1.9866619738088682,0.2305529400414705,-0.00442082120040408,DEPTH_PROPOSAL_CERTIFIED,0.6651217180130169,0,32,0,0,120,FULL_MOTION_CERTIFICATE,0,0,0,127,0,0,0,0,0,,34.95,1.986663138,0.23054275565,-0.00442876375863,0.974241049804,-0.220644151629,-0.0465890032923,0.993331568998,0.115271377825,-0.00221438187931,1.97556166248,0.111238286084,-0.0432374221523,1.9766723541503848,0.13149882977009825,-0.040780681260421
34.9,-5.819162095619761,3.0964247315820743,2.9547307414142603,1.9818457490252714,0.19558480351071822,-0.024222193328087584,1.9866604970280943,0.23056583081400805,-0.004412166036270171,DEPTH_PROPOSAL_CERTIFIED,0.6569173618969508,0,32,0,0,120,FULL_MOTION_CERTIFICATE,0,0,0,127,0,0,0,0,0,,34.95,1.986663138,0.23054275565,-0.00442876375863,0.974241049804,-0.220644151629,-0.0465890032923,0.993331568998,0.115271377825,-0.00221438187931,1.97556166248,0.111238286084,-0.0432374221523,1.9755609407738384,0.11125110264199974,-0.04323742215229665
34.916666666666664,-5.786140761839551,3.099550332810037,2.954299804694431,1.981280026812748,0.18753607367779135,-0.025856203189776994,1.9866586481697506,0.23058194061465231,-0.004402762169322039,DEPTH_PROPOSAL_CERTIFIED,0.6488250548568384,0,32,0,0,120,FULL_MOTION_CERTIFICATE,0,0,0,127,0,0,0,0,0,,34.983333333,1.98666049703,0.230565830814,-0.00441216603627,0.974241049804,-0.220644151629,-0.0465890032923,0.993330248514,0.115282915407,-0.00220608301814,1.97312560584,0.0657502647187,-0.0484378170787,1.9743782158199614,0.0893415697160774,-0.04579112350238901
34.93333333333333,-5.75312972487545,3.1025221889820567,2.953840355835853,1.980662217846213,0.1783113703211844,-0.027566931514697458,1.986656365278281,0.23060180312677703,-0.004392572591218708,DEPTH_PROPOSAL_CERTIFIED,0.6408655451708289,0,32,0,0,120,FULL_MOTION_CERTIFICATE,0,0,0,127,0,0,0,0,0,,35,1.98665864817,0.230581940615,-0.00440276216932,0.974241049804,-0.220644151629,-0.0465890032923,0.993329324085,0.115290970307,-0.00220138108466,1.97180348852,0.040511803345,-0.0511677673966,1.973124948454485,0.06576998937057299,-0.0484378170787284
34.95,-5.720129873798019,3.1053200860859715,2.95335110794207,1.9799910646451118,0.16787382623482824,-0.029354873626962957,1.986653584084735,0.23062597160523515,-0.004381559587414112,DEPTH_PROPOSAL_CERTIFIED,0.6330604451340032,0,32,0,0,120,FULL_MOTION_CERTIFICATE,0,0,0,127,0,0,0,0,0,,35.016666666,1.98665636528,0.230601803127,-0.00439257259122,0.974241049804,-0.220644151629,-0.0465890032923,0.993328182639,0.115300901563,-0.00219628629561,1.97041566829,0.0136093161269,-0.053964601021,1.9718029955916792,0.04053578838133379,-0.05116776739659335
34.96666666666667,-5.687142113118984,3.1079232411387085,2.9528307871601633,1.9792656407421714,0.15618930316423538,-0.03121924691438919,1.9866502381488476,0.23065501753690243,-0.004369685134909621,DEPTH_PROPOSAL_CERTIFIED,0.6254321947251815,0,32,0,0,120,FULL_MOTION_CERTIFICATE,0,0,0,127,0,0,0,0,0,,35.033333333,1.98665358408,0.230625971605,-0.00438155958741,0.974241049804,-0.220644151629,-0.0465890032923,0.993326792042,0.115312985803,-0.00219077979371,1.96896753452,-0.0149583073398,-0.0567997354203,1.9704154691262976,0.0136381217029935,-0.05396460102099061
34.983333333333334,-5.654167354771622,3.1103103439074102,2.9522781677816585,1.9784855008418463,0.14322616612210054,-0.03315716271029207,1.986646258985221,0.23068952941588092,-0.004356911509969171,DEPTH_PROPOSAL_CERTIFIED,0.618004027690225,0,32,0,0,120,FULL_MOTION_CERTIFICATE,0,0,0,127,0,0,0,0,0,,35.05,1.98665023815,0.230655017537,-0.00436968513491,0.974241049804,-0.220644151629,-0.0465890032923,0.993325119074,0.115327508768,-0.00218484256745,1.9674730528,-0.0451915775149,-0.0595995016207,1.9689677940578787,-0.014924105791954023,-0.056799735420308715
35.0,-5.621206499865399,3.1124595962260675,2.9516921616116,1.9776512943735158,0.1289551391194487,-0.03516037020350354,1.9866415761736926,0.23073011162820026,-0.004343202291368319,DEPTH_PROPOSAL_CERTIFIED,0.610799937583032,0,32,0,0,120,FULL_MOTION_CERTIFICATE,0,0,0,127,0,0,0,0,0,,35.05,1.98665023815,0.230655017537,-0.00436968513491,0.974241049804,-0.220644151629,-0.0465890032923,0.993325119074,0.115327508768,-0.00218484256745,1.9674730528,-0.0451915775149,-0.0595995016207,1.9674739754598853,-0.045151390312914486,-0.05959950162068493
35.016666666666666,-5.5882603105670565,3.1143511373512522,2.9510720860508233,1.9767713579006525,0.11349246751109791,-0.03720453364661414,1.98663611745277,0.23077738343311988,-0.004328524915647222,DEPTH_PROPOSAL_CERTIFIED,0.6056488575436887,0,32,0,0,121,FULL_MOTION_CERTIFICATE,0,0,0,127,0,0,0,0,0,,35.083333333,1.98664157617,0.230730111628,-0.00434320229137,0.974241049804,-0.220644151629,-0.0465890032923,0.993320788087,0.115365055814,-0.00217160114568,1.96467516811,-0.103547414217,-0.0645465300231,1.9660361329317182,-0.07515212611079325,-0.062143327652565084
35.03333333333333,-5.555329390648309,3.115968706303991,2.950417487767349,1.9758551951249528,0.09705413716433195,-0.03927589700847054,1.9866298165676972,0.23083191108882306,-0.004312858365192851,DEPTH_PROPOSAL_CERTIFIED,0.6040312886873562,0,32,0,0,121,FULL_MOTION_CERTIFICATE,0,0,0,127,0,0,0,0,0,,35.1,1.98663611745,0.230777383433,-0.00432852491565,0.973979469732,-0.223547842727,-0.0372874583776,0.993318058726,0.115388691717,-0.00216426245782,1.96337032711,-0.130536230213,-0.0659874136426,1.9646780092614167,-0.10349349306622507,-0.06454653002312014
35.05,-5.522414229288867,3.1172989913548776,2.9497291628214577,1.9749096815665899,0.07981710305321368,-0.041299496753479666,1.9866226187203733,0.2308941609391481,-0.004296188172316924,DEPTH_PROPOSAL_CERTIFIED,0.6027010037157556,0,32,0,0,121,FULL_MOTION_CERTIFICATE,0,0,0,127,0,0,0,0,0,,35.116666666,1.98662981657,0.230831911089,-0.00431285836519,0.973979469732,-0.223547842727,-0.0372874583776,0.993314908284,0.115415955544,-0.0021564291826,1.96213902044,-0.155914690223,-0.0670050610012,1.963374416154562,-0.13047471310244202,-0.06598741364259252
35.06666666666667,-5.489515185531624,3.1183317229865533,2.949008381355051,1.9739426254338668,0.06196389790050394,-0.04324688798436487,1.9866144784159567,0.23096451736448712,-0.004278535577334639,DEPTH_PROPOSAL_CERTIFIED,0.6016682721456461,0,32,0,0,122,FULL_MOTION_CERTIFICATE,0,0,0,127,0,0,0,0,0,,35.133333333,1.98662261872,0.230894160939,-0.00429618817232,0.973979469732,-0.223547842727,-0.0372874583776,0.99331130936,0.11544708047,-0.00214809408616,1.96098579237,-0.179643023468,-0.067801895482,1.9621445406146512,-0.15584520496246787,-0.06700506100115489
35.083333333333336,-5.456632492421812,3.1190594935336167,2.9482565960912996,1.9729615865888366,0.043666232823820345,-0.045107115825095405,1.9866053598305382,0.231043280020324,-0.004259935448812171,DEPTH_PROPOSAL_CERTIFIED,0.6009405016419491,0,32,0,0,122,FULL_MOTION_CERTIFICATE,0,0,0,127,0,0,0,0,0,,35.15,1.98661447842,0.230964517364,-0.00427853557733,0.973979469732,-0.223547842727,-0.0372874583776,0.993307239208,0.115482258682,-0.00213926778867,1.95991217818,-0.201712140097,-0.0684629365435,1.9609929126794663,-0.17956528111173323,-0.06780189548200931
35.1,-5.423766264637334,3.1194775517539854,2.947475321154924,1.9719736670687942,0.02508349322213828,-0.04687649618254842,1.986595236264752,0.23113066871528132,-0.004240427976002701,DEPTH_PROPOSAL_CERTIFIED,0.6005224434465057,0,32,0,0,122,FULL_MOTION_CERTIFICATE,0,0,0,127,0,0,0,0,0,,35.15,1.98661447842,0.230964517364,-0.00427853557733,0.973979469732,-0.223547842727,-0.0372874583776,0.993307239208,0.115482258682,-0.00213926778867,1.95991217818,-0.201712140097,-0.0684629365435,1.9599210489242773,-0.20162592991839684,-0.0684629365434765
35.11666666666667,-5.390916506642868,3.1195836050631565,2.9466660753900307,1.9709854796680888,0.006363198550261656,-0.04855474589360453,1.9865840895075946,0.23122682899978714,-0.004220055211130589,DEPTH_PROPOSAL_CERTIFIED,0.6004163901436539,0,32,0,0,122,FULL_MOTION_CERTIFICATE,0,0,0,127,0,0,0,0,0,,35.183333333,1.98659523626,0.231130668715,-0.004240427976,0.973979469732,-0.223547842727,-0.0372874583776,0.993297618132,0.115565334358,-0.002120213988,1.95800613027,-0.240863144233,-0.0695234855128,1.958929593379481,-0.22202439644664715,-0.0690293923684903
35.13333333333333,-5.3580831206445705,3.119377634572758,2.9458303539438,1.9700031598979408,-0.012358229423903987,-0.05014328677384369,1.9865719092228797,0.23133183755353395,-0.00419885944838195,DEPTH_PROPOSAL_CERTIFIED,0.6006223606217784,0,32,0,0,122,FULL_MOTION_CERTIFICATE,0,0,0,128,0,0,0,0,0,,35.2,1.98658408951,0.231226829,-0.00422005521113,0.973979469732,-0.223547842727,-0.0372874583776,0.993292044754,0.1156134145,-0.00211002760557,1.95717422605,-0.257943429402,-0.0699581780099,1.9580188587021363,-0.24075965070873886,-0.06952348551276273
35.15,-5.325265914131714,3.118861723400772,2.9449696136955037,1.9690323907714953,-0.030954670319162204,-0.05164441489778661,1.9865586923770833,0.23144570722829075,-0.004176882408003762,DEPTH_PROPOSAL_CERTIFIED,0.6011382717630154,0,32,0,0,122,FULL_MOTION_CERTIFICATE,0,0,0,128,0,0,0,0,0,,35.216666666,1.98657190922,0.231331837554,-0.00419885944838,0.973979469732,-0.223547842727,-0.0372874583776,0.993285954611,0.115665918777,-0.00209942972419,1.95642324755,-0.273359806039,-0.0703414878078,1.95718900742886,-0.2578312492413264,-0.06995817800989135
35.166666666666664,-5.292464606944209,3.1180398976874493,2.944085266031917,1.9680784312504158,-0.04930954279937526,-0.053060859815210894,1.9865444427108003,0.23156839173238955,-0.004154164814967255,DEPTH_PROPOSAL_CERTIFIED,0.6019600974273502,0,32,0,0,122,FULL_MOTION_CERTIFICATE,0,0,0,128,0,0,0,0,0,,35.233333333,1.98655869238,0.231445707228,-0.004176882408,0.973979469732,-0.223547842727,-0.0372874583776,0.993279346189,0.115722853614,-0.002088441204,1.95575326839,-0.287112127531,-0.0706785970215,1.9564401250932446,-0.27323898705798827,-0.0703414878077882
35.18333333333333,-5.259678837859106,3.116917979515095,2.943178673750645,1.9671461451063281,-0.06731509034125821,-0.05439553687629265,1.9865291702522152,0.23169978997181587,-0.004130746187187415,DEPTH_PROPOSAL_CERTIFIED,0.6030820155328405,0,32,0,0,122,FULL_MOTION_CERTIFICATE,0,0,0,128,0,0,0,0,0,,35.25,1.98654444271,0.231568391732,-0.00415416481497,0.973979469732,-0.223547842727,-0.0372874583776,0.993272221355,0.115784195866,-0.00207708240748,1.95516278891,-0.299232094283,-0.0709737727648,1.9557722541484568,-0.2869827703522436,-0.07067859702149111
35.2,-5.226908172662313,3.1155034107643327,2.9422511493533525,1.9662399118068257,-0.08487412504571093,-0.055651463837543345,1.9865128908699492,0.2318397500693453,-0.00410666474167716,DEPTH_PROPOSAL_CERTIFIED,0.6044965841992862,0,32,0,0,123,FULL_MOTION_CERTIFICATE,0,0,0,128,0,0,0,0,0,,35.266666666,1.98652917025,0.231699789972,-0.00413074618719,0.973979469732,-0.223547842727,-0.0372874583776,0.993264585126,0.115849894986,-0.00206537309359,1.95461704276,-0.310433881044,-0.0712465866925,1.9551838655529012,-0.29909434843994853,-0.07097377276479569
35.21666666666667,-5.194152153547077,3.11380422860745,2.9413039341443747,1.9653611469142434,-0.10195092941298298,-0.05683291253868007,1.986495625730611,0.2319880742137883,-0.0040819573400676335,DEPTH_PROPOSAL_CERTIFIED,0.6070953778708366,0,32,0,0,123,FULL_MOTION_CERTIFICATE,0,0,0,128,0,0,0,0,0,,35.283333333,1.98651289087,0.231839750069,-0.00410666474168,0.973979469732,-0.223547842727,-0.0372874583776,0.993256445435,0.115919875035,-0.00205333237084,1.95411264099,-0.320787048252,-0.0714987329145,1.9546402152247397,-0.3102879426937148,-0.07124658669254899
35.233333333333334,-5.16141030519565,3.1118289325609574,2.9403382014854276,1.9645109010857433,-0.11851776278956289,-0.05794395953684502,1.9864773979647155,0.23214454741412308,-0.004056658874848373,DEPTH_PROPOSAL_CERTIFIED,0.6141000969154102,0,32,0,0,123,FULL_MOTION_CERTIFICATE,0,0,0,128,0,0,0,0,0,,35.3,1.98649562573,0.231988074214,-0.00408195734007,0.973979469732,-0.223547842727,-0.0372874583776,0.993247812865,0.115994037107,-0.00204097867003,1.95364645147,-0.330355884595,-0.0717317771495,1.9541379019780414,-0.3206331299838503,-0.07149873291445828
35.25,-5.128682140074157,3.109586368270729,2.939355059965858,1.9636899072897056,-0.13455385741371034,-0.05898849117416559,1.986458232247843,0.23230894121220824,-0.004030802356536703,DEPTH_PROPOSAL_CERTIFIED,0.6213554506908217,0,32,0,0,123,FULL_MOTION_CERTIFICATE,0,0,0,128,0,0,0,0,0,,35.316666666,1.98647739796,0.232144547414,-0.00405665887485,0.973979469732,-0.223547842727,-0.0372874583776,0.993238698982,0.116072273707,-0.00202832943742,1.95321557936,-0.339199808549,-0.0719471665049,1.9536737829780437,-0.3301942118283215,-0.07173177714947726
35.266666666666666,-5.095967163024864,3.107085626254534,2.9383555564824873,1.9628986229577277,-0.15004452097171447,-0.059970209002253784,1.9864381544346796,0.23248101693391002,-0.004004418998886711,DEPTH_PROPOSAL_CERTIFIED,0.6288499563238759,0,32,0,0,123,FULL_MOTION_CERTIFICATE,0,0,0,128,0,0,0,0,0,,35.333333333,1.98645823225,0.232308941212,-0.00403080235654,0.973979469732,-0.223547842727,-0.0372874583776,0.993229116124,0.116154470606,-0.00201540117827,1.95281734906,-0.347373738781,-0.0721462384976,1.9532449541075962,-0.3390306163793765,-0.07194716650493047
35.28333333333333,-5.063264875232041,3.104335954000633,2.937340679224501,1.9621372675695004,-0.16498033523406597,-0.06089263547917144,1.9864171912401816,0.23266052852713254,-0.003977538301938481,DEPTH_PROPOSAL_CERTIFIED,0.636572094692706,0,32,0,0,123,FULL_MOTION_CERTIFICATE,0,0,0,128,0,0,0,0,0,,35.35,1.98643815443,0.232481016934,-0.00400441899889,0.993219077217,0.116240508467,-0.00200220949944,0.993219077217,0.116240508467,-0.00200220949944,1.95251248847,-0.353892141768,-0.0721771152489,1.9528487318331278,-0.3471972692347655,-0.07214623849756756
35.3,-5.030574697953819,3.1013479884383397,2.9363115538859974,1.961410636693404,-0.17927793373761097,-0.06174752031021512,1.986395369962711,0.23284722503053693,-0.003950188132749586,DEPTH_PROPOSAL_CERTIFIED,0.6445091123139695,0,32,0,0,124,FULL_MOTION_CERTIFICATE,0,0,0,128,0,0,0,0,0,,35.366666666,1.98641719124,0.232660528527,-0.00397753830194,0.99320859562,0.116330264264,-0.00198876915097,0.99320859562,0.116330264264,-0.00198876915097,1.95230075541,-0.358754827276,-0.0720415422395,1.95254574000503,-0.35370863548087084,-0.0721771152489486
35.31666666666667,-4.997895978917826,3.0981336508697197,2.9352694310450573,1.9607231421588516,-0.19286025411713184,-0.06252737045637673,1.9863727225597776,0.23304081583644698,-0.0039224003797393965,DEPTH_PROPOSAL_CERTIFIED,0.6526471452321836,0,32,0,0,124,FULL_MOTION_CERTIFICATE,0,0,0,128,0,0,0,0,0,,35.383333333,1.98639536996,0.232847225031,-0.00395018813275,0.993197684981,0.116423612515,-0.00197509406637,0.993197684981,0.116423612515,-0.00197509406637,1.95218190637,-0.361961610917,-0.0717412312448,1.9523357088373146,-0.3585645627472202,-0.07204154223954463
35.333333333333336,-4.965227998232145,3.094706049857122,2.9342156745415062,1.9600788411409964,-0.20565606075588116,-0.06322539021307406,1.9863492853401163,0.2332409735716187,-0.0038942105968972234,DEPTH_PROPOSAL_CERTIFIED,0.6609713331669289,0,32,0,0,124,FULL_MOTION_CERTIFICATE,0,0,0,128,0,0,0,0,0,,35.4,1.98637272256,0.233040815836,-0.00392240037974,0.99318636128,0.116520407918,-0.00196120018987,0.99318636128,0.116520407918,-0.00196120018987,1.9521556949,-0.363512311493,-0.0712778706981,1.9522183687231631,-0.3617649017486324,-0.07174123124478203
35.35,-4.932569973849723,3.091079391466875,2.9331517507646154,1.9594814629454105,-0.2175995034148276,-0.0638354266134538,1.9863250986808711,0.23344733676176235,-0.003865657675850957,DEPTH_PROPOSAL_CERTIFIED,0.6694659246845573,0,32,0,0,124,FULL_MOTION_CERTIFICATE,0,0,0,128,0,0,0,0,0,,35.416666666,1.98634928534,0.233240973572,-0.0038942105969,0.99317464267,0.116620486786,-0.00194710529845,0.99317464267,0.116620486786,-0.00194710529845,1.95222186996,-0.363406751055,-0.0706531353739,1.952193448959263,-0.363309503853983,-0.071277870698087
35.36666666666667,-4.89992106662215,3.0872688963115382,2.9320792187695925,1.9589344336544507,-0.22862970932021087,-0.06435191970136396,1.9863002067677693,0.23365951229590062,-0.003836783543331975,DEPTH_PROPOSAL_CERTIFIED,0.6781143741038917,0,32,0,0,124,FULL_MOTION_CERTIFICATE,0,0,0,128,0,0,0,0,0,,35.433333333,1.98632509868,0.233447336762,-0.00386565767585,0.99316254934,0.116723668381,-0.00193282883793,0.99316254934,0.116723668381,-0.00193282883793,1.95238017416,-0.361644753257,-0.069868695546,1.9522606763047419,-0.3631982213658953,-0.07065313537386822
35.38333333333333,-4.867280384975523,3.0832907228774813,2.9309997211485035,1.9584408987977804,-0.23869040604341785,-0.06476985726535409,1.9862746573562693,0.23387707770551655,-0.003807632881782024,DEPTH_PROPOSAL_CERTIFIED,0.6868994307886283,0,32,0,0,124,FULL_MOTION_CERTIFICATE,0,0,0,129,0,0,0,0,0,,35.45,1.98630020677,0.233659512296,-0.00383678354333,0.993150103384,0.116829756148,-0.00191839177167,0.993150103384,0.116829756148,-0.00191839177167,1.95263034195,-0.358226142701,-0.0689262264594,1.9524197735464017,-0.3614309060665505,-0.06986869554603396
35.4,-4.834646989239195,3.079161896662238,2.9299149755865126,1.9580037441797773,-0.24772957291463485,-0.06508473371944605,1.986248501551857,0.23409958327226005,-0.003778252871035297,DEPTH_PROPOSAL_CERTIFIED,0.6958032214289382,0,32,0,0,124,FULL_MOTION_CERTIFICATE,0,0,0,129,0,0,0,0,0,,35.45,1.98630020677,0.233659512296,-0.00383678354333,0.993150103384,0.116829756148,-0.00191839177167,0.993150103384,0.116829756148,-0.00191839177167,1.95263034195,-0.358226142701,-0.0689262264594,1.9526704578401388,-0.35800740874348913,-0.06892622645936833
35.416666666666664,-4.802019895509727,3.074900244676055,2.9288267670189776,1.957625623768164,-0.25569911917097626,-0.0652925140521097,1.9862217936077655,0.23432655397697258,-0.0037486929491523566,DEPTH_PROPOSAL_CERTIFIED,0.7048073258958578,0,32,0,0,124,FULL_MOTION_CERTIFICATE,0,0,0,129,0,0,0,0,0,,35.483333333,1.98624850155,0.234099583272,-0.00377825287104,0.993150103384,0.116829756148,-0.00191839177167,0.993124250776,0.117049791636,-0.00188912643552,1.95340562647,-0.346418400308,-0.0665740494814,1.9530125547464798,-0.3529275834983475,-0.06782743411060634
35.43333333333333,-4.7693980792214345,3.0705243349097837,2.927736940351153,1.957308977297669,-0.26255458597629944,-0.06538960006948055,1.9861945907384657,0.23455749130249118,-0.0037190045900399146,DEPTH_PROPOSAL_CERTIFIED,0.7219463620867195,0,32,0,0,124,FULL_MOTION_CERTIFICATE,0,0,0,129,0,0,0,0,0,,35.5,1.98622179361,0.234326553977,-0.00374869294915,0.993150103384,0.116829756148,-0.00191839177167,0.993110896804,0.117163276988,-0.00187434647458,1.95393041518,-0.338028923626,-0.0651678395023,1.95344589035763,-0.3461912810012471,-0.06657404948140502
35.45,-4.736780478446994,3.0660534203911927,2.926647393684044,1.9570560464657107,-0.26825487111536256,-0.06537280002651383,1.9861669529475308,0.23479187490041406,-0.003689241096800398,DEPTH_PROPOSAL_CERTIFIED,0.7396390578377634,0,32,0,0,124,FULL_MOTION_CERTIFICATE,0,0,0,129,0,0,0,0,0,,35.516666666,1.98619459074,0.234557491302,-0.00371900459004,0.993150103384,0.116829756148,-0.00191839177167,0.993097295369,0.117278745651,-0.00185950229502,1.95454640931,-0.327982144062,-0.0636106183803,1.9539702903158203,-0.33779834981190465,-0.0651678395023198
35.46666666666667,-4.704165996949787,3.061507387483981,2.9255600719937616,1.9568688898324953,-0.27276197443271527,-0.06523930141694873,1.986138942868522,0.23502916413198685,-0.0036594574092330876,DEPTH_PROPOSAL_CERTIFIED,0.7573322346274225,0,32,0,0,124,FULL_MOTION_CERTIFICATE,0,0,0,129,0,0,0,0,0,,35.533333333,1.98616695295,0.2347918749,-0.0036892410968,0.993150103384,0.116829756148,-0.00191839177167,0.993083476474,0.11739593745,-0.0018446205484,1.95525343294,-0.316277880933,-0.0619042600823,1.9545855789072675,-0.32774863490442185,-0.0636106183802543
35.483333333333334,-4.671553507007782,3.056906708112264,2.924476961214255,1.9567493965204188,-0.2760407623030515,-0.06498664677038321,1.9861106256176353,0.2352687994923963,-0.003629709924012422,DEPTH_PROPOSAL_CERTIFIED,0.7750055822033326,0,32,0,0,124,FULL_MOTION_CERTIFICATE,0,0,0,129,0,0,0,0,0,,35.55,1.98613894287,0.235029164132,-0.00365945740923,0.993150103384,0.116829756148,-0.00191839177167,0.993069471434,0.117514582066,-0.00182972870462,1.95605130292,-0.302915950604,-0.0600507135119,1.955291578113085,-0.3160419743211562,-0.06190426008228372
35.5,-4.638941852028434,3.0522723956095708,2.9234000826737114,1.9566992987610325,-0.2780587501616017,-0.06461271243261656,1.9860820686569614,0.23551020392699595,-0.0036000563261367334,DEPTH_PROPOSAL_CERTIFIED,0.7926389269787919,0,32,0,0,124,FULL_MOTION_CERTIFICATE,0,0,0,129,0,0,0,0,0,,35.55,1.98613894287,0.235029164132,-0.00365945740923,0.993150103384,0.116829756148,-0.00191839177167,0.993069471434,0.117514582066,-0.00182972870462,1.95605130292,-0.302915950604,-0.0600507135119,1.9560881060965203,-0.30267820203591544,-0.06005071351186313
35.516666666666666,-4.606329848972032,3.0476259639211665,2.9223314878367654,1.9567201833842023,-0.2787859013042721,-0.06411569021677031,1.9860533416672734,0.23575278404756017,-0.003570555430246629,DEPTH_PROPOSAL_CERTIFIED,0.8102122888384862,0,32,0,0,124,FULL_MOTION_CERTIFICATE,0,0,0,129,0,0,0,0,0,,35.583333333,1.98608206866,0.235510203927,-0.00360005632614,0.993150103384,0.116829756148,-0.00191839177167,0.993041034328,0.117755101963,-0.00180002816307,1.95791878031,-0.271218297186,-0.0559105805004,1.956974975786873,-0.287657145244852,-0.05805201918344569
35.53333333333333,-4.573716290630045,3.0429893899405958,2.921273252986835,1.9568135005193759,-0.2781944388342694,-0.06349409099583689,1.9860245164293664,0.23599593125585888,-0.003541267030461004,DEPTH_PROPOSAL_CERTIFIED,0.8277059334062955,0,32,0,0,124,FULL_MOTION_CERTIFICATE,0,0,0,129,0,0,0,0,0,,35.6,1.98605334167,0.235752784048,-0.00357055543025,0.993150103384,0.116829756148,-0.00191839177167,0.993026670834,0.117876392024,-0.00178527771512,1.95898777756,-0.252881985099,-0.0536304760724,1.9579519695684948,-0.27097859670023594,-0.05591058050044867
35.55,-4.541099947925869,3.0383850788812508,2.920227472196151,1.9569805622506062,-0.2762586635607215,-0.06274684744103037,1.9859956667131655,0.23623902278028994,-0.0035122517481668615,DEPTH_PROPOSAL_CERTIFIED,0.8451004199734551,0,32,0,0,124,FULL_MOTION_CERTIFICATE,0,0,0,129,0,0,0,0,0,,35.616666666,1.98602451643,0.235995931256,-0.00354126703046,0.993150103384,0.116829756148,-0.00191839177167,0.993012258215,0.117997965628,-0.00177063351523,1.96014634465,-0.232886790025,-0.051216737379,1.9590187153716176,-0.25264220522343506,-0.053630476072390305
35.56666666666667,-4.508479572150716,3.0338358323622736,2.919196249625242,1.9572225465085007,-0.2729547911385312,-0.06187335425451341,1.9859668681743776,0.23648142262750427,-0.003483570829871664,DEPTH_PROPOSAL_CERTIFIED,0.8623766455802839,0,32,0,0,124,FULL_MOTION_CERTIFICATE,0,0,0,129,0,0,0,0,0,,35.633333333,1.98599566671,0.23623902278,-0.00351225174817,0.993150103384,0.116829756148,-0.00191839177167,0.992997833357,0.11811951139,-0.00175612587408,1.96139386462,-0.211232162961,-0.0486758968101,1.9601747544548132,-0.23264754758782588,-0.05121673737901071
35.583333333333336,-4.475853897205211,3.0293648190539533,2.918181690510703,1.95754049673036,-0.2682607984992398,-0.060873546872364064,1.9859381982574449,0.23672248245814997,-0.0034552859251605057,DEPTH_PROPOSAL_CERTIFIED,0.8795158855130052,0,32,0,0,124,FULL_MOTION_CERTIFICATE,0,0,0,129,0,0,0,0,0,,35.65,1.98596686817,0.236481422628,-0.00348357082987,0.993150103384,0.116829756148,-0.00191839177167,0.992983434087,0.118240711314,-0.00174178541494,1.96272947077,-0.18791738319,-0.0460171078918,1.9614194894370431,-0.2109940882998809,-0.048675896810141284
35.6,-4.443221641981615,3.0249955477644592,2.9171858895261895,1.9579353134159125,-0.2621562773696651,-0.05974805907080794,1.9859097361042999,0.23696154239062842,-0.0034274588260965015,DEPTH_PROPOSAL_CERTIFIED,0.8964998304091403,0,32,0,0,124,FULL_MOTION_CERTIFICATE,0,0,0,129,0,0,0,0,0,,35.65,1.98596686817,0.236481422628,-0.00348357082987,0.993150103384,0.116829756148,-0.00191839177167,0.992983434087,0.118240711314,-0.00174178541494,1.96272947077,-0.18791738319,-0.0460171078918,1.962752076979655,-0.18768111958884964,-0.046017107891822416
35.61666666666667,-4.410581513212692,3.0207518429706477,2.916210913204988,1.9584077261354635,-0.25462228762871225,-0.05849857927209962,1.9858815624685906,0.237197931735511,-0.0034001511297767056,DEPTH_PROPOSAL_CERTIFIED,0.9133106199761019,0,32,0,0,124,FULL_MOTION_CERTIFICATE,0,0,0,129,0,0,0,0,0,,35.683333333,1.9859097361,0.236961542391,-0.0034274588261,0.993150103384,0.116829756148,-0.00191839177167,0.992954868052,0.118480771195,-0.00171372941305,1.96565793297,-0.136302501062,-0.0404192527257,1.9641711613139856,-0.1627076127890813,-0.04325492572785715
35.63333333333333,-4.377932209964244,3.016657823086606,2.9152587643162944,1.9589581949070283,-0.24564119304251864,-0.05712893332161597,1.9858537596356538,0.23743096965916932,-0.0033734237276472575,DEPTH_PROPOSAL_CERTIFIED,0.9330393209647783,0,32,0,0,124,FULL_MOTION_CERTIFICATE,0,0,0,130,0,0,0,0,0,,35.7,1.98588156247,0.237197931736,-0.00340015112978,0.990895538106,0.13372363698,-0.0156211866992,0.992940781234,0.118598965868,-0.00170007556489,1.96705892213,-0.108201312955,-0.0383763324817,1.9656739139201178,-0.1360718390909498,-0.04041925272571436
35.65,-4.3452726627877185,3.0127376248010673,2.9143302929539137,1.9595728305916,-0.2352118971323391,-0.05570828174283592,1.985826411350276,0.23765996576397172,-0.0033473357693250163,DEPTH_PROPOSAL_CERTIFIED,0.9540822069913433,0,32,0,0,124,FULL_MOTION_CERTIFICATE,0,0,0,130,0,0,0,0,0,,35.716666666,1.98585375964,0.237430969659,-0.00337342372765,0.990895538106,0.13372363698,-0.0156211866992,0.992926879818,0.11871548483,-0.00168671186382,1.96817499436,-0.0797430878117,-0.0378358810576,1.9670713859433768,-0.10797448702814061,-0.03837633248171825
35.666666666666664,-4.312602242938787,3.009014006154823,2.9134243877540142,1.9602251909359942,-0.22341711877467696,-0.05435431199395622,1.9857996020168953,0.23788422714319132,-0.0033219130073055235,DEPTH_PROPOSAL_CERTIFIED,0.9749373206012741,0,32,0,0,124,FULL_MOTION_CERTIFICATE,0,0,0,130,0,0,0,0,0,,35.716666666,1.98585375964,0.237430969659,-0.00337342372765,0.990895538106,0.13372363698,-0.0156211866992,0.992926879818,0.11871548483,-0.00168671186382,1.96817499436,-0.0797430878117,-0.0378358810576,1.968183987137605,-0.07952082281119033,-0.03783588105762281
35.68333333333333,-4.279920451374609,3.0055058978770153,2.9125399816206006,1.9609074938507844,-0.2104864966684649,-0.05306436800483107,1.9857734120101804,0.2381030976814652,-0.0032971241920261734,DEPTH_PROPOSAL_CERTIFIED,0.9955905707434927,0,32,0,0,124,FULL_MOTION_CERTIFICATE,0,0,0,130,0,0,0,0,0,,35.75,1.98579960202,0.237884227143,-0.00332191300731,0.990895538106,0.13372363698,-0.0156211866992,0.992899801008,0.118942113572,-0.00166095650365,1.97021123528,-0.0278218942979,-0.0368498433538,1.9692315894112247,-0.052732906972667914,-0.03732705133750325
35.7,-4.247226908909713,3.002228693465597,2.911676048371847,1.9616125478930226,-0.19663226468502343,-0.05183599492520603,1.9857479089775247,0.23831602938095958,-0.0032729392726610594,DEPTH_PROPOSAL_CERTIFIED,1.0160308807806135,0,32,0,0,124,FULL_MOTION_CERTIFICATE,0,0,0,130,0,0,0,0,0,,35.75,1.98579960202,0.237884227143,-0.00332191300731,0.990895538106,0.13372363698,-0.0156211866992,0.992899801008,0.118942113572,-0.00166095650365,1.97021123528,-0.0278218942979,-0.0368498433538,1.9702142072083249,-0.027610634487105046,-0.03684984335378665
35.71666666666667,-4.21452134712833,2.999194517282835,2.91083159964051,1.9623337068830986,-0.18205057096574095,-0.05066692388021404,1.9857231487311342,0.2385225743035146,-0.0032493293054496847,DEPTH_PROPOSAL_CERTIFIED,1.0362499309936573,0,32,0,0,124,FULL_MOTION_CERTIFICATE,0,0,0,130,0,0,0,0,0,,35.783333333,1.98574790898,0.238316029381,-0.00327293927266,0.990895538106,0.13372363698,-0.0156211866992,0.992873954489,0.11915801469,-0.00163646963633,1.97198627123,0.0174389510917,-0.0359902926185,1.9711318465620273,-0.004153907590483896,-0.03640425713131089
35.733333333333334,-4.1818035999937955,2.9964124723366385,2.9100056820092512,1.9630648280721898,-0.166922696771784,-0.04955505787553902,1.9856991760754732,0.2387223771214255,-0.0032262663688477633,DEPTH_PROPOSAL_CERTIFIED,1.0562419228154212,0,32,0,0,124,FULL_MOTION_CERTIFICATE,0,0,0,130,0,0,0,0,0,,35.8,1.98572314873,0.238522574304,-0.00324932930545,0.990895538106,0.13372363698,-0.0156211866992,0.992861574366,0.119261287152,-0.00162466465272,1.9727758374,0.0375717443967,-0.0356079498421,1.9719845065791026,0.017637368394502057,-0.03599029261850291
35.75,-4.149073596101363,2.993888869277051,2.909197374362883,1.9638002335460232,-0.15141618357527006,-0.048498458782096576,1.9856760255754082,0.2389151682310741,-0.0032037234849983114,DEPTH_PROPOSAL_CERTIFIED,1.0760033629071015,0,32,0,0,124,FULL_MOTION_CERTIFICATE,0,0,0,130,0,0,0,0,0,,35.816666666,1.98569917608,0.238722377121,-0.00322626636885,0.990895538106,0.13372363698,-0.0156211866992,0.992849588038,0.119361188561,-0.00161313318442,1.97350010229,0.0560394499646,-0.0352572288212,1.972772180326791,0.03776327742221172,-0.0356079498420979
35.766666666666666,-4.1163313515238995,2.991627438037282,2.908405785441213,1.964534674647941,-0.13568587438615476,-0.047495335300213694,1.9856537222697803,0.23910075738742936,-0.0031816745470498987,DEPTH_PROPOSAL_CERTIFIED,1.0955328653545164,0,32,0,0,124,FULL_MOTION_CERTIFICATE,0,0,0,130,0,0,0,0,0,,35.833333333,1.98567602558,0.238915168231,-0.003203723485,0.990895538106,0.13372363698,-0.0156211866992,0.992838012788,0.119457584116,-0.0016018617425,1.974159066,0.0728420699114,-0.0349381295157,1.9734948560913403,0.05622389772106387,-0.03525722882124181
35.78333333333333,-4.083576963204256,2.989629523438098,2.9076300515773514,1.9652632991787609,-0.11987487595102346,-0.04654403183169342,1.9856322823347208,0.2392790278200896,-0.003160094251892042,DEPTH_PROPOSAL_CERTIFIED,1.1148309704203252,0,32,0,0,124,FULL_MOTION_CERTIFICATE,0,0,0,130,0,0,0,0,0,,35.85,1.98565372227,0.239100757387,-0.00318167454705,0.990895538106,0.13372363698,-0.0156211866992,0.992826861135,0.119550378694,-0.00159083727352,1.97475272848,0.0879796031292,-0.0346506519467,1.974152518454762,0.07301930495759024,-0.034938129515745424
35.8,-4.050810602852115,2.987894265962962,2.906869334607284,1.9659816211285663,-0.10411544850814945,-0.04564301820403882,1.985611713700575,0.23944993079452076,-0.003138958037908125,DEPTH_PROPOSAL_CERTIFIED,1.133899978440809,0,32,0,0,124,FULL_MOTION_CERTIFICATE,0,0,0,130,0,0,0,0,0,,35.85,1.98565372227,0.239100757387,-0.00318167454705,0.990895538106,0.13372363698,-0.0156211866992,0.992826861135,0.119550378694,-0.00159083727352,1.97475272848,0.0879796031292,-0.0346506519467,1.9747451489161933,0.08814956629492526,-0.034650651946652004
35.81666666666667,-4.018032505198923,2.986418924880056,2.9061228229013167,1.966685859190783,-0.08852046497434095,-0.04479070235802423,1.9855920166259027,0.23961348058517223,-0.0031182420273690647,DEPTH_PROPOSAL_CERTIFIED,1.1527436689773216,0,32,0,0,124,FULL_MOTION_CERTIFICATE,0,0,0,130,0,0,0,0,0,,35.883333333,1.9856117137,0.239449930795,-0.00313895803791,0.990895538106,0.13372363698,-0.0156211866991,0.99280585685,0.119724965397,-0.00156947901895,1.97577875024,0.114141671513,-0.0341538069381,1.9752775635498228,0.10173833413804678,-0.03439244903665042
35.833333333333336,-3.985242937972226,2.985199666657736,2.9053897416188597,1.9673740336019612,-0.07315549333920815,-0.04398487694742116,1.985573184771191,0.23976974536062545,-0.003097923060755559,DEPTH_PROPOSAL_CERTIFIED,1.1656420701216688,0,32,0,0,124,FULL_MOTION_CERTIFICATE,0,0,0,130,0,0,0,0,0,,35.9,1.98559201663,0.239613480585,-0.00311824202737,0.990895538106,0.13372363698,-0.0156211866991,0.992796008313,0.119806740293,-0.00155912101368,1.97623422949,0.125755732537,-0.0339332437867,1.975769761418335,0.11429716060942348,-0.03415380693806314
35.85,-3.9524421955578966,2.9842317463150776,2.9046693517924136,1.9680445448598851,-0.05807522055950308,-0.04322338958676052,1.9855552078933525,0.2399188247154373,-0.0030779790037785424,DEPTH_PROPOSAL_CERTIFIED,1.1712959406433006,0,32,0,0,124,FULL_MOTION_CERTIFICATE,0,0,0,130,0,0,0,0,0,,35.916666666,1.98557318477,0.239769745361,-0.00309792306076,0.990895538106,0.13372363698,-0.0156211866991,0.992786592386,0.11988487268,-0.00154896153038,1.97665520271,0.136489939791,-0.0337293899776,1.976224782206558,0.1259041073529101,-0.033933243786700124
35.86666666666667,-3.919630593433533,2.983509667563659,2.903960949339212,1.9686961274619112,-0.04332472508511543,-0.0425041471921235,1.9855380724569522,0.24006084454225773,-0.003058388724354245,DEPTH_PROPOSAL_CERTIFIED,1.176697207074598,0,32,0,0,124,FULL_MOTION_CERTIFICATE,0,0,0,130,0,0,0,0,0,,35.933333333,1.98555520789,0.239918824715,-0.00307797900378,0.990895538106,0.13372363698,-0.0156211866991,0.992777603947,0.119959412358,-0.00153898950189,1.97704428404,0.146410950154,-0.0335409796269,1.9766454352066318,0.13663131970242492,-0.03372938997755123
35.88333333333333,-3.8868084632920765,2.9830273239156893,2.903263864016774,1.9693278084874994,-0.0289406188781952,-0.041825119346271,1.9855217621772288,0.24019595249901732,-0.0030391320672107144,DEPTH_PROPOSAL_CERTIFIED,1.1818547356070777,0,32,0,0,124,FULL_MOTION_CERTIFICATE,0,0,0,131,0,0,0,0,0,,35.95,1.98553807246,0.240060844542,-0.00305838872435,0.990895538106,0.13372363698,-0.0156211866991,0.992769036228,0.120030422271,-0.00152919436218,1.97740388951,0.155580368807,-0.0333668427879,1.9770343169996767,0.14654547684624242,-0.03354097962687005
35.9,-3.8539761487831345,2.982778122718638,2.9025774583364554,1.9699388705366243,-0.014952071823080906,-0.04118434081912093,1.9855062585015444,0.24032431401048102,-0.0030201898266173847,DEPTH_PROPOSAL_CERTIFIED,1.1867777341744767,0,32,0,0,124,FULL_MOTION_CERTIFICATE,0,0,0,131,0,0,0,0,0,,35.95,1.98553807246,0.240060844542,-0.00305838872435,0.990895538106,0.13372363698,-0.0156211866991,0.992769036228,0.120030422271,-0.00152919436218,1.97740388951,0.155580368807,-0.0333668427879,1.9773938275359473,0.1557082022493239,-0.033366842787889574
35.916666666666664,-3.821134001806189,2.98275509389624,2.901901126447394,1.9705288186168677,-0.0013817293438864574,-0.04057991334370278,1.9854915410352585,0.24044610874943692,-0.003001543717664388,DEPTH_PROPOSAL_CERTIFIED,1.1914756480666229,0,32,0,0,124,FULL_MOTION_CERTIFICATE,0,0,0,131,0,0,0,0,0,,35.983333333,1.9855062585,0.24032431401,-0.00302018982662,0.990895538106,0.13372363698,-0.0156211866991,0.992753129251,0.120162157005,-0.00151009491331,1.97804343578,0.171887872042,-0.033057146266,1.9777261851958368,0.164176448902296,-0.03320589814360087
35.93333333333333,-3.7882823792963634,2.9829509850031837,2.9012342930016124,1.9710973505896277,0.011753466416621929,-0.04001000674690577,1.9854775879175157,0.24056152754779778,-0.0029831763464683693,DEPTH_PROPOSAL_CERTIFIED,1.195958069539441,0,32,0,0,124,FULL_MOTION_CERTIFICATE,0,0,0,131,0,0,0,0,0,,36,1.98549154104,0.240446108749,-0.00300154371766,0.990895538106,0.13372363698,-0.0156211866991,0.992745770518,0.120223054375,-0.00150077185883,1.97832734794,0.179127220817,-0.0329196634702,1.9780334406573,0.1720028546948341,-0.03305714626598182
35.95,-3.7554216404494927,2.983358344039418,2.9005764120094626,1.9716443308115068,0.024441542174046565,-0.03947285952897528,1.985464376151944,0.24067076969268894,-0.002965071179632331,DEPTH_PROPOSAL_CERTIFIED,1.2002346599400433,0,32,0,0,124,FULL_MOTION_CERTIFICATE,0,0,0,131,0,0,0,0,0,,36.016666666,1.98547758792,0.240561527548,-0.00298317634647,0.990895538106,0.13372363698,-0.0156211866991,0.992738793959,0.120280763774,-0.00149158817323,1.97858975159,0.185818133666,-0.0327925960456,1.9783174895184303,0.17923606641456527,-0.032919663470225964
35.96666666666667,-3.7225521443383434,2.983969591335373,2.8999269656934286,1.9721697666690712,0.03667483775733672,-0.03896677896205425,1.9854518818967624,0.24077404056709578,-0.0029472125132403975,DEPTH_PROPOSAL_CERTIFIED,1.204315082994699,0,32,0,0,124,FULL_MOTION_CERTIFICATE,0,0,0,131,0,0,0,0,0,,36.033333333,1.98546437615,0.240670769693,-0.00296507117963,0.990895538106,0.13372363698,-0.0156211866991,0.992732188076,0.120335384846,-0.00148253558982,1.97883227618,0.192002159569,-0.0326751549336,1.9785800841313566,0.18592104387348576,-0.032792596045617295
35.983333333333334,-3.689674247876389,2.984777081690283,2.8992854633471272,1.97267378771737,0.048449421294608525,-0.03849014077808223,1.9854400807184318,0.2408715495983847,-0.0029295854416333516,DEPTH_PROPOSAL_CERTIFIED,1.2082089480328875,0,32,0,0,124,FULL_MOTION_CERTIFICATE,0,0,0,131,0,0,0,0,0,,36.05,1.9854518819,0.240774040567,-0.00294721251324,0.990652890354,0.1355095176,-0.0156211866992,0.992725940948,0.120387020284,-0.00147360625662,1.97901966289,0.197988286631,-0.0325666108757,1.9788228445066143,0.1920993404493333,-0.03267515493362322
36.0,-3.6567883505265764,2.985773499474283,2.898651440205248,1.9731538409888516,0.05978506703998879,-0.03804138851275376,1.9854289478125857,0.24096350848160883,-0.002912175826175682,DEPTH_PROPOSAL_CERTIFIED,1.2119254823162846,0,32,0,0,124,FULL_MOTION_CERTIFICATE,0,0,0,131,0,0,0,0,0,,36.05,1.9854518819,0.240774040567,-0.00294721251324,0.990652890354,0.1355095176,-0.0156211866992,0.992725940948,0.120387020284,-0.00147360625662,1.97901966289,0.197988286631,-0.0325666108757,1.9790104909009287,0.19807994513363653,-0.03256661087574604
36.016666666666666,-3.6238948486996447,2.986951579001705,2.898024456329346,1.973610109615997,0.07068477164534244,-0.037619032554116395,1.9854184594149829,0.24105011960462888,-0.0028949702639831042,DEPTH_PROPOSAL_CERTIFIED,1.2154737640110473,0,32,0,0,125,FULL_MOTION_CERTIFICATE,0,0,0,131,0,0,0,0,0,,36.083333333,1.98542894781,0.240963508482,-0.00291217582618,0.990604152374,0.135865344462,-0.0156211866992,0.992714473906,0.120481754241,-0.00145608791309,1.97933871422,0.20873815463,-0.0323735689129,1.9791765868671702,0.20366116783066518,-0.03246628985874025
36.03333333333333,-3.5909941246020227,2.988304070896897,2.897404095513597,1.9740434458574359,0.08114951371153117,-0.03722164894493435,1.985408591809736,0.2411315842792358,-0.0028779560573847086,DEPTH_PROPOSAL_CERTIFIED,1.2181096781384355,0,32,0,0,125,FULL_MOTION_CERTIFICATE,0,0,0,131,0,0,0,0,0,,36.1,1.98541845941,0.241050119605,-0.00289497026398,0.990604152374,0.135865344462,-0.0156211866992,0.992709229707,0.120525059802,-0.00144748513199,1.97948034987,0.213510316415,-0.0322878722813,1.9793301480029912,0.20881936691904157,-0.03237356891291309
36.05,-3.558086546118103,2.989823781341096,2.8967899642138373,1.9744547090353046,0.0911826266519504,-0.036847877985568454,1.9853993212119796,0.24120810375396254,-0.0028611211836810833,DEPTH_PROPOSAL_CERTIFIED,1.2185997945845397,0,32,0,0,125,FULL_MOTION_CERTIFICATE,0,0,0,131,0,0,0,0,0,,36.116666666,1.98540859181,0.241131584279,-0.00287795605738,0.990604152374,0.135865344462,-0.0156211866992,0.992704295905,0.12056579214,-0.00143897802869,1.97961125553,0.217920950519,-0.0322086678236,1.9794721198053031,0.21358660452507244,-0.03228787228130423
36.06666666666667,-3.5251724667914615,2.991503605277851,2.896181690502666,1.9748447595977685,0.10078943620527256,-0.03649642267027062,1.9853906239109507,0.2412798780802455,-0.0028444542654068286,DEPTH_PROPOSAL_CERTIFIED,1.218951548815062,0,32,0,0,126,FULL_MOTION_CERTIFICATE,0,0,0,131,0,0,0,0,0,,36.133333333,1.98539932121,0.241208103754,-0.00286112118368,0.990604152374,0.135865344462,-0.0156211866992,0.992699660606,0.120604051877,-0.00143056059184,1.97973224411,0.221997445934,-0.032135463699,1.9796033764598255,0.217992512755756,-0.032208667823638765
36.083333333333336,-3.4922522258907787,2.9933365542681343,2.895578923052822,1.9752144540410883,0.10997693941698194,-0.03616604699063218,1.9853824763922485,0.24134710514993632,-0.0028279445412403527,DEPTH_PROPOSAL_CERTIFIED,1.2191717718862474,0,32,0,0,126,FULL_MOTION_CERTIFICATE,0,0,0,131,0,0,0,0,0,,36.15,1.98539062391,0.24127987808,-0.00284445426541,0.990604152374,0.135865344462,-0.0156211866992,0.992695311955,0.12063993904,-0.0014222271327,1.97984406689,0.225765115933,-0.0320678053416,1.9797247262495914,0.22206447859984324,-0.032135463699042965
36.1,-3.4593261485476177,2.9953157796133247,2.894981330150515,1.9755646405897758,0.11875352071142911,-0.03585557413843074,1.9853748554415673,0.24140997988473117,-0.002811581837632969,DEPTH_PROPOSAL_CERTIFIED,1.2192670599470576,0,32,0,0,126,FULL_MOTION_CERTIFICATE,0,0,0,131,0,0,0,0,0,,36.166666666,1.98538247639,0.24134710515,-0.00282794454124,0.990569506236,0.13611771318,-0.0156211866992,0.992691238196,0.120673552575,-0.00141397227062,1.97994216882,0.229285593855,-0.0320052726211,1.9798369164837644,0.2258278125036912,-0.032067805341572914
36.11666666666667,-3.4263945525845205,2.9974346395840508,2.8943885987400226,1.9758957577859433,0.12713159824356512,-0.03556388462954199,1.985367738231931,0.24146869356012698,-0.0027953565412133672,DEPTH_PROPOSAL_CERTIFIED,1.219243727894809,0,32,0,0,126,FULL_MOTION_CERTIFICATE,0,0,0,131,0,0,0,0,0,,36.183333333,1.98537485544,0.241409979885,-0.00281158183763,0.990569506236,0.13611771318,-0.0156211866992,0.992687427721,0.120704989942,-0.00140579091882,1.9800328388,0.23253936911,-0.0319474772243,1.9799353875791867,0.22934414413563065,-0.03200527262109901
36.13333333333333,-3.3934577411299323,2.9996866590994027,2.8938004335004965,1.9762086872754003,0.13512117092111567,-0.03528991437156735,1.9853611025695614,0.24152343182392627,-0.002779259571981734,DEPTH_PROPOSAL_CERTIFIED,1.2191078478235156,0,32,0,0,126,FULL_MOTION_CERTIFICATE,0,0,0,132,0,0,0,0,0,,36.2,1.98536773823,0.24146869356,-0.00279535654121,0.990569506236,0.13611771318,-0.0156211866992,0.992683869116,0.12073434678,-0.00139767827061,1.98011663984,0.235546646234,-0.0318940602667,1.980026427046778,0.23259395758723828,-0.031947477224276516
36.15,-3.3605160030236685,3.0020655426073466,2.893216555955547,1.976504286375939,0.14273301047665576,-0.03503265269695581,1.9853549267544672,0.24157437588116873,-0.002763282357424767,DEPTH_PROPOSAL_CERTIFIED,1.218865245074369,0,32,0,0,126,FULL_MOTION_CERTIFICATE,0,0,0,132,0,0,0,0,0,,36.216666666,1.98536110257,0.241523431824,-0.00277925957198,0.990569506236,0.13611771318,-0.0156211866992,0.992680551285,0.120761715912,-0.00138962978599,1.98019409231,0.238326099163,-0.0318446900514,1.98011059540251,0.2355974530542507,-0.031894060266694814
36.166666666666664,-3.3275696132450077,3.004565184056275,2.8926367036159584,1.9767833867197504,0.14997848693571195,-0.03479114037532031,1.9853491896315136,0.24162170210967776,-0.0027474168074704077,DEPTH_PROPOSAL_CERTIFIED,1.218521496467075,0,32,0,0,126,FULL_MOTION_CERTIFICATE,0,0,0,132,0,0,0,0,0,,36.233333333,1.98535492675,0.241574375881,-0.00276328235742,0.990569506236,0.13611771318,-0.0156211866992,0.992677463377,0.120787187941,-0.00138164117871,1.98026567717,0.240894987638,-0.031799060001,1.9801884109142498,0.23837329973620286,-0.03184469005136699
36.18333333333333,-3.2946188333576614,3.007179674325147,2.89206062915563,1.9770467932408835,0.1568694161323257,-0.03456446761968845,1.98534387063112,0.24166558175879693,-0.0027316552903349453,DEPTH_PROPOSAL_CERTIFIED,1.2180819303867128,0,32,0,0,126,FULL_MOTION_CERTIFICATE,0,0,0,132,0,0,0,0,0,,36.25,1.98534918963,0.24162170211,-0.00274741680747,0.990569506236,0.13611771318,-0.0156211866992,0.992674594816,0.120810851055,-0.00137370840374,1.98033183894,0.243269263347,-0.0317568867727,1.9802603527987073,0.24093875233101839,-0.03179906000097962
36.2,-3.2616639119666453,3.009903306438858,2.891488099620614,1.9772952834602389,0.1634179268225868,-0.03435177210097413,1.9853389498008407,0.2417061807209396,-0.0027159906092705977,DEPTH_PROPOSAL_CERTIFIED,1.217551628440373,0,32,0,0,126,FULL_MOTION_CERTIFICATE,0,0,0,132,0,0,0,0,0,,36.25,1.98534918963,0.24162170211,-0.00274741680747,0.990569506236,0.13611771318,-0.0156211866992,0.992674594816,0.120810851055,-0.00137370840374,1.98033183894,0.243269263347,-0.0317568867727,1.9803268641363732,0.24330975724374043,-0.031756886772660434
36.21666666666667,-3.228705089669379,3.0127306114874437,2.8909188956709673,1.9775293378360723,0.1696383029151532,-0.034152236978800585,1.985334407828949,0.2417436593667166,-0.002700415980214439,DEPTH_PROPOSAL_CERTIFIED,1.2169354033883168,0,32,0,0,127,FULL_MOTION_CERTIFICATE,0,0,0,132,0,0,0,0,0,,36.283333333,1.9853389498,0.241706180721,-0.00271599060927,0.990546057094,0.136288250785,-0.0156211866992,0.9926694749,0.12085309036,-0.00135799530464,1.98044266877,0.247541553542,-0.031681883102,1.980384801221242,0.24552689124446775,-0.031717908488283174
36.233333333333334,-3.1957425943572075,3.0156563226915583,2.8903528108550036,1.9777497187304203,0.1755426722468959,-0.03396508895782766,1.985330226178577,0.2417781714700659,-0.002684925010315054,DEPTH_PROPOSAL_CERTIFIED,1.2164937350273097,0,32,0,0,127,FULL_MOTION_CERTIFICATE,0,0,0,132,0,0,0,0,0,,36.3,1.98533440783,0.241743659367,-0.00270041598021,0.990546057094,0.136288250785,-0.0156211866992,0.992667203914,0.120871829683,-0.00135020799011,1.98049186919,0.249438140552,-0.0316485869116,1.9804383656414641,0.24757597809416132,-0.03168188310195789
36.25,-3.1627766417615946,3.0186753761713834,2.8897896509153607,1.9779571557368851,0.18114320878951207,-0.033789596378569584,1.9853263869631503,0.24180986525625436,-0.0026695116773929823,DEPTH_PROPOSAL_CERTIFIED,1.2177140687368524,0,32,0,0,127,FULL_MOTION_CERTIFICATE,0,0,0,132,0,0,0,0,0,,36.316666666,1.98533022618,0.24177817147,-0.00268492501032,0.990546057094,0.136288250785,-0.0156211866992,0.992665113089,0.120889085735,-0.00134246250516,1.98053734229,0.25119104662,-0.0316178131618,1.9804878872157574,0.24946975460943363,-0.03164858691162092
36.266666666666666,-3.129807435990263,3.021782910438427,2.889229233126244,1.9781523462800183,0.18645205602262724,-0.033625067346999375,1.9853228729535837,0.24183888336513093,-0.002654170310253986,DEPTH_PROPOSAL_CERTIFIED,1.2188855354262285,0,32,0,0,127,FULL_MOTION_CERTIFICATE,0,0,0,132,0,0,0,0,0,,36.333333333,1.98532638696,0.241809865256,-0.00266951167739,0.990546057094,0.136288250785,-0.0156211866992,0.992663193482,0.120904932628,-0.0013347558387,1.98057937047,0.252811156876,-0.0315893707549,1.9805336709062435,0.25121999226663644,-0.031617813161842714
36.28333333333333,-3.096835170051737,3.0249742647997038,2.888671385661107,1.9783359563116658,0.19148126167663507,-0.033470847908207375,1.985319667580746,0.24186536285141735,-0.0026388955698643237,DEPTH_PROPOSAL_CERTIFIED,1.2200121463138824,0,32,0,0,127,FULL_MOTION_CERTIFICATE,0,0,0,132,0,0,0,0,0,,36.35,1.98532287295,0.241838883365,-0.00265417031025,0.990546057094,0.136288250785,-0.0156211866992,0.992661436477,0.120919441683,-0.00132708515513,1.98061821469,0.254308531504,-0.0315630830759,1.9805759986977651,0.25283757065553425,-0.03158937075494488
36.3,-3.063860026366999,3.0282449768412465,2.8881159469899504,1.9785086210844078,0.19624272249258592,-0.03332632026939512,1.9853167549338488,0.24188943521665118,-0.0026236824313700556,DEPTH_PROPOSAL_CERTIFIED,1.2210977029255587,0,32,0,0,128,FULL_MOTION_CERTIFICATE,0,0,0,132,0,0,0,0,0,,36.366666666,1.98531966758,0.241865362851,-0.00263889556986,0.990531143274,0.136396600877,-0.0156211866992,0.99265983379,0.120932681426,-0.00131944778493,1.98065185649,0.255708885255,-0.0315387868892,1.9806151313118603,0.25433254444718983,-0.031563083075885436
36.31666666666667,-3.030882180120526,3.0315907998681664,2.887562765305385,1.9786707747876378,0.20074938161511935,-0.033190901073922814,1.985314119755352,0.24191122646803098,-0.002608526166939751,DEPTH_PROPOSAL_CERTIFIED,1.222145787543029,0,32,0,0,128,FULL_MOTION_CERTIFICATE,0,0,0,132,0,0,0,0,0,,36.383333333,1.98531675493,0.241889435217,-0.00262368243137,0.990531143274,0.136396600877,-0.0156211866992,0.992658377467,0.120944717608,-0.00131184121569,1.98068294968,0.257003151682,-0.0315163313212,1.9806490499670428,0.2557306229100051,-0.031538786889161424
36.333333333333336,-2.9979017964574752,3.0350076751072326,2.887011697976568,1.978823019783176,0.2050125143439875,-0.033064039729021305,1.9853117475078705,0.24193085658482583,-0.0025934223293962743,DEPTH_PROPOSAL_CERTIFIED,1.2231597880380787,0,32,0,0,128,FULL_MOTION_CERTIFICATE,0,0,0,132,0,0,0,0,0,,36.4,1.98531411976,0.241911226468,-0.00260852616694,0.990531143274,0.136396600877,-0.0156211866992,0.992657059878,0.120955613234,-0.00130426308347,1.98071168732,0.258199367621,-0.0314955769327,1.980680408728741,0.25702273363618244,-0.03151633132122282
36.35,-2.9649190310003384,3.038491727611356,2.8864626110300695,1.978965927428322,0.20904315024741518,-0.03294521678990663,1.9853096242774901,0.24194844032591123,-0.0025783667366541425,DEPTH_PROPOSAL_CERTIFIED,1.2241429043147791,0,32,0,0,128,FULL_MOTION_CERTIFICATE,0,0,0,132,0,0,0,0,0,,36.416666666,1.98531174751,0.241930856585,-0.0025934223294,0.990531143274,0.136396600877,-0.0156211866992,0.992655873754,0.120965428292,-0.0012967111647,1.98073824787,0.259304961071,-0.0314763948475,1.980709400699104,0.25821690826923577,-0.03149557693270753
36.36666666666667,-2.9319340303449724,3.0420392617057255,2.8859153786567306,1.9791000393220841,0.21285204566218394,-0.03283394240033302,1.9853077367624288,0.2419640873353818,-0.002563355456895468,DEPTH_PROPOSAL_CERTIFIED,1.2250981549604896,0,32,0,0,128,FULL_MOTION_CERTIFICATE,0,0,0,132,0,0,0,0,0,,36.433333333,1.98530962428,0.241948440326,-0.00257836673665,0.990531143274,0.136396600877,-0.0156211866992,0.992654812139,0.120974220163,-0.00128918336833,1.98076279625,0.260326797507,-0.0314586659495,1.9807362044259818,0.25932056972236556,-0.03147639484753485
36.38333333333333,-2.898946901601739,3.045647931123868,2.885369903432698,1.9792277245941043,0.2165201650885534,-0.032728513441963036,1.9853060722598626,0.24197790226187638,-0.0025483847944746734,DEPTH_PROPOSAL_CERTIFIED,1.2260275451752647,0,32,0,0,128,FULL_MOTION_CERTIFICATE,0,0,0,133,0,0,0,0,0,,36.45,1.98530773676,0.241964087335,-0.0025633554569,0.990531143274,0.136396600877,-0.0156211866992,0.992653868381,0.120982043668,-0.00128167772845,1.98078548491,0.26127122209,-0.0314422801498,1.9807854849127502,0.26127122209026377,-0.0314422801498491
36.4,-2.8659578079910975,3.0493131195769263,2.8848260522405997,1.979345616638599,0.21991130718349775,-0.032631071525893805,1.9853046228252915,0.24198995063847797,-0.0025334518969987877,DEPTH_PROPOSAL_CERTIFIED,1.2269346607344425,0,32,0,0,128,FULL_MOTION_CERTIFICATE,0,0,0,133,0,0,0,0,0,,36.45,1.98530773676,0.241964087335,-0.0025633554569,0.990531143274,0.136396600877,-0.0156211866992,0.992653868381,0.120982043668,-0.00128167772845,1.98078548491,0.26127122209,-0.0314422801498,1.980783899581433,0.26128324074182135,-0.0314422801498491
36.416666666666664,-2.8329668732695867,3.053031657327521,2.8842837211694943,1.979456083290765,0.2231122650357087,-0.03253986426632458,1.9853033724225786,0.2420003643368217,-0.00251855283470464,DEPTH_PROPOSAL_CERTIFIED,1.2278220027184623,0,32,0,0,128,FULL_MOTION_CERTIFICATE,0,0,0,133,0,0,0,0,0,,36.483333333,1.98530462283,0.241989950638,-0.002533451897,0.990522540433,0.136459061334,-0.0156211866992,0.992652311413,0.120994975319,-0.0012667259485,1.98082332776,0.262969059968,-0.0314131385553,1.9808037764471902,0.26216395083268457,-0.03142713569957995
36.43333333333333,-2.7999742137122388,3.0568005304841934,2.8837428127318625,1.979559573441003,0.22613238940034744,-0.03245450625791088,1.9853023101201348,0.2420092332853217,-0.002503684546290031,DEPTH_PROPOSAL_CERTIFIED,1.228696726070249,0,32,0,0,128,FULL_MOTION_CERTIFICATE,0,0,0,133,0,0,0,0,0,,36.5,1.98530337242,0.242000364337,-0.0025185528347,0.990522540433,0.136459061334,-0.0156211866992,0.992651686211,0.121000182168,-0.00125927641735,1.98084012724,0.263722776855,-0.0314002018007,1.9808221532739054,0.26297790664894255,-0.031413138555263655
36.45,-2.766979938536464,3.0606168755832015,2.883203235486727,1.9796565105457373,0.22898070594038925,-0.03237463470812135,1.985301425512343,0.24201664305047735,-0.002488844156751973,DEPTH_PROPOSAL_CERTIFIED,1.235706372727826,0,32,0,0,128,FULL_MOTION_CERTIFICATE,0,0,0,133,0,0,0,0,0,,36.516666666,1.98530231012,0.242009233285,-0.00250368454629,0.990522540433,0.136459061334,-0.0156211866992,0.99265115506,0.121004616643,-0.00125184227315,1.98085565402,0.264419393934,-0.031388245104,1.9808391432234962,0.2637301677288854,-0.031400201800689496
36.46666666666667,-2.7339841503046665,3.0644779740966013,2.8826649036830108,1.9797472939079794,0.2316659108039888,-0.03229990822296194,1.9853007087024435,0.24202267498366625,-0.0024740289665669806,DEPTH_PROPOSAL_CERTIFIED,1.242714690825553,0,32,0,0,128,FULL_MOTION_CERTIFICATE,0,0,0,133,0,0,0,0,0,,36.533333333,1.98530142551,0.24201664305,-0.00248884415675,0.990522540433,0.136459061334,-0.0156211866992,0.992650712756,0.121008321525,-0.00124442207838,1.98087000454,0.265063237033,-0.031377194217,1.9808548509273327,0.26442541013990545,-0.031388245104017054
36.483333333333334,-2.700986945306173,3.068381246909058,2.882127736922232,1.9798322999097382,0.2341963687474246,-0.03223000564675266,1.985300150285004,0.24202740637057021,-0.002459236441444022,DEPTH_PROPOSAL_CERTIFIED,1.2497239090047967,0,32,0,0,128,FULL_MOTION_CERTIFICATE,0,0,0,133,0,0,0,0,0,,36.55,1.9853007087,0.242022674984,-0.00247402896657,0.990522540433,0.136459061334,-0.0156211866992,0.992650354351,0.121011337492,-0.00123701448328,1.9808832679,0.265658304138,-0.0313669805184,1.9808693731311944,0.2650679556573433,-0.0313771942169993
36.5,-2.6679884139195806,3.072324248799317,2.881591659839645,1.979911883195636,0.23658011341555485,-0.032164624955211454,1.9852997413281472,0.24203091058200013,-0.002444464202625223,DEPTH_PROPOSAL_CERTIFIED,1.2567361332131755,0,32,0,0,128,FULL_MOTION_CERTIFICATE,0,0,0,133,0,0,0,0,0,,36.55,1.9853007087,0.242022674984,-0.00247402896657,0.990522540433,0.136459061334,-0.0156211866992,0.992650354351,0.121011337492,-0.00123701448328,1.9808832679,0.265658304138,-0.0313669805184,1.9808827992835887,0.26566179836674564,-0.03136698051840872
36.516666666666666,-2.6349886417264066,3.0763046685483095,2.8810566018029795,1.9799863315905468,0.23882518493954372,-0.0321034821999261,1.9852994733556577,0.24203325722507124,-0.0024297100177098022,DEPTH_PROPOSAL_CERTIFIED,1.2637533481971541,0,32,0,0,128,FULL_MOTION_CERTIFICATE,0,0,0,133,0,0,0,0,0,,36.583333333,1.98529974133,0.242030910582,-0.00244446420263,0.99051851394,0.136488285463,-0.0156211866992,0.992649870664,0.121015455291,-0.00122223210131,1.98090568241,0.266725131357,-0.0313488157984,1.9808946020084592,0.26621505753220953,-0.03135754058544476
36.53333333333333,-2.6019877089492556,3.080320317080618,2.880522496627932,1.9800559666291675,0.2409389119385325,-0.03204631050283817,1.9852993383494402,0.2420345121269255,-0.002414971791974487,DEPTH_PROPOSAL_CERTIFIED,1.2707774279149462,0,32,0,0,128,FULL_MOTION_CERTIFICATE,0,0,0,133,0,0,0,0,0,,36.6,1.98529947336,0.242033257225,-0.00242971001771,0.99051851394,0.136488285463,-0.0156211866992,0.992649736678,0.121016628613,-0.00121485500885,1.98091563282,0.267198725273,-0.03134075198,1.9809055141003387,0.26672638132619725,-0.03134881579836536
36.55,-2.568985690772957,3.0843691222243477,2.8799892823096056,1.980121090578007,0.24292830862378684,-0.031992859099594165,1.9852993287083498,0.24203473767586436,-0.0024002475601771563,DEPTH_PROPOSAL_CERTIFIED,1.2778101408489222,0,32,0,0,128,FULL_MOTION_CERTIFICATE,0,0,0,133,0,0,0,0,0,,36.616666666,1.98529933835,0.242034512127,-0.00241497179197,0.99051851394,0.136488285463,-0.0156211866992,0.992649669175,0.121017256063,-0.00120748589599,1.98092482942,0.267636440836,-0.0313332990575,1.9809156027538466,0.26719894818389117,-0.031340751980017324
36.56666666666667,-2.535982657647757,3.088449123563808,2.8794569007691098,1.9801819875112754,0.24480008036751094,-0.03194289242973535,1.985299437230944,0.24203399296581632,-0.0023855354788105006,DEPTH_PROPOSAL_CERTIFIED,1.2848531551738167,0,32,0,0,128,FULL_MOTION_CERTIFICATE,0,0,0,133,0,0,0,0,0,,36.633333333,1.98529932871,0.242034737676,-0.00240024756018,0.99051851394,0.136488285463,-0.0156211866992,0.992649664354,0.121017368838,-0.00120012378009,1.9809333293,0.268040996154,-0.0313264107498,1.9809249300971503,0.26763569564093603,-0.031333299057458075
36.583333333333336,-2.5029786755755206,3.092558467401115,2.8789252976145736,1.9802389243342955,0.2465606302384482,-0.03189618927216513,1.9852996570984591,0.24203233393855156,-0.002370833818787656,DEPTH_PROPOSAL_CERTIFIED,1.2919080437699721,0,32,0,0,128,FULL_MOTION_CERTIFICATE,0,0,0,133,0,0,0,0,0,,36.65,1.98529943723,0.242033992966,-0.00238553547881,0.99051851394,0.136488285463,-0.0156211866992,0.992649718615,0.121016996483,-0.00119276773941,1.98094118525,0.268414903341,-0.0313200442837,1.9809335535751413,0.26803933866388435,-0.03132641074980834
36.6,-2.4699738063795915,3.0966954018395882,2.8783944219158313,1.9802921517558614,0.2482160663084106,-0.03185254192455093,1.985299981858089,0.24202981352315778,-0.002356140958538826,DEPTH_PROPOSAL_CERTIFIED,1.2989762890740226,0,32,0,0,128,FULL_MOTION_CERTIFICATE,0,0,0,133,0,0,0,0,0,,36.666666666,1.9852996571,0.242032333939,-0.00237083381879,0.956363157495,0.223220201636,-0.188526530141,0.992649828549,0.121016166969,-0.00118541690939,1.98065909237,0.26952341639,-0.0327813498516,1.980941526298966,0.26841238636195297,-0.03132004428365766
36.61666666666667,-2.4369684733033474,3.1008592352983104,2.877862373479807,1.980319984574749,0.24983000752335713,-0.031922906161446975,1.9853004054065957,0.2420264817723904,-0.0023414553774982593,DEPTH_PROPOSAL_CERTIFIED,1.306057258184311,0,32,0,0,128,FULL_MOTION_CERTIFICATE,0,0,0,133,0,0,0,0,0,,36.683333333,1.98529998186,0.242029813523,-0.00235614095854,0.956363157495,0.223220201636,-0.188526530141,0.992649990929,0.121014906762,-0.00117807047927,1.98008689116,0.271365160104,-0.0357109838297,1.9806595449651776,0.2695200903457063,-0.032781349851578774
36.63333333333333,-2.403963433824627,3.1050502544084138,2.877325542117434,1.9803023687233428,0.2514611466062233,-0.032209881742376725,1.9853009256559304,0.2420223563277293,-0.002326720283833309,DEPTH_PROPOSAL_CERTIFIED,1.3131484025049112,0,32,0,0,128,FULL_MOTION_CERTIFICATE,0,0,0,134,0,0,0,0,0,,36.7,1.98530040541,0.242026481772,-0.0023414553775,0.956363157495,0.223220201636,-0.188526530141,0.992650202703,0.121013240886,-0.00117072768875,1.97922440981,0.273938648939,-0.0401096530409,1.980087455336186,0.2713610434171923,-0.03571098382971989
36.65,-2.370959754545615,3.1092696479931,2.876778736296351,1.9802207567408407,0.2531636150811855,-0.03280834926499496,1.9853015442294353,0.2420174248544402,-0.0023118276415398952,DEPTH_PROPOSAL_CERTIFIED,1.3246710346868957,0,32,0,0,128,FULL_MOTION_CERTIFICATE,0,0,0,134,0,0,0,0,0,,36.716666666,1.98530092566,0.242022356328,-0.00232672028383,0.956363157495,0.223220201636,-0.188526530141,0.992650462828,0.121011178164,-0.00116336014192,1.97807146024,0.277242252383,-0.0459781308017,1.979225090554317,0.27393373047572567,-0.040109653040937804
36.666666666666664,-2.3379587880057335,3.1135194366266155,2.876215301963226,1.9800579923930002,0.2549873180109507,-0.033806059987469314,1.9853022661802384,0.24201164729718172,-0.002296621891973787,DEPTH_PROPOSAL_CERTIFIED,1.3368521998503704,0,32,0,0,128,FULL_MOTION_CERTIFICATE,0,0,0,134,0,0,0,0,0,,36.733333333,1.98530154423,0.242017424854,-0.00231182764154,0.956363157495,0.223220201636,-0.188526530141,0.992650772115,0.121008712427,-0.00115591382077,1.97662783229,0.281274146837,-0.0533172810788,1.978072267349345,0.2772364937540875,-0.04597813080165718
36.68333333333333,-2.304962151279072,3.1178024072886164,2.875627232249936,1.9797982035997959,0.2569782397200709,-0.035284182797421015,1.9853030997299095,0.24200495797096358,-0.0022809033922491155,DEPTH_PROPOSAL_CERTIFIED,1.3490847910297514,0,32,0,0,128,FULL_MOTION_CERTIFICATE,0,0,0,134,0,0,0,0,0,,36.75,1.98530226618,0.242011647297,-0.00229662189197,0.956363157495,0.223220201636,-0.188526530141,0.99265113309,0.121005823649,-0.00114831094599,1.97489328607,0.28603224183,-0.0621280893775,1.9766287803227038,0.2812674845713385,-0.05331728107883287
36.7,-2.271971706230703,3.1221220526345985,2.875005268715206,1.9794267029014136,0.2591787207588301,-0.0373178120837887,1.9853040560255018,0.24199726750164388,-0.002264431590945178,DEPTH_PROPOSAL_CERTIFIED,1.36136105211626,0,32,0,0,128,FULL_MOTION_CERTIFICATE,0,0,0,134,0,0,0,0,0,,36.75,1.98530226618,0.242011647297,-0.00229662189197,0.956363157495,0.223220201636,-0.188526530141,0.99265113309,0.121005823649,-0.00114831094599,1.97489328607,0.28603224183,-0.0621280893775,1.9748943943811512,0.2860245894316818,-0.06212808937746453
36.71666666666667,-2.2389895413224137,3.1264825143897275,2.874338994696437,1.9789298944974814,0.2616277053077447,-0.03997644112613472,1.9853051489130686,0.2419884646300346,-0.00224692795977137,DEPTH_PROPOSAL_CERTIFIED,1.3736722152921859,0,32,0,0,128,FULL_MOTION_CERTIFICATE,0,0,0,134,0,0,0,0,0,,36.783333333,1.98530405603,0.241997267502,-0.00226443159095,0.956363157495,0.223220201636,-0.188526530141,0.992652028013,0.120998633751,-0.00113221579547,1.97055024436,0.297716581098,-0.084169582841,1.9728688319695056,0.2915053168045052,-0.07241171544275825
36.733333333333334,-2.2060179548777215,3.130888530313024,2.873616921256311,1.9782951866816367,0.2643609553978076,-0.043324406407564464,1.985306394725709,0.24197841789408286,-0.0022280786976112887,DEPTH_PROPOSAL_CERTIFIED,1.3860086661256747,0,32,0,0,128,FULL_MOTION_CERTIFICATE,0,0,0,134,0,0,0,0,0,,36.8,1.98530514891,0.24198846463,-0.00224692795977,0.956363157495,0.223220201636,-0.188526530141,0.992652574457,0.120994232315,-0.00112346397989,1.96794095174,0.30463581231,-0.0974035369326,1.9705517513283333,0.2977066064965767,-0.08416958284100985
36.75,-2.1730594397449345,3.13534538400597,2.872826566085724,1.9775109079673392,0.2674112215767941,-0.047421310235221156,1.9853078120839396,0.24196697720536178,-0.0022075372207301736,DEPTH_PROPOSAL_CERTIFIED,1.3983601006334712,0,32,0,0,128,FULL_MOTION_CERTIFICATE,0,0,0,134,0,0,0,0,0,,36.816666666,1.98530639473,0.241978417894,-0.00222807869761,0.956363157495,0.223220201636,-0.188526530141,0.992653197363,0.120989208947,-0.00111403934881,1.96503902181,0.312266079495,-0.112116195035,1.96794270765291,0.30462446896043205,-0.0974035369326359
36.766666666666666,-2.1401166693604843,3.1398588563678818,2.871954525454531,1.9765662230671195,0.27080834171472296,-0.05232243787156492,1.9853094217055969,0.24195397534117993,-0.002184926449291744,DEPTH_PROPOSAL_CERTIFIED,1.4107156753296812,0,32,0,0,128,FULL_MOTION_CERTIFICATE,0,0,0,134,0,0,0,0,0,,36.833333333,1.98530781208,0.241966977205,-0.00220753722073,0.956363157495,0.223220201636,-0.188526530141,0.992653906042,0.120983488603,-0.00110376861037,1.96184338972,0.320597823382,-0.128311907701,1.9650410672844376,0.3122532073974573,-0.11211619503496244
36.78333333333333,-2.1071924854048514,3.144435175834274,2.8709865385230486,1.9754510373380882,0.2745791679835549,-0.05807921588895118,1.9853112462207876,0.241939229387429,-0.0021598408922604362,DEPTH_PROPOSAL_CERTIFIED,1.4230641516375242,0,32,0,0,128,FULL_MOTION_CERTIFICATE,0,0,0,134,0,0,0,0,0,,36.85,1.98530942171,0.241953975341,-0.00218492644929,0.956363157495,0.223220201636,-0.188526530141,0.992654710853,0.120976987671,-0.00109246322465,1.95835147822,0.329607321922,-0.146001154816,1.9618457714439055,0.32058324846330777,-0.12831190770106793
36.8,-2.0742898883029164,3.1490809545049405,2.869907539042416,1.9741558261162242,0.27874672024000974,-0.06473996883794862,1.9853133099814888,0.24192254221605008,-0.0021318485093802337,DEPTH_PROPOSAL_CERTIFIED,1.4353940384011419,0,32,0,0,128,FULL_MOTION_CERTIFICATE,0,0,0,134,0,0,0,0,0,,36.866666666,1.98531124622,0.241939229387,-0.00215984089226,0.956363157495,0.223220201636,-0.188526530141,0.99265562311,0.120969614694,-0.00107992044613,1.9548950266,0.338458312579,-0.163505086348,1.958354249209482,0.32959085776876196,-0.1460011548157224
36.81666666666667,-2.041411606336606,3.153802103174559,2.868703836130584,1.972696917977904,0.28326892017700345,-0.07222217470991266,1.9853156388197883,0.24190370437447548,-0.0021004922000211076,DEPTH_PROPOSAL_CERTIFIED,1.4476958815556729,0,32,0,0,128,FULL_MOTION_CERTIFICATE,0,0,0,134,0,0,0,0,0,,36.883333333,1.98531330998,0.241922542216,-0.00213184850938,0.956363157495,0.223220201636,-0.188526530141,0.992656654991,0.120961271108,-0.00106592425469,1.95170042717,0.346638774159,-0.179682963485,1.954898238690404,0.3384397594083045,-0.16350508634783745
36.833333333333336,-2.0085598304216696,3.1586032379951248,2.8673644504046427,1.9711065548962958,0.2880680892339663,-0.08036314355647697,1.9853182558676359,0.2418825277404974,-0.002065355309653915,DEPTH_PROPOSAL_CERTIFIED,1.4599635464913858,0,32,0,0,128,FULL_MOTION_CERTIFICATE,0,0,0,134,0,0,0,0,0,,36.9,1.98531563882,0.241903704374,-0.00210049220002,0.956363157495,0.223220201636,-0.188526530141,0.99265781941,0.120951852187,-0.00105024610001,1.94874784286,0.354199503788,-0.194635243844,1.9517041253006753,0.3466179517289169,-0.1796829634845677
36.85,-1.9757362798722633,3.163487842742517,2.865880781723793,1.9694130329644934,0.29307628484356546,-0.08902012085098607,1.9853211792455474,0.24185886411306146,-0.002026101924661844,DEPTH_PROPOSAL_CERTIFIED,1.4751860927592126,0,32,0,0,128,FULL_MOTION_CERTIFICATE,0,0,0,134,0,0,0,0,0,,36.916666666,1.98531825587,0.24188252774,-0.00206535530965,0.956363157495,0.223220201636,-0.188526530141,0.992659127934,0.12094126387,-0.00103267765483,1.94601893934,0.361187450439,-0.20845477484,1.9487520653965043,0.35417627128067874,-0.19463524384400344
36.86666666666667,-1.9429422612858385,3.1684584139248635,2.86424631171215,1.9676411151856041,0.2982342709408161,-0.09806820069860281,1.9853244226759368,0.24183260026463546,-0.0019824670752652397,DEPTH_PROPOSAL_CERTIFIED,1.4914631001448262,0,32,0,0,128,FULL_MOTION_CERTIFICATE,0,0,0,134,0,0,0,0,0,,36.933333333,1.98532117925,0.241858864113,-0.00202610192466,0.956363157495,0.223220201636,-0.188526530141,0.992660589623,0.120929432057,-0.00101305096233,1.94349677078,0.367646007601,-0.221227372477,1.9460237182831537,0.3611617013272783,-0.20845477483953384
36.88333333333333,-1.9101787212134904,3.1735165904028775,2.862456337695736,1.9658124043409941,0.3034905886808656,-0.10739844098484216,1.9853279960331183,0.24180365351244615,-0.0019342479560376675,DEPTH_PROPOSAL_CERTIFIED,1.507748012547807,0,32,0,0,128,FULL_MOTION_CERTIFICATE,0,0,0,135,0,0,0,0,0,,36.95,1.98532442268,0.241832600265,-0.00198246707527,0.956363157495,0.223220201636,-0.188526530141,0.992662211338,0.120916300132,-0.000991233537633,1.9411656756,0.37361528012,-0.233032349062,1.9435021320367494,0.36761766510947336,-0.22122737247696939
36.9,-1.8774462932181168,3.1786632690330716,2.860507735007508,1.963945679722519,0.30880071781165325,-0.11691616129371066,1.9853319058362313,0.24177196775844154,-0.001881296066173746,DEPTH_PROPOSAL_CERTIFIED,1.5240460601030805,0,32,0,0,128,FULL_MOTION_CERTIFICATE,0,0,0,135,0,0,0,0,0,,36.95,1.98532442268,0.241832600265,-0.00198246707527,0.956363157495,0.223220201636,-0.188526530141,0.992662211338,0.120916300132,-0.000991233537633,1.9411656756,0.37361528012,-0.233032349062,1.94117163937712,0.3735842932072668,-0.23303234906191345
36.916666666666664,-1.8447453398689868,3.183898707709576,2.8583987448858545,1.9620572009479142,0.31412632059028894,-0.12653940729921545,1.9853361556906532,0.24173750995259127,-0.0018235101809300346,DEPTH_PROPOSAL_CERTIFIED,1.5403642964242739,0,32,0,0,128,FULL_MOTION_CERTIFICATE,0,0,0,135,0,0,0,0,0,,36.983333333,1.98533190584,0.241771967758,-0.00188129606617,0.956363157495,0.223220201636,-0.188526530141,0.992665952918,0.120885983879,-0.000940648033087,1.93701990108,0.384231430891,-0.254027103595,1.9390177598977363,0.3790986744896486,-0.2439430085663813
36.93333333333333,-1.8120759901702252,3.18922261705149,2.8561287854506965,1.9601609819258017,0.31943456051486,-0.1361975661095003,1.9853407466829147,0.2417002669381637,-0.0017608300735096828,DEPTH_PROPOSAL_CERTIFIED,1.5567113557666574,0,32,0,0,128,FULL_MOTION_CERTIFICATE,0,0,0,135,0,0,0,0,0,,37,1.98533615569,0.241737509953,-0.00182351018093,0.956363157495,0.223220201636,-0.188526530141,0.992668077845,0.120868754976,-0.000911755090465,1.93517947785,0.388944231923,-0.263347252015,1.9370271098560263,0.384195087594631,-0.2540271035949826
36.95,-1.779438172872983,3.1946342418624116,2.853698283482828,1.9582690378338148,0.32469748865517906,-0.14583011807205906,1.9853456777336136,0.2416602426414641,-0.0016932309141504975,DEPTH_PROPOSAL_CERTIFIED,1.5730972367319045,0,32,0,0,128,FULL_MOTION_CERTIFICATE,0,0,0,135,0,0,0,0,0,,37.016666666,1.98534074668,0.241700266938,-0.00176083007351,0.956524094291,0.221867769806,-0.189304912142,0.992670373341,0.120850133469,-0.000880415036755,1.93350286509,0.3930950884,-0.272079264717,1.935187319911585,0.38890521196704575,-0.2633472520152291
36.96666666666667,-1.7468316152979704,3.200132174656738,2.851108376026773,1.9563934545008599,0.3298759676596042,-0.15539444736331243,1.9853509459123628,0.24161745557211614,-0.0016207182801763161,DEPTH_PROPOSAL_CERTIFIED,1.5895232604055738,0,32,0,0,128,FULL_MOTION_CERTIFICATE,0,0,0,135,0,0,0,0,0,,37.033333333,1.98534567773,0.241660242641,-0.00169323091415,0.956525218943,0.221854721748,-0.189314521273,0.992672838867,0.120830121321,-0.000846615457075,1.93195343876,0.396929509318,-0.280151217744,1.9335113378388082,0.39305341151359463,-0.27207926471661054
36.983333333333334,-1.7142559048388368,3.205714715086567,2.8483609473959945,1.9545426275481221,0.33495242578974366,-0.16484571784669508,1.9853565457715483,0.2415719444137729,-0.0015433192200382442,DEPTH_PROPOSAL_CERTIFIED,1.6055165300255982,0,32,0,0,128,FULL_MOTION_CERTIFICATE,0,0,0,135,0,0,0,0,0,,37.05,1.98535094591,0.241617455572,-0.00162071828018,0.95652555166,0.22185417958,-0.18931347555,0.992675472956,0.120808727786,-0.000810359140088,1.93052144362,0.400473361649,-0.287611500723,1.9319625387247203,0.3968852149774489,-0.28015121774397034
37.0,-1.6817105118834654,3.211379924799497,2.8454585114636046,1.9527235773223912,0.3399125827758418,-0.1741461559433967,1.985362470675502,0.24152375715132837,-0.0014610834237453508,DEPTH_PROPOSAL_CERTIFIED,1.6214119843486396,0,32,0,0,128,FULL_MOTION_CERTIFICATE,0,0,0,135,0,0,0,0,0,,37.05,1.98535094591,0.241617455572,-0.00162071828018,0.95652555166,0.22185417958,-0.18931347555,0.992675472956,0.120808727786,-0.000810359140088,1.93052144362,0.400473361649,-0.287611500723,1.9305311645684728,0.40042649800624275,-0.28761150072316327
37.016666666666666,-1.6491948054567103,3.2171256540919555,2.8424041055113016,1.9509423856054207,0.3447437575475316,-0.18326435713818331,1.9853687130162396,0.24147294937769598,-0.001374079720165056,DEPTH_PROPOSAL_CERTIFIED,1.6372292473614531,0,32,0,0,129,FULL_MOTION_CERTIFICATE,0,0,0,135,0,0,0,0,0,,37.083333333,1.98536247068,0.241523757151,-0.00146108342375,0.95654977978,0.221751977757,-0.189310800441,0.992681235338,0.120761878576,-0.000730541711873,1.92798166873,0.406746383412,-0.300878774658,1.929211846658378,0.40368408976215114,-0.2945064117145868
37.03333333333333,-1.616708076028566,3.222949604085538,2.839201196506575,1.9492037656887766,0.3494369996149572,-0.19217454028360048,1.985375264323922,0.24141958346234707,-0.001282392913384562,DEPTH_PROPOSAL_CERTIFIED,1.652989639533967,0,32,0,0,129,FULL_MOTION_CERTIFICATE,0,0,0,135,0,0,0,0,0,,37.1,1.98536871302,0.241472949378,-0.00137407972017,0.956550181714,0.221751467352,-0.189309367412,0.992684356508,0.120736474689,-0.000687039860083,1.9268542971,0.409530970687,-0.306768165697,1.927992602705717,0.40669455283755285,-0.3008787746576964
37.05,-1.58424955107781,3.2288493618488814,2.8358535985808717,1.9475114970454674,0.3539854658006277,-0.20085587554220613,1.9853821155090667,0.2413637266321339,-0.0011861209855351471,DEPTH_PROPOSAL_CERTIFIED,1.6625530212403383,0,32,0,0,129,FULL_MOTION_CERTIFICATE,0,0,0,135,0,0,0,0,0,,37.116666666,1.98537526432,0.241419583462,-0.00128239291338,0.956550602731,0.22175094037,-0.189307857365,0.992687632162,0.120709791731,-0.000641196456692,1.92581239626,0.412104524376,-0.312211161618,1.9268658195970956,0.40947675326581057,-0.30676816569720156
37.06666666666667,-1.5518184087075162,3.234822430879393,2.8323654005464847,1.9458685422169175,0.35838414183056305,-0.2092918820631332,1.9853892570034317,0.24130544987963803,-0.0010853726303895282,DEPTH_PROPOSAL_CERTIFIED,1.665642533558152,0,32,0,0,130,FULL_MOTION_CERTIFICATE,0,0,0,135,0,0,0,0,0,,37.133333333,1.98538211551,0.241363726632,-0.00118612098554,0.956551500575,0.221749818898,-0.189304634299,0.992691057755,0.120681863316,-0.000593060492768,1.92484956328,0.414482942107,-0.317241321339,1.9258244933086168,0.41204798939575304,-0.31221116161840246
37.083333333333336,-1.519413789471663,3.2408662575103158,2.828740902715034,1.9442771541513035,0.36262959785539045,-0.2174698698870388,1.985396678882957,0.24124482701374508,-0.0009802650836482664,DEPTH_PROPOSAL_CERTIFIED,1.66883575627863,0,32,0,0,130,FULL_MOTION_CERTIFICATE,0,0,0,135,0,0,0,0,0,,37.15,1.985389257,0.24130544988,-0.00108537263039,0.956551511728,0.221749809195,-0.189304589305,0.992694628502,0.12065272494,-0.000542686315195,1.92395967388,0.416681175202,-0.321890401528,1.9248622197508114,0.4144241613582882,-0.3172413213386932
37.1,-1.4870348069534902,3.246978254121489,2.824984560777976,1.9427389510904762,0.36671979667041055,-0.2253805162234764,1.9854043709748017,0.24118193383548397,-0.0008709222286320264,DEPTH_PROPOSAL_CERTIFIED,1.6721476692549357,0,32,0,0,130,FULL_MOTION_CERTIFICATE,0,0,0,135,0,0,0,0,0,,37.166666666,1.98539667888,0.241244827014,-0.000980265083648,0.95658572179,0.221603694593,-0.189302824624,0.992698339441,0.120622413507,-0.000490132541824,1.92314238374,0.418690736788,-0.326187011032,1.923972873748382,0.4166202222136587,-0.32189040152802106
37.11666666666667,-1.454680550245332,3.253155790996931,2.82110093791313,1.941255402489609,0.37065221252652797,-0.2330173718907782,1.9854123229518827,0.24111684741137324,-0.0007574729104526127,DEPTH_PROPOSAL_CERTIFIED,1.6755912171087766,0,32,0,0,130,FULL_MOTION_CERTIFICATE,0,0,0,135,0,0,0,0,0,,37.183333333,1.98540437097,0.241181933835,-0.000870922228632,0.956586536207,0.221601730096,-0.18930100889,0.992702185487,0.120590966918,-0.000435461114316,1.92238713286,0.420547761325,-0.330157844956,1.9231561095590275,0.4186276859711633,-0.326187011031866
37.13333333333333,-1.4223500991372358,3.2593962451401053,2.8170946629358284,1.9398270664858823,0.37442724859046345,-0.24037649863812632,1.9854205243096272,0.24104964631114772,-0.000640049494745494,DEPTH_PROPOSAL_CERTIFIED,1.6791772798701814,0,32,0,0,130,FULL_MOTION_CERTIFICATE,0,0,0,136,0,0,0,0,0,,37.2,1.98541232295,0.241116847411,-0.000757472910453,0.956587057646,0.221601076116,-0.189299139479,0.992706161476,0.120558423706,-0.000378736455226,1.92168917697,0.422264003095,-0.333827574878,1.9224013672404172,0.420482688570479,-0.33015784495577905
37.15,-1.3900425308123154,3.2656970146059683,2.8129703941753954,1.9384540994953299,0.3780461679517957,-0.24745612562598537,1.9854289645545382,0.24098040909657367,-0.0005187866055049993,DEPTH_PROPOSAL_CERTIFIED,1.6829146827732449,0,32,0,0,130,FULL_MOTION_CERTIFICATE,0,0,0,136,0,0,0,0,0,,37.216666666,1.98542052431,0.241049646311,-0.000640049494745,0.956587593926,0.2216004138,-0.189297204814,0.992710262155,0.120524823156,-0.000320024747373,1.92104417782,0.4238501261,-0.337219001617,1.9217039022105893,0.4221969841600516,-0.3338275748778711
37.166666666666664,-1.3577569255220203,3.2720555303701135,2.8087327884503273,1.937136317417819,0.38151094584874135,-0.2542563435041138,1.9854376332635357,0.24090921386835867,-0.00039382003310302257,DEPTH_PROPOSAL_CERTIFIED,1.6868102239275848,0,32,0,0,130,FULL_MOTION_CERTIFICATE,0,0,0,136,0,0,0,0,0,,37.233333333,1.98542896455,0.240980409097,-0.000518786605505,0.956588147313,0.221599731736,-0.189295206795,0.992714482277,0.120490204548,-0.000259393302752,1.92044812605,0.425315985021,-0.340353199557,1.921059376072188,0.42378123619148134,-0.33721900161728546
37.18333333333333,-1.3254923714160454,3.2784692662764288,2.8043864745736773,1.9358732463586033,0.3848241543789312,-0.2607788325990063,1.9854465201334695,0.2408361378891113,-0.00026528579399568905,DEPTH_PROPOSAL_CERTIFIED,1.6908687164619094,0,32,0,0,130,FULL_MOTION_CERTIFICATE,0,0,0,136,0,0,0,0,0,,37.25,1.98543763326,0.240909213868,-0.000393820033103,0.956588717211,0.221599030583,-0.189293147653,0.992718816632,0.120454606934,-0.000196910016552,1.91989731607,0.426670687787,-0.343249646262,1.9204637794361683,0.4252452984472499,-0.3403531995566996
37.2,-1.2932479686226461,3.284935747287908,2.799936030881794,1.9346641676032381,0.3879888606885972,-0.26702662151289863,1.9854556150228497,0.24076125726576914,-0.00013331932537065245,DEPTH_PROPOSAL_CERTIFIED,1.6950604579875943,0,32,0,0,130,FULL_MOTION_CERTIFICATE,0,0,0,136,0,0,0,0,0,,37.25,1.98543763326,0.240909213868,-0.000393820033103,0.956588717211,0.221599030583,-0.189293147653,0.992718816632,0.120454606934,-0.000196910016552,1.91989731607,0.426670687787,-0.343249646262,1.9199134067877894,0.4265982776665076,-0.3432496462623548
37.21666666666667,-1.2610224205299152,3.2914506387014106,2.7953858336559865,1.9335328855639695,0.3908934848101908,-0.27301183354848385,1.9854649079866695,0.24068464668462558,1.9452002058945378e-06,DEPTH_PROPOSAL_CERTIFIED,1.6970307649657923,0,32,0,0,131,FULL_MOTION_CERTIFICATE,0,0,0,136,0,0,0,0,0,,37.283333333,1.98545561502,0.240761257266,-0.000133319325371,0.960032893528,0.205900577442,-0.189583215378,0.992727807511,0.120380628633,-6.66596626853e-05,1.91974138333,0.425297699495,-0.348541648491,1.9197312446848906,0.42632989909363483,-0.3460314203826281
37.233333333333334,-1.2288142647998013,3.298008874301141,2.7907402705022206,1.932489343806949,0.3934941359838367,-0.2787337892259766,1.9854743821560188,0.24060643818438038,0.00014037949041023637,DEPTH_PROPOSAL_CERTIFIED,1.6989322839119203,0,32,0,0,131,FULL_MOTION_CERTIFICATE,0,0,0,136,0,0,0,0,0,,37.3,1.98546490799,0.240684646685,1.94520020589e-06,0.960032893528,0.205900577442,-0.189583215378,0.992732453993,0.120342323342,9.72600102947e-07,1.91976595937,0.424275233974,-0.3508617078,1.9197581343712977,0.4252220803023181,-0.34854164849139196
37.25,-1.196622152460717,3.3046058776837492,2.7860036367441943,1.9315267403451613,0.39582020295650855,-0.28419802548160183,1.9854840179355997,0.24052678661691715,0.00028185465480964265,DEPTH_PROPOSAL_CERTIFIED,1.6985091506960126,0,32,0,0,131,FULL_MOTION_CERTIFICATE,0,0,0,136,0,0,0,0,0,,37.316666666,1.98547438216,0.240606438184,0.00014037949041,0.960032893528,0.205900577442,-0.189583215378,0.992737191078,0.120303219092,7.01897452051e-05,1.91978867359,0.42333022802,-0.353006004908,1.919782978111351,0.4241982200231065,-0.350861707800234
37.266666666666666,-1.164444839122281,3.3112375171167403,2.781180124224266,1.9306388003062647,0.39789836597948797,-0.2894107511957265,1.9854937975661455,0.24044583203314693,0.0004262443592230762,DEPTH_PROPOSAL_CERTIFIED,1.6788376363428585,0,32,0,0,131,FULL_MOTION_CERTIFICATE,0,0,0,136,0,0,0,0,0,,37.333333333,1.98548401794,0.240526786617,0.00028185465481,0.960032893528,0.205900577442,-0.189583215378,0.992742008968,0.120263393308,0.000140927327405,1.91980966703,0.422456813371,-0.354987855391,1.9198059318317255,0.42325195485983813,-0.35300600490805134
37.28333333333333,-1.1322811768706524,3.3179000644254413,2.776273812330354,1.929819735097821,0.39975283852208526,-0.2943787136347383,1.9855037049598112,0.240363701033314,0.0005734251733726006,DEPTH_PROPOSAL_CERTIFIED,1.6595994991599334,0,32,0,0,131,FULL_MOTION_CERTIFICATE,0,0,0,136,0,0,0,0,0,,37.35,1.98549379757,0.240445832033,0.000426244359223,0.960032893528,0.205900577442,-0.189583215378,0.992746898783,0.120222916017,0.000213122179612,1.91982907006,0.4216495665,-0.356819565682,1.919827139554807,0.4223774035417736,-0.3549878553906853
37.3,-1.1001301067917437,3.324590157557628,2.771288660976786,1.9290642047346316,0.4014055879312301,-0.2991090812140941,1.9855137255498585,0.24028050799787548,0.0007232768516909061,DEPTH_PROPOSAL_CERTIFIED,1.6408036468673055,0,32,0,0,131,FULL_MOTION_CERTIFICATE,0,0,0,136,0,0,0,0,0,,37.35,1.98549379757,0.240445832033,0.000426244359223,0.960032893528,0.205900577442,-0.189583215378,0.992746898783,0.120222916017,0.000213122179612,1.91982907006,0.4216495665,-0.356819565682,1.919846734303719,0.421569130722798,-0.3568195656822381
37.31666666666667,-1.0679903248637255,3.331303840555843,2.7662302280303233,1.928386915680388,0.4028209798927538,-0.3035059767876425,1.9855238461534157,0.24019635620926802,0.0008756825553508205,DEPTH_PROPOSAL_CERTIFIED,1.6224583392689271,0,32,0,0,132,FULL_MOTION_CERTIFICATE,0,0,0,136,0,0,0,0,0,,37.383333333,1.98551372555,0.240280507998,0.000723276851691,0.992756862775,0.120140253999,0.000361638425845,0.992756862775,0.120140253999,0.000361638425845,1.92064000946,0.418024036492,-0.355970839733,1.920123989218618,0.4200887618233355,-0.3571481027849121
37.333333333333336,-1.0358603017953274,3.3380366155414123,2.7611055515700436,1.927801384103997,0.4039664991341803,-0.3074805876168121,1.9855340513615414,0.24011136791517124,0.0010304764572832649,DEPTH_PROPOSAL_CERTIFIED,1.6045707561400966,0,32,0,0,132,FULL_MOTION_CERTIFICATE,0,0,0,136,0,0,0,0,0,,37.4,1.98552384615,0.240196356209,0.000875682555351,0.992761923077,0.120098178105,0.000437841277675,0.992761923077,0.120098178105,0.000437841277675,1.92142947488,0.415217153551,-0.353285004749,1.9206578988720255,0.41794183387958517,-0.35597083973268345
37.35,-1.003738301447457,3.344783491215865,2.755923041249748,1.927320020872326,0.40481254046718146,-0.3109506192177394,1.985544323754544,0.240025682740863,0.0011874472167708319,DEPTH_PROPOSAL_CERTIFIED,1.5871466200949769,0,32,0,0,132,FULL_MOTION_CERTIFICATE,0,0,0,136,0,0,0,0,0,,37.416666666,1.98553405136,0.240111367915,0.00103047645728,0.992767025681,0.120055683958,0.000515238228642,0.992767025681,0.120055683958,0.000515238228642,1.92247342172,0.411755836304,-0.349087636916,1.9214473894459394,0.4151342447297961,-0.3532850047490558
37.36666666666667,-0.9716223979709634,3.351539028278973,2.750692378129328,1.9269542085897258,0.4053322237865092,-0.3138397872252089,1.985554644103412,0.23993945620673368,0.001346341186389397,DEPTH_PROPOSAL_CERTIFIED,1.5701898695246466,0,32,0,0,132,FULL_MOTION_CERTIFICATE,0,0,0,136,0,0,0,0,0,,37.433333333,1.98554432375,0.240025682741,0.00118744721677,0.992772161877,0.12001284137,0.000593723608385,0.992772161877,0.12001284137,0.000593723608385,1.92377057496,0.40764704876,-0.343375525609,1.9224912987420013,0.4116723602823076,-0.34908763691633876
37.38333333333333,-0.9395104917914706,3.3582973821790647,2.745424422409939,1.9267143707696788,0.4055012340055017,-0.31607734316338126,1.9855649915586884,0.23985285833882186,0.0015068653696798647,DEPTH_PROPOSAL_CERTIFIED,1.5537023769585296,0,32,0,0,132,FULL_MOTION_CERTIFICATE,0,0,0,137,0,0,0,0,0,,37.45,1.9855546441,0.239939456207,0.00134634118639,0.992777322052,0.119969728103,0.000673170593195,0.992777322052,0.119969728103,0.000673170593195,1.92531950509,0.402898573099,-0.336145130561,1.9237883493651047,0.4075631586772106,-0.3433755256090862
37.4,-0.9074003245774073,3.365052343656332,2.740131128575148,1.9266100328439084,0.4052976886360654,-0.31759763008745356,1.9855753438281813,0.23976607235969663,0.001668690145912084,DEPTH_PROPOSAL_CERTIFIED,1.537683708397208,0,32,0,0,132,FULL_MOTION_CERTIFICATE,0,0,0,137,0,0,0,0,0,,37.45,1.9855546441,0.239939456207,0.00134634118639,0.992777322052,0.119969728103,0.000673170593195,0.992777322052,0.119969728103,0.000673170593195,1.92531950509,0.402898573099,-0.336145130561,1.9253371101495094,0.4028144351289424,-0.33614513056113676
37.416666666666664,-0.8752894933390194,3.3717973776227996,2.7348254675262464,1.926649874303385,0.4047020379880743,-0.3183396629341131,1.9855856773450542,0.23967929344558095,0.0018314517763082505,DEPTH_PROPOSAL_CERTIFIED,1.5221309192833163,0,32,0,0,132,FULL_MOTION_CERTIFICATE,0,0,0,137,0,0,0,0,0,,37.483333333,1.98557534383,0.23976607236,0.00166869014591,0.992787671914,0.11988303618,0.000834345072956,0.992787671914,0.11988303618,0.000834345072956,1.9291658378,0.391519729367,-0.317112908079,1.9271359401090005,0.3974351000825824,-0.32739246366335994
37.43333333333333,-0.8431754638341115,3.378525661088311,2.729521355410242,1.9268417702945828,0.4036970079307051,-0.3182467269602597,1.985595967428159,0.23959272753300973,0.0019947547035175433,DEPTH_PROPOSAL_CERTIFIED,1.5070383827759866,0,32,0,0,132,FULL_MOTION_CERTIFICATE,0,0,0,137,0,0,0,0,0,,37.5,1.98558567735,0.239679293446,0.00183145177631,0.992792838673,0.119839646723,0.000915725888154,0.992792838673,0.119839646723,0.000915725888154,1.93145892028,0.38491266567,-0.305300931607,1.9291829013871953,0.3914356412308001,-0.3171129080792478
37.45,-0.8110555835184157,3.385230121180727,2.724233588995439,1.9271928189410379,0.4022676055448216,-0.3172659848880629,1.9856061884370975,0.2395065901531453,0.002158173652802271,DEPTH_PROPOSAL_CERTIFIED,1.492397645782464,0,32,0,0,132,FULL_MOTION_CERTIFICATE,0,0,0,137,0,0,0,0,0,,37.516666666,1.98559596743,0.239592727533,0.00199475470352,0.992797983714,0.119796363767,0.000997377351759,0.992797983714,0.119796363767,0.000997377351759,1.93399472401,0.377714705497,-0.291949571373,1.9314756124277892,0.38482889643704987,-0.3053009316072666
37.46666666666667,-0.7789270944141427,3.3919034750335104,2.7189777877492176,1.9277093462564894,0.40040123116700727,-0.31534807477330434,1.9856163139257716,0.23942110526132693,0.0023212555386386744,DEPTH_PROPOSAL_CERTIFIED,1.4724344558562457,0,32,0,0,132,FULL_MOTION_CERTIFICATE,0,0,0,137,0,0,0,0,0,,37.533333333,1.98560618844,0.239506590153,0.0021581736528,0.992803094219,0.119753295077,0.0010790868264,0.992803094219,0.119753295077,0.0010790868264,1.93676887289,0.36994916103,-0.277049398463,1.934010979504999,0.3776314637576711,-0.29194957137324823
37.483333333333334,-0.7467871466193006,3.3985382751394266,2.7137703434175293,1.9283968676906358,0.398088006355002,-0.3124466599013126,1.9856263168009094,0.23933650400690396,0.002483521171261492,DEPTH_PROPOSAL_CERTIFIED,1.4495777272342947,0,32,0,0,132,FULL_MOTION_CERTIFICATE,0,0,0,137,0,0,0,0,0,,37.55,1.98561631393,0.239421105261,0.00232125553864,0.992808156963,0.119710552631,0.00116062776932,0.992808156963,0.119710552631,0.00116062776932,1.93977420511,0.3616538437,-0.260586000369,1.9367846291872233,0.3698666636485366,-0.2770493984630113
37.5,-0.714632814309311,3.4051269695741397,2.7086283797165636,1.92925993859948,0.3953216660828012,-0.3085178220579751,1.985636169498909,0.2392530233317275,0.0026444667378767886,DEPTH_PROPOSAL_CERTIFIED,1.4267787757504027,0,32,0,0,132,FULL_MOTION_CERTIFICATE,0,0,0,137,0,0,0,0,0,,37.55,1.98561631393,0.239421105261,0.00232125553864,0.992808156963,0.119710552631,0.00116062776932,0.992808156963,0.119710552631,0.00116062776932,1.93977420511,0.3616538437,-0.260586000369,1.9397894036873804,0.36157231476194973,-0.2605860003692552
37.516666666666666,-0.682461734586616,3.4116638324397637,2.7035660676859563,1.93026478336181,0.3922117719374648,-0.3037387218364534,1.98564584421612,0.23917090410555572,0.002803564977579251,DEPTH_PROPOSAL_CERTIFIED,1.4040272399218656,0,32,0,0,132,FULL_MOTION_CERTIFICATE,0,0,0,137,0,0,0,0,0,,37.583333333,1.9856361695,0.239253023332,0.00264446673788,0.96345014669,0.222580207091,-0.149070004541,0.992818084749,0.119626511666,0.00132223336894,1.9449738675,0.348027818939,-0.23160290408,1.9425238894622365,0.35427106336435854,-0.2454336991338845
37.53333333333333,-0.650272064964839,3.418144807868554,2.6985948362333247,1.9313801773067236,0.3888585257274518,-0.2982738871579215,1.9856553200599607,0.23909033037408442,0.0029603782168867764,DEPTH_PROPOSAL_CERTIFIED,1.3813130706582943,0,32,0,0,132,FULL_MOTION_CERTIFICATE,0,0,0,137,0,0,0,0,0,,37.6,1.98564584422,0.239170904106,0.00280356497758,0.96345014669,0.222580207091,-0.149070004541,0.992822922108,0.119585452053,0.00140178248879,1.94716800267,0.342669585676,-0.219103561894,1.9449879834346686,0.34794892196529026,-0.23160290407982884
37.55,-0.6180624440371282,3.4245673662774476,2.693723567312592,1.9325772556627585,0.38535350453363243,-0.29227613524398066,1.985664582435453,0.23901143409156128,0.0031145521238521196,DEPTH_PROPOSAL_CERTIFIED,1.358626646677269,0,32,0,0,132,FULL_MOTION_CERTIFICATE,0,0,0,137,0,0,0,0,0,,37.616666666,1.98565532006,0.239090330374,0.00296037821689,0.96345014669,0.222580207091,-0.149070004541,0.99282766003,0.119545165187,0.00148018910844,1.94909159318,0.338263278617,-0.207945272322,1.9471816116063838,0.342592245969034,-0.2191035618938974
37.56666666666667,-0.5858319550902157,3.430930371767653,2.688958776754132,1.9338293368140331,0.38178032941219114,-0.28588743350747875,1.9856736224805691,0.23893429948520883,0.003265809915942339,DEPTH_PROPOSAL_CERTIFIED,1.3359588553304376,0,32,0,0,132,FULL_MOTION_CERTIFICATE,0,0,0,137,0,0,0,0,0,,37.633333333,1.98566458244,0.239011434092,0.00311455212385,0.96345014669,0.222580207091,-0.149070004541,0.992832291218,0.119505717046,0.00155727606193,1.95074461261,0.334795560171,-0.198137396885,1.9491047268595787,0.3381875929306249,-0.2079452723221864
37.583333333333336,-0.5535800924427635,3.4372339596473087,2.68430478169646,1.935111758847237,0.37821527277935973,-0.27923970346034216,1.9856824365465002,0.23885896708452906,0.0034139469920473915,DEPTH_PROPOSAL_CERTIFIED,1.3133011429646801,0,32,0,0,132,FULL_MOTION_CERTIFICATE,0,0,0,137,0,0,0,0,0,,37.65,1.98567362248,0.238934299485,0.00326580991594,0.96345014669,0.222580207091,-0.149070004541,0.99283681124,0.119467149743,0.00163290495797,1.95212706005,0.332253003887,-0.189689169851,1.9507573076523266,0.3347215818588136,-0.19813739688527082
37.6,-0.5213067303027736,3.4434794231249426,2.6797638554943557,1.9364017283995059,0.37472780865805183,-0.272455572126276,1.9856910257191218,0.2387854374460954,0.003558825960929912,DEPTH_PROPOSAL_CERTIFIED,1.2906455387484537,0,32,0,0,132,FULL_MOTION_CERTIFICATE,0,0,0,137,0,0,0,0,0,,37.65,1.98567362248,0.238934299485,0.00326580991594,0.96345014669,0.222580207091,-0.149070004541,0.99283681124,0.119467149743,0.00163290495797,1.95212706005,0.332253003887,-0.189689169851,1.9521393569371874,0.33218074637809275,-0.18968916985066375
37.61666666666667,-0.4890120939520695,3.4496691082693935,2.6753363709164106,1.9376781810423573,0.3713811086670803,-0.26564907467672344,1.9856993953780087,0.23871367460238055,0.003700372040594598,DEPTH_PROPOSAL_CERTIFIED,1.2679846556427217,0,32,0,0,132,FULL_MOTION_CERTIFICATE,0,0,0,137,0,0,0,0,0,,37.683333333,1.98569102572,0.238785437446,0.00355882596093,0.96345014669,0.222580207091,-0.149070004541,0.99284551286,0.119392718723,0.00177941298046,1.95408036939,0.329888205527,-0.176908617979,1.9532509032851466,0.33055136877722513,-0.1826098057921769
37.63333333333333,-0.45669673307858427,3.455806316365512,2.67102093236965,1.9389216524092232,0.36823248576711654,-0.25892631280564815,1.9857075547894858,0.23864360926178765,0.0038385688048394326,DEPTH_PROPOSAL_CERTIFIED,1.2453116719157877,0,32,0,0,132,FULL_MOTION_CERTIFICATE,0,0,0,138,0,0,0,0,0,,37.7,1.98569939538,0.238713674602,0.00370037204059,0.96345014669,0.222580207091,-0.149070004541,0.992849697689,0.119356837301,0.0018501860203,1.95465137076,0.330037017891,-0.172595158187,1.9540920030849873,0.32981928638755603,-0.17690861797852475
37.65,-0.42436149708935533,3.4618952128029767,2.6668144978059938,1.940114159353848,0.3653337862478977,-0.2523860738193834,1.9857155167301859,0.23857514178608485,0.003973454255460499,DEPTH_PROPOSAL_CERTIFIED,1.2226202963134785,0,32,0,0,132,FULL_MOTION_CERTIFICATE,0,0,0,138,0,0,0,0,0,,37.716666666,1.98570755479,0.238643609262,0.00383856880484,0.96345014669,0.222580207091,-0.149070004541,0.992853777395,0.119321804631,0.00191928440242,1.95495208899,0.331052547822,-0.169679384249,1.9546627440782707,0.3299696521134253,-0.1725951581869485
37.666666666666664,-0.39200751224567476,3.467940741606431,2.6627124908806845,1.9412390906209454,0.36273172820726535,-0.24612041551856925,1.9857232971376273,0.23850814497127057,0.004105117201038321,DEPTH_PROPOSAL_CERTIFIED,1.2002078209448428,0,32,0,0,132,FULL_MOTION_CERTIFICATE,0,0,0,138,0,0,0,0,0,,37.733333333,1.98571551673,0.238575141786,0.00397345425546,0.96345014669,0.222580207091,-0.149070004541,0.992857758365,0.119287570893,0.00198672712773,1.95498269659,0.332917541684,-0.168171881903,1.9549632520795328,0.33098662011154867,-0.1696793842486323
37.68333333333333,-0.3596361604690908,3.4739485446312566,2.658708903821051,1.9422811065951473,0.3604681814895623,-0.2402152235780127,1.9857309147841227,0.23844246665884763,0.00423369392575759,DEPTH_PROPOSAL_CERTIFIED,1.178664458973753,0,32,0,0,132,FULL_MOTION_CERTIFICATE,0,0,0,138,0,0,0,0,0,,37.75,1.98572329714,0.238508144971,0.00410511720104,0.96345014669,0.222580207091,-0.149070004541,0.992861648569,0.119254072486,0.00205255860052,1.95474343212,0.335612668836,-0.168084177354,1.9549937014804104,0.3328529115335828,-0.16817188190321825
37.7,-0.3272490596695907,3.479924884261618,2.6547963913147288,1.9432260479692882,0.35858037782156915,-0.23475075037924642,1.9857383909700377,0.23837793220712675,0.0043593651350861415,DEPTH_PROPOSAL_CERTIFIED,1.1570485019537977,0,32,0,0,132,FULL_MOTION_CERTIFICATE,0,0,0,138,0,0,0,0,0,,37.75,1.98572329714,0.238508144971,0.00410511720104,0.96345014669,0.222580207091,-0.149070004541,0.992861648569,0.119254072486,0.00205255860052,1.95474343212,0.335612668836,-0.168084177354,1.9547543327338037,0.3355491730720622,-0.16808417735432457
37.71666666666667,-0.2948480454418175,3.4858765680623756,2.65096635550236,1.9440608536665047,0.3571010280454605,-0.22980214874214017,1.9857457492316855,0.23831434685799607,0.004482353169687357,DEPTH_PROPOSAL_CERTIFIED,1.1353587659639524,0,32,0,0,132,FULL_MOTION_CERTIFICATE,0,0,0,138,0,0,0,0,0,,37.783333333,1.98573839097,0.238377932207,0.00435936513509,0.96345014669,0.222580207091,-0.149070004541,0.992869195485,0.119188966104,0.00217968256754,1.95345678339,0.343398769664,-0.172222109528,1.9542454831725469,0.339052960776934,-0.16942920876944023
37.733333333333334,-0.2624351539518647,3.491810873008068,2.6472090217597053,1.9447734893972783,0.3560582967415841,-0.22544002455928233,1.9857530150577172,0.23825149804648327,0.004602919485820439,DEPTH_PROPOSAL_CERTIFIED,1.1135941562079976,0,32,0,0,132,FULL_MOTION_CERTIFICATE,0,0,0,138,0,0,0,0,0,,37.8,1.98574574923,0.238314346858,0.00448235316969,0.96345014669,0.222580207091,-0.149070004541,0.992872874616,0.119157173429,0.00224117658484,1.95241066226,0.348426836526,-0.176481665047,1.9534676453127184,0.34333697483429126,-0.17222210952841338
37.75,-0.23001260576424587,3.49773546492154,2.643513504127547,1.9453528912572382,0.3554755148083247,-0.22173105792952857,1.9857602156047873,0.2381891577259453,0.004721362412831867,DEPTH_PROPOSAL_CERTIFIED,1.0917537126044756,0,32,0,0,132,FULL_MOTION_CERTIFICATE,0,0,0,138,0,0,0,0,0,,37.816666666,1.98575301506,0.238251498046,0.00460291948582,0.96345014669,0.222580207091,-0.149070004541,0.992876507529,0.119125749023,0.00230145974291,1.95109766285,0.354147395865,-0.182233536306,1.9524215939487488,0.34836557522255884,-0.17648166504653007
37.766666666666666,-0.1975827901082002,3.5036583029514836,2.6398678571034986,1.9457889393628498,0.3553702817966492,-0.21873882144291265,1.9857673793959074,0.23812708484295342,0.004838015223923559,DEPTH_PROPOSAL_CERTIFIED,1.0698366743916994,0,32,0,0,132,FULL_MOTION_CERTIFICATE,0,0,0,138,0,0,0,0,0,,37.833333333,1.9857602156,0.238189157726,0.00472136241283,0.96345014669,0.222580207091,-0.149070004541,0.992880107802,0.119094578863,0.00236068120642,1.94952116996,0.360462874075,-0.189519820234,1.9511087262513103,0.3540864390542081,-0.18223353630619601
37.78333333333333,-0.16514824782558615,3.50958749413967,2.636259102757745,1.9460725369569543,0.3557514712911963,-0.21652526074523426,1.9857745359633456,0.23806502827434736,0.004953244622819543,DEPTH_PROPOSAL_CERTIFIED,1.0478425948529217,0,32,0,0,132,FULL_MOTION_CERTIFICATE,0,0,0,138,0,0,0,0,0,,37.85,1.9857673794,0.238127084843,0.00483801522392,0.96345014669,0.222580207091,-0.149070004541,0.992883689698,0.119063542421,0.00241900761196,1.94780746716,0.366879354514,-0.197748622584,1.94953242760503,0.36040198312467087,-0.18951982023355624
37.8,-0.13271150045138969,3.51553065857365,2.632674056288458,1.946204842451898,0.35658986603882903,-0.21510278815723213,1.985781715306091,0.23800273130073002,0.005067449989138023,DEPTH_PROPOSAL_CERTIFIED,1.025771475353925,0,32,0,0,132,FULL_MOTION_CERTIFICATE,0,0,0,138,0,0,0,0,0,,37.85,1.9857673794,0.238127084843,0.00483801522392,0.96345014669,0.222580207091,-0.149070004541,0.992883689698,0.119063542421,0.00241900761196,1.94780746716,0.366879354514,-0.197748622584,1.9478189694902126,0.36681828195994926,-0.19774862258360518
37.81666666666667,-0.1002747145333595,3.521494224997946,2.629101318856808,1.9462071550810922,0.3578139854576354,-0.2143642458989138,1.985788945552117,0.23793995160381137,0.005181037906437445,DEPTH_PROPOSAL_CERTIFIED,1.0036234460600029,0,32,0,0,132,FULL_MOTION_CERTIFICATE,0,0,0,138,0,0,0,0,0,,37.883333333,1.98578171531,0.238002731301,0.00506744998914,0.96345014669,0.222580207091,-0.149070004541,0.992890857653,0.11900136565,0.00253372499457,1.94475970425,0.378290849558,-0.212383271301,1.9462353691572594,0.3727482423670667,-0.2053540303474338
37.833333333333336,-0.06783974094875847,3.527483567612121,2.625531082655712,1.9460984150761718,0.3593605568505019,-0.2142141720657558,1.9857962503934454,0.2378764840639029,0.005294360464486286,DEPTH_PROPOSAL_CERTIFIED,0.9813987567794964,0,32,0,0,132,FULL_MOTION_CERTIFICATE,0,0,0,138,0,0,0,0,0,,37.9,1.98578894555,0.237939951604,0.00518103790644,0.96345014669,0.222580207091,-0.149070004541,0.992894472776,0.118969975802,0.00259051895322,1.94340671855,0.383356725768,-0.21887999399,1.9447717870161425,0.37822872784347455,-0.21238327130122805
37.85,-0.035408150301200904,3.5335031289759904,2.6219549552653176,1.9458954388535645,0.36117368183219334,-0.21456764342367554,1.9858036495983657,0.23781215653040302,0.005407721162515219,DEPTH_PROPOSAL_CERTIFIED,0.9590977680853636,0,32,0,0,132,FULL_MOTION_CERTIFICATE,0,0,0,138,0,0,0,0,0,,37.916666666,1.98579625039,0.237876484064,0.00529436046449,0.956935193127,0.24218298543,-0.160070102527,0.992898125197,0.118938242032,0.00264718023224,1.94155816515,0.389871487493,-0.226034682688,1.9434191289377556,0.3832938066088305,-0.21887999399029662
37.86666666666667,-0.0029820198250232327,3.5395588443383197,2.6183643492899935,1.945567828570771,0.3633429217397795,-0.2154363585194696,1.9858111594707355,0.23774682601840097,0.005521380232210407,DEPTH_PROPOSAL_CERTIFIED,0.9367200443948063,0,32,0,0,132,FULL_MOTION_CERTIFICATE,0,0,0,138,0,0,0,0,0,,37.933333333,1.9858036496,0.23781215653,0.00540772116252,0.956935193127,0.24218298543,-0.160070102527,0.992901824799,0.118906078265,0.00270386058126,1.9394606061,0.397030160619,-0.233163889071,1.9415709831206902,0.38980764861233236,-0.2260346826881579
37.88333333333333,0.02943641629418204,3.545657012104956,2.614751360069024,1.9451061671524268,0.3658900659982097,-0.21677935325818717,1.9858188019384557,0.23768030172944282,0.005635604449969699,DEPTH_PROPOSAL_CERTIFIED,0.9195159795321277,0,32,0,0,132,FULL_MOTION_CERTIFICATE,0,0,0,139,0,0,0,0,0,,37.95,1.98581115947,0.237746826018,0.00552138023221,0.956935193127,0.24218298543,-0.160070102527,0.992905579735,0.118873413009,0.00276069011611,1.93752195304,0.403646510012,-0.23975300405,1.9394738978486277,0.3969652259510603,-0.23316388907054272
37.9,0.06184529380573413,3.551802768524152,2.611109363713217,1.9445326506932359,0.36874538515178407,-0.21851978134843963,1.985826600344644,0.2376123807887661,0.0057506399231771164,DEPTH_PROPOSAL_CERTIFIED,0.9028445226144235,0,32,0,0,132,FULL_MOTION_CERTIFICATE,0,0,0,139,0,0,0,0,0,,37.95,1.98581115947,0.237746826018,0.00552138023221,0.956935193127,0.24218298543,-0.160070102527,0.992905579735,0.118873413009,0.00276069011611,1.93752195304,0.403646510012,-0.23975300405,1.9375357498911052,0.4035802788253931,-0.2397530040495208
37.916666666666664,0.0942430751621259,3.558000227649333,2.607432868415582,1.9438668813836166,0.3718475475108712,-0.2205897178580974,1.9858345736893095,0.23754289685792562,0.00586669349323787,DEPTH_PROPOSAL_CERTIFIED,0.8861747390357237,0,32,0,0,132,FULL_MOTION_CERTIFICATE,0,0,0,139,0,0,0,0,0,,37.983333333,1.98582660034,0.237612380789,0.00575063992318,0.956935193127,0.24218298543,-0.160070102527,0.992913300172,0.118806190394,0.00287531996159,1.93407412366,0.41541346528,-0.251471523826,1.9357444958062626,0.4096939282917365,-0.24584294327592368
37.93333333333333,0.12662851071376105,3.5642526067644957,2.6037173809386944,1.9431261330982197,0.37514274690977445,-0.22292924861325597,1.985842737151875,0.23747171578122034,0.005983937254993338,DEPTH_PROPOSAL_CERTIFIED,0.8695039469561914,0,32,0,0,132,FULL_MOTION_CERTIFICATE,0,0,0,139,0,0,0,0,0,,38,1.98583457369,0.237542896858,0.00586669349324,0.956935193127,0.24218298543,-0.160070102527,0.992917286845,0.118771448429,0.00293334674662,1.93254353747,0.420637140049,-0.25667369675,1.9340890040163756,0.41534417957639713,-0.25147152382619253
37.95,0.15900060390854776,3.5705623386690064,2.5999592868353694,1.9423255916864854,0.3785839142705114,-0.22548564619941092,1.9858511025593486,0.23739873168061637,0.006102512618134002,DEPTH_PROPOSAL_CERTIFIED,0.8528296281016527,0,32,0,0,132,FULL_MOTION_CERTIFICATE,0,0,0,139,0,0,0,0,0,,38.016666666,1.98584273715,0.237471715781,0.00598393725499,0.956935193127,0.24218298543,-0.160070102527,0.992921368576,0.118735857891,0.0029919686275,1.93112890486,0.425465081584,-0.261481765369,1.9325589864633315,0.4205661560714859,-0.2566736967504886
37.96666666666667,0.19135858011183673,3.5769311720945973,2.59615574308663,1.9414785721974486,0.38213000553548454,-0.2282126249243798,1.985859678805461,0.23732386345638323,0.006222533953900625,DEPTH_PROPOSAL_CERTIFIED,0.8361493698478659,0,32,0,0,132,FULL_MOTION_CERTIFICATE,0,0,0,139,0,0,0,0,0,,38.033333333,1.98585110256,0.237398731681,0.00610251261813,0.956935193127,0.24218298543,-0.160070102527,0.99292555128,0.11869936584,0.00305125630907,1.9298214413,0.429927270255,-0.265925586646,1.931144934431197,0.42539231896815966,-0.26148176536900214
37.983333333333334,0.2237018586978654,3.583360261409476,2.5923045819619794,1.9405967151618313,0.38574535889275013,-0.2310696674790554,1.985868472225608,0.2372470516544292,0.006344091866565674,DEPTH_PROPOSAL_CERTIFIED,0.819460816717398,0,32,0,0,132,FULL_MOTION_CERTIFICATE,0,0,0,139,0,0,0,0,0,,38.05,1.98585967881,0.237323863456,0.0062225339539,0.956935193127,0.24218298543,-0.160070102527,0.992929839403,0.118661931728,0.00311126697695,1.92861302801,0.434051414323,-0.270032754789,1.9298380593273012,0.42985266985139325,-0.26592558664610016
38.0,0.2560300280964138,3.5898502466542945,2.588404225020018,1.9396901639130117,0.3893991146891279,-0.23402141651771863,1.9858774869319278,0.2371682556649121,0.0064672561255716505,DEPTH_PROPOSAL_CERTIFIED,0.8027616300623774,0,32,0,0,132,FULL_MOTION_CERTIFICATE,0,0,0,139,0,0,0,0,0,,38.05,1.98585967881,0.237323863456,0.0062225339539,0.956935193127,0.24218298543,-0.160070102527,0.992929839403,0.118661931728,0.00311126697695,1.92861302801,0.434051414323,-0.270032754789,1.9286302386774137,0.43397493540493953,-0.27003275478941224
38.016666666666666,0.2883428235069656,3.5964013248613504,2.584453606263562,1.9387677246332196,0.3930646924233761,-0.23703712538735902,1.9858867251124321,0.2370874512200635,0.006592078290822445,DEPTH_PROPOSAL_CERTIFIED,0.7860494548572845,0,32,0,0,133,FULL_MOTION_CERTIFICATE,0,0,0,139,0,0,0,0,0,,38.083333333,1.98587748693,0.237168255665,0.00646725612557,0.956935193127,0.24218298543,-0.160070102527,0.992938743466,0.118584127832,0.00323362806279,1.92646390556,0.441386066089,-0.277337215444,1.9275139654197553,0.43778474078120666,-0.2738287735969741
38.03333333333333,0.3206401070191435,3.6030133135192894,2.580452103555014,1.9378370107307867,0.39671931947636846,-0.24009016251287366,1.9858961872977239,0.237004628162005,0.0067185940607569035,DEPTH_PROPOSAL_CERTIFIED,0.7694525173034059,0,32,0,0,133,FULL_MOTION_CERTIFICATE,0,0,0,139,0,0,0,0,0,,38.1,1.98588672511,0.23708745122,0.00659207829082,0.956935193127,0.24218298543,-0.160070102527,0.992943362556,0.11854372561,0.00329603914541,1.92550985104,0.444642119546,-0.280579866237,1.926482301121107,0.4413057695228776,-0.2773372154441545
38.05,0.3529218499032718,3.6096857069624395,2.576399477483178,1.9369045730478083,0.40034360658903845,-0.24315756431015503,1.9859058725985066,0.23691978845405584,0.006846825370096172,DEPTH_PROPOSAL_CERTIFIED,0.7529464491286175,0,32,0,0,133,FULL_MOTION_CERTIFICATE,0,0,0,139,0,0,0,0,0,,38.116666666,1.9858961873,0.237004628162,0.00671859406076,0.956935193127,0.24218298543,-0.160070102527,0.992948093649,0.118502314081,0.00335929703038,1.92462807344,0.447651502101,-0.283576861482,1.9255288333154716,0.4445599093636151,-0.28057986623699027
38.06666666666667,0.38518811685610616,3.6164177263935895,2.5722958169452146,1.9359760171693463,0.40392116586884363,-0.24621963227772015,1.9859157789167747,0.23683294441157166,0.006976782261598866,DEPTH_PROPOSAL_CERTIFIED,0.7363574009855991,0,32,0,0,134,FULL_MOTION_CERTIFICATE,0,0,0,139,0,0,0,0,0,,38.133333333,1.9859058726,0.236919788454,0.0068468253701,0.956935193127,0.24218298543,-0.160070102527,0.992952936299,0.118459894227,0.00342341268505,1.92381309713,0.450432901305,-0.286346811808,1.9246476354521145,0.4475673890824494,-0.2835768614819996
38.083333333333336,0.4174390520068747,3.623208364181901,2.568141490776533,1.9350561090462244,0.4074382672987116,-0.24925957012092065,1.9859259031332932,0.23674411713049534,0.007108464553993661,DEPTH_PROPOSAL_CERTIFIED,0.7230867502841705,0,32,0,0,134,FULL_MOTION_CERTIFICATE,0,0,0,139,0,0,0,0,0,,38.15,1.98591577892,0.236832944412,0.0069767822616,0.956935193127,0.24218298543,-0.160070102527,0.992957889458,0.118416472206,0.0034883911308,1.92305986144,0.453003588444,-0.288906917408,1.923833229944136,0.4503469047431028,-0.2863468118079689
38.1,0.44967486650793226,3.630056423015021,2.563937104825923,1.9341488700635643,0.4108835299872078,-0.2522631570366141,1.9859362412737525,0.23665333509385697,0.007241863326191188,DEPTH_PROPOSAL_CERTIFIED,0.7127905950804387,0,32,0,0,134,FULL_MOTION_CERTIFICATE,0,0,0,139,0,0,0,0,0,,38.15,1.98591577892,0.236832944412,0.0069767822616,0.956935193127,0.24218298543,-0.160070102527,0.992957889458,0.118416472206,0.0034883911308,1.92305986144,0.453003588444,-0.288906917408,1.9230805544751106,0.45291573478686376,-0.28890691740807695
38.11666666666667,0.48189611997555293,3.63695954370582,2.5596848702565933,1.9332752080573485,0.4141872414479619,-0.25513407415980516,1.9859467886557196,0.2365606329383735,0.007376962235943928,DEPTH_PROPOSAL_CERTIFIED,0.7026310444896655,0,32,0,0,134,FULL_MOTION_CERTIFICATE,0,0,0,140,0,0,0,0,0,,38.183333333,1.98593624127,0.236653335094,0.00724186332619,0.992973394328,0.118280316469,0.00368848111797,0.992968120637,0.118326667547,0.0036209316631,1.9224198381,0.45516719815,-0.290105116524,1.9226165315815165,0.4544925212691644,-0.29015926306273837
38.13333333333333,0.514103694509347,3.643914291276369,2.555388480330743,1.9324544720277537,0.41728485423296696,-0.2577833955510227,1.9859575363590298,0.23646608249414702,0.007513694739951241,DEPTH_PROPOSAL_CERTIFIED,0.6926064702176982,0,32,0,0,134,FULL_MOTION_CERTIFICATE,0,0,0,140,0,0,0,0,0,,38.2,1.98594678866,0.236560632938,0.00737696223594,0.99297876818,0.118233041247,0.00375684736998,0.992973394328,0.118280316469,0.00368848111797,1.92253382881,0.454756881319,-0.288745846201,1.9224414924666948,0.45507573021003145,-0.29010511652387855
38.15,0.5462987707980596,3.650916234389379,2.5510529964015465,1.9317045773228625,0.42011658678063757,-0.26012903575180374,1.9859684715545873,0.2363697901291425,0.007651947820104805,DEPTH_PROPOSAL_CERTIFIED,0.6827148551366988,0,32,0,0,134,FULL_MOTION_CERTIFICATE,0,0,0,140,0,0,0,0,0,,38.216666666,1.98595753636,0.236466082494,0.00751369473995,0.99297876818,0.118233041247,0.00375684736998,0.99297876818,0.118233041247,0.00375684736998,1.92293784677,0.453349464873,-0.286082944944,1.9225558619231884,0.4546637238622212,-0.28874584620133403
38.166666666666664,0.578482806177439,3.657960018601715,2.5466847423849863,1.9310421227628738,0.42262705274016665,-0.26209524099362463,1.9859795778085787,0.23627189429841136,0.007791565433154565,DEPTH_PROPOSAL_CERTIFIED,0.6729537104955758,0,32,0,0,134,FULL_MOTION_CERTIFICATE,0,0,0,140,0,0,0,0,0,,38.233333333,1.98596847155,0.236369790129,0.0076519478201,0.992984235777,0.118184895065,0.00382597391005,0.992984235777,0.118184895065,0.00382597391005,1.92363238998,0.450943033955,-0.282117990014,1.922960177131012,0.45325473744642353,-0.2860829449438408
38.18333333333333,0.6106575142895663,3.6650394339145422,2.5422912071196633,1.9304824867277512,0.4247649187696627,-0.26361211591940187,1.9859908353636602,0.23617256328365233,0.00793235170555338,DEPTH_PROPOSAL_CERTIFIED,0.6633200143409756,0,32,0,0,134,FULL_MOTION_CERTIFICATE,0,0,0,140,0,0,0,0,0,,38.25,1.98597957781,0.236271894298,0.00779156543315,0.992989788904,0.118135947149,0.00389578271658,0.992989788904,0.118135947149,0.00389578271658,1.92461800248,0.447535490299,-0.276852715909,1.9236549270992571,0.45084688432951636,-0.28211799001388554
38.2,0.6428248463426677,3.6721474769721376,2.537880953925059,1.9300399231853713,0.4264825834555727,-0.26461519167617853,1.9860022213987796,0.23607199310785232,0.008074073891044404,DEPTH_PROPOSAL_CERTIFIED,0.6538101694005676,0,32,0,0,134,FULL_MOTION_CERTIFICATE,0,0,0,140,0,0,0,0,0,,38.25,1.98597957781,0.236271894298,0.00779156543315,0.992989788904,0.118135947149,0.00389578271658,0.992989788904,0.118135947149,0.00389578271658,1.92461800248,0.447535490299,-0.276852715909,1.9246406479683378,0.44743809262366635,-0.27685271590884886
38.21666666666667,0.6749869738706541,3.679276408235351,2.5334635367451765,1.9297276516792958,0.4277358757928401,-0.2650450307929449,1.9860137102686564,0.23597040561475865,0.008216465111723404,DEPTH_PROPOSAL_CERTIFIED,0.6444199787608687,0,32,0,0,135,FULL_MOTION_CERTIFICATE,0,0,0,140,0,0,0,0,0,,38.283333333,1.9860022214,0.236071993108,0.00807407389104,0.993006855134,0.117985202807,0.00410823255586,0.993001110699,0.118035996554,0.00403703694552,1.92746481845,0.437707368324,-0.262429233924,1.925917939305176,0.4430260423075031,-0.2702890680174949
38.233333333333334,0.7071462727473238,3.686417804421114,2.5290494223391184,1.9295579326002912,0.4284837711458195,-0.26484686436349025,1.9860252737238706,0.23586804670332842,0.00835922690098195,DEPTH_PROPOSAL_CERTIFIED,0.6351446377470036,0,32,0,0,135,FULL_MOTION_CERTIFICATE,0,0,0,140,0,0,0,0,0,,38.3,1.98601371027,0.235970405615,0.00821646511172,0.993006855134,0.117985202807,0.00410823255586,0.993006855134,0.117985202807,0.00410823255586,1.92932754576,0.431280929251,-0.253275920496,1.9274873598364342,0.4376080944521683,-0.2624292339241432
38.25,0.739305308912352,3.693562606290356,2.5246499177106716,1.9295421699018076,0.42868811215454655,-0.2639702777068373,1.9860368811124762,0.23576518470780355,0.00850203156445034,DEPTH_PROPOSAL_CERTIFIED,0.6259787406400923,0,32,0,0,135,FULL_MOTION_CERTIFICATE,0,0,0,140,0,0,0,0,0,,38.316666666,1.98602527372,0.235868046703,0.00835922690098,0.993012636862,0.117934023352,0.00417961345049,0.993012636862,0.117934023352,0.00417961345049,1.93148447937,0.423841262101,-0.242832418485,1.9293498649803074,0.4311810724610169,-0.25327592049567027
38.266666666666666,0.7714668252401402,3.7007011619161387,2.5202771022984143,1.929690979667401,0.4283133375469779,-0.2623689247354564,1.9860484995629168,0.23566210892306738,0.008644524383673722,DEPTH_PROPOSAL_CERTIFIED,0.6169163009025915,0,32,0,0,135,FULL_MOTION_CERTIFICATE,0,0,0,140,0,0,0,0,0,,38.333333333,1.98603688111,0.235765184708,0.00850203156445,0.993018440556,0.117882592354,0.00425101578223,0.993018440556,0.117882592354,0.00425101578223,1.93393693672,0.41538324547,-0.231103066307,1.9315064588076423,0.4237410873346407,-0.2428324184846089
38.28333333333333,0.8036337297972702,3.707823265142908,2.5159437639801325,1.9300142734279122,0.4273261936061822,-0.2600002990969245,1.9860600941487019,0.23555912826963424,0.008786325676878532,DEPTH_PROPOSAL_CERTIFIED,0.6084988604571302,0,32,0,0,135,FULL_MOTION_CERTIFICATE,0,0,0,140,0,0,0,0,0,,38.35,1.98604849956,0.235662108923,0.00864452438367,0.993024249781,0.117831054462,0.00432226219184,0.993024249781,0.117831054462,0.00432226219184,1.93668681338,0.405899503917,-0.218094179783,1.9339584573061483,0.4152830375284737,-0.23110306630683344
38.3,0.8358090857212714,3.714918188285127,2.511663337428662,1.9305213554401823,0.4256953885331565,-0.25682559308825814,1.9860716280333464,0.23545657010863846,0.008927032746042608,DEPTH_PROPOSAL_CERTIFIED,0.6044977812650163,0,32,0,0,136,FULL_MOTION_CERTIFICATE,0,0,0,140,0,0,0,0,0,,38.366666666,1.98606009415,0.23555912827,0.00878632567688,0.993024249781,0.117831054462,0.00432226219184,0.993030047074,0.117779564135,0.00439316283844,1.93973781518,0.395377259313,-0.2038169837,1.9367077559898795,0.40579956664224226,-0.21809417978252585
38.31666666666667,0.8679961041534706,3.7219747055263026,2.507449840939548,1.9312211059312345,0.42339103447037985,-0.2528097893467487,1.9860830625915524,0.23535477923771572,0.00906622175584071,DEPTH_PROPOSAL_CERTIFIED,0.6006186595600005,0,32,0,0,136,FULL_MOTION_CERTIFICATE,0,0,0,140,0,0,0,0,0,,38.383333333,1.98607162803,0.235456570109,0.00892703274604,0.993035814017,0.117728285054,0.00446351637302,0.993035814017,0.117728285054,0.00446351637302,1.94309781099,0.38378296779,-0.188301635896,1.939758061922069,0.3952779149045155,-0.2038169837003531
38.333333333333336,0.9001981429642003,3.7289810883253693,2.5033177941391367,1.9321223286438909,0.42038296794401525,-0.2479228080247058,1.9860943574922323,0.2352541171834325,0.009203449666384573,DEPTH_PROPOSAL_CERTIFIED,0.5968528831197095,0,32,0,0,136,FULL_MOTION_CERTIFICATE,0,0,0,140,0,0,0,0,0,,38.4,1.98608306259,0.235354779238,0.00906622175584,0.993041531296,0.117677389619,0.00453311087792,0.993041531296,0.117677389619,0.00453311087792,1.94635426951,0.372538407826,-0.173349525169,1.9431172457383001,0.38368455632236476,-0.1883016358957787
38.35,0.9324181748600422,3.735926938726598,2.4992799055241495,1.9332019137506196,0.4167510240737313,-0.2422733168992423,1.9861054706706445,0.23515496238133313,0.009338256773704789,DEPTH_PROPOSAL_CERTIFIED,0.593191668697473,0,32,0,0,136,FULL_MOTION_CERTIFICATE,0,0,0,140,0,0,0,0,0,,38.416666666,1.98609435749,0.235254117183,0.00920344966638,0.993047178746,0.117627058592,0.00460172483319,0.993047178746,0.117627058592,0.00460172483319,1.94936488212,0.362138083193,-0.159519754901,1.9463728520527088,0.3724413088562647,-0.1733495251685835
38.36666666666667,0.9646586369275667,3.7428037128899456,2.495346503729867,1.9344277240515786,0.41260644980089695,-0.2360041076569473,1.9861163649534954,0.23505765128756367,0.009470239441949971,DEPTH_PROPOSAL_CERTIFIED,0.5896262131301739,0,32,0,0,136,FULL_MOTION_CERTIFICATE,0,0,0,141,0,0,0,0,0,,38.433333333,1.98610547067,0.235154962381,0.0093382567737,0.993052735335,0.117577481191,0.00466912838685,0.993052735335,0.117577481191,0.00466912838685,1.95214826009,0.352518149606,-0.146727481033,1.9493826097232785,0.3620426436723147,-0.15951975490094344
38.38333333333333,0.9969214947227522,3.7496044999431266,2.4915258249489987,1.9357714677112356,0.408047223190885,-0.22924072685213215,1.98612700993812,0.2349624614378012,0.009599068150183175,DEPTH_PROPOSAL_CERTIFIED,0.5861478512258533,0,32,0,0,136,FULL_MOTION_CERTIFICATE,0,0,0,141,0,0,0,0,0,,38.45,1.98611636495,0.235057651288,0.00947023944195,0.993058182477,0.117528825644,0.00473511972097,0.993058182477,0.117528825644,0.00473511972097,1.95472160142,0.343619626828,-0.134894320155,1.9521651403590539,0.3524246585487357,-0.1467274810333822
38.4,1.0292082997174163,3.7563238237369387,2.4878242704190106,1.9372082996799582,0.4031594276287481,-0.22209327179929286,1.986137381165728,0.23486961840908166,0.009724478624353813,DEPTH_PROPOSAL_CERTIFIED,0.5827481766080236,0,32,0,0,136,FULL_MOTION_CERTIFICATE,0,0,0,141,0,0,0,0,0,,38.45,1.98611636495,0.235057651288,0.00947023944195,0.993058182477,0.117528825644,0.00473511972097,0.993058182477,0.117528825644,0.00473511972097,1.95472160142,0.343619626828,-0.134894320155,1.9547376496983755,0.3435283217706749,-0.13489432015464836
38.416666666666664,1.0615202407431528,3.762957465294586,2.4842466368738934,1.9387164615442936,0.3980184934588557,-0.2146580127070389,1.9861474593818091,0.2347793020661583,0.009846263885946381,DEPTH_PROPOSAL_CERTIFIED,0.579419131580861,0,32,0,0,136,FULL_MOTION_CERTIFICATE,0,0,0,141,0,0,0,0,0,,38.483333333,1.98613738117,0.234869618409,0.00972447862435,0.993068690583,0.117434809205,0.00486223931218,0.993068690583,0.117434809205,0.00486223931218,1.95930054006,0.327772992861,-0.113821159882,1.957116036289187,0.3352990965861641,-0.12394785178153503
38.43333333333333,1.0938581900139415,3.7695023039505027,2.4807963225873944,1.9402769562474336,0.39269031935502524,-0.20701885718995952,1.9861572298754586,0.2346916521609176,0.009964267129254415,DEPTH_PROPOSAL_CERTIFIED,0.576153071317903,0,32,0,0,136,FULL_MOTION_CERTIFICATE,0,0,0,141,0,0,0,0,0,,38.5,1.98614745938,0.234779302066,0.00984626388595,0.993073729691,0.117389651033,0.00492313194297,0.993073729691,0.117389651033,0.00492313194297,1.96133439763,0.320728016145,-0.104452415469,1.9593149916257433,0.3276865952882896,-0.11382115988158538
38.45,1.126222744253306,3.77595617536518,2.4774755113838745,1.941873254361147,0.38723228488048717,-0.1992486722111262,1.9861666818900257,0.23460677334707103,0.010078375347334455,DEPTH_PROPOSAL_CERTIFIED,0.5729428069732512,0,32,0,0,136,FULL_MOTION_CERTIFICATE,0,0,0,141,0,0,0,0,0,,38.516666666,1.98615722988,0.234691652161,0.00996426712925,0.993078614938,0.11734582608,0.00498213356463,0.993078614938,0.11734582608,0.00498213356463,1.96321491515,0.314210110043,-0.0957844853162,1.9613480913484425,0.3206442642911495,-0.10445241546939749
38.46666666666667,1.1586142614047756,3.782317744764779,2.4742853367799706,1.943491029088291,0.38169416397597217,-0.19141047623423957,1.9861758080981424,0.23452473966644566,0.010188513634275451,DEPTH_PROPOSAL_CERTIFIED,0.5697816316709394,0,32,0,0,136,FULL_MOTION_CERTIFICATE,0,0,0,141,0,0,0,0,0,,38.533333333,1.98616668189,0.234606773347,0.0100783753473,0.993083340945,0.117303386674,0.00503918767367,0.993083340945,0.117303386674,0.00503918767367,1.96495368539,0.308179554112,-0.0877645714692,1.9632278807594497,0.3141290889408853,-0.09578448531621683
38.483333333333334,1.1910328933599634,3.788586393908835,2.471226028217437,1.9451179173113786,0.3761189486433798,-0.18355851375203897,1.9861846041347575,0.23444559855820146,0.010294640097842967,DEPTH_PROPOSAL_CERTIFIED,0.5666633327510402,0,32,0,0,136,FULL_MOTION_CERTIFICATE,0,0,0,141,0,0,0,0,0,,38.55,1.9861758081,0.234524739666,0.0101885136343,0.993087904049,0.117262369833,0.00509425681714,0.993087904049,0.117262369833,0.00509425681714,1.96656142199,0.302599643815,-0.0803438830554,1.9649659536330493,0.30810132158574854,-0.0877645714691859
38.5,1.2234786150963282,3.7947621204334,2.468297041158308,1.9467433041819953,0.3705435914739327,-0.17573922354774543,1.9861930681823532,0.2343693744375304,0.01039674132269359,DEPTH_PROPOSAL_CERTIFIED,0.5655616035694941,0,32,0,0,136,FULL_MOTION_CERTIFICATE,0,0,0,141,0,0,0,0,0,,38.55,1.9861758081,0.234524739666,0.0101885136343,0.993087904049,0.117262369833,0.00509425681714,0.993087904049,0.117262369833,0.00509425681714,1.96656142199,0.302599643815,-0.0803438830554,1.9665730240035182,0.30252423400667366,-0.08034388305535839
38.516666666666666,1.2559512505818269,3.8008454483390706,2.4654971726534747,1.948358129130035,0.36499967434024694,-0.16799211029001418,1.986201200603086,0.23429607188593982,0.01049482833009281,DEPTH_PROPOSAL_CERTIFIED,0.5653464878126884,0,32,0,0,136,FULL_MOTION_CERTIFICATE,0,0,0,141,0,0,0,0,0,,38.583333333,1.98619306818,0.234369374438,0.0103967413227,0.993096534091,0.117184687219,0.00519837066135,0.993096534091,0.117184687219,0.00519837066135,1.96942265103,0.29265864926,-0.0671232322165,1.9680589934961201,0.2973638853092769,-0.07347732854568714
38.53333333333333,1.2884504957696736,3.8068373485095655,2.4628246638431786,1.9499547112709126,0.35951401022972196,-0.1603505286177753,1.9862090036130287,0.23422567849145276,0.010588932984912671,DEPTH_PROPOSAL_CERTIFIED,0.5652767239627547,0,32,0,0,136,FULL_MOTION_CERTIFICATE,0,0,0,141,0,0,0,0,0,,38.6,1.9862012006,0.234296071886,0.0104948283301,0.993100600302,0.117148035943,0.00524741416505,0.993100600302,0.117148035943,0.00524741416505,1.97069375329,0.288237241795,-0.0612430759968,1.9694330133896203,0.29258890808131277,-0.06712323221645516
38.55,1.3209759389750513,3.812739168255153,2.460277290705384,1.9515265923227672,0.3541091847352807,-0.15284238826770494,1.9862164809941685,0.23415816737346412,0.010679104805315826,DEPTH_PROPOSAL_CERTIFIED,0.5653517072166143,0,32,0,0,136,FULL_MOTION_CERTIFICATE,0,0,0,141,0,0,0,0,0,,38.616666666,1.98620900361,0.234225678491,0.0105889329849,0.993104501807,0.117112839246,0.00529446649246,0.993104501807,0.117112839246,0.00529446649246,1.971869151,0.28414545686,-0.0558012573523,1.970703541155393,0.2881703137030935,-0.061243075996840826
38.56666666666667,1.353527078899098,3.8185525689667013,2.4578524442480365,1.9530683954420898,0.34880404269276455,-0.14549078744077454,1.9862236378402336,0.23409349942362498,0.01076540813486716,DEPTH_PROPOSAL_CERTIFIED,0.5655705413108456,0,32,0,0,136,FULL_MOTION_CERTIFICATE,0,0,0,141,0,0,0,0,0,,38.633333333,1.98621648099,0.234158167373,0.0106791048053,0.993108240497,0.117079083687,0.00533955240266,0.993108240497,0.117079083687,0.00533955240266,1.97295606996,0.280358540914,-0.050764866179,1.9718783934978195,0.2840813097740934,-0.055801257352259534
38.583333333333336,1.386103340540062,3.8242794710534933,2.455547201226627,1.954575698457947,0.3436141252075543,-0.13831458128457902,1.9862304803327804,0.23403162529129642,0.010847919640452862,DEPTH_PROPOSAL_CERTIFIED,0.5659320790754909,0,32,0,0,136,FULL_MOTION_CERTIFICATE,0,0,0,141,0,0,0,0,0,,38.65,1.98622363784,0.234093499424,0.0107654081349,0.99311181892,0.117046749712,0.00538270406743,0.99311181892,0.117046749712,0.00538270406743,1.97396118876,0.276853613458,-0.046103481668,1.9729647952514067,0.28029713188798555,-0.050764866178988136
38.6,1.4187040892081375,3.829922005419659,2.453358386361299,1.9560449200846382,0.3385520619699699,-0.1313288919196904,1.9862370155443363,0.2339724871394094,0.010926726102873069,DEPTH_PROPOSAL_CERTIFIED,0.5664349609723318,0,32,0,0,136,FULL_MOTION_CERTIFICATE,0,0,0,141,0,0,0,0,0,,38.666666666,1.98623048033,0.234031625291,0.0108479196405,0.993115240166,0.117015812646,0.00542395982023,0.993115240166,0.117015812646,0.00542395982023,1.97489068051,0.273609523575,-0.0417889817415,1.9739694239302723,0.27679489047143635,-0.04610348166804414
38.61666666666667,1.4513286428401573,3.835482470802429,2.451282626938115,1.9574732179212968,0.33362792296619986,-0.12454556539103967,1.986243251265702,0.23391602019402524,0.01100192247024068,DEPTH_PROPOSAL_CERTIFIED,0.5670776512607776,0,32,0,0,136,FULL_MOTION_CERTIFICATE,0,0,0,142,0,0,0,0,0,,38.683333333,1.98623701554,0.233972487139,0.0109267261029,0.993118507772,0.11698624357,0.00546336305144,0.993118507772,0.11698624357,0.00546336305144,1.97575025136,0.270606717725,-0.037795367431,1.9748984515285335,0.27355342712020175,-0.04178898174149558
38.63333333333333,1.4839762827917966,3.840963296361012,2.4493164005931636,1.9588583970984685,0.328849533515002,-0.11797358069709683,1.9862491958548187,0.23386215410877748,0.011073610147044121,DEPTH_PROPOSAL_CERTIFIED,0.5678584715563075,0,32,0,0,136,FULL_MOTION_CERTIFICATE,0,0,0,142,0,0,0,0,0,,38.7,1.98624325127,0.233916020194,0.0110019224702,0.993121625633,0.116958010097,0.00550096123512,0.993121625633,0.116958010097,0.00550096123512,1.97654517561,0.267827119371,-0.0340986029706,1.9757575830599658,0.2705531822103849,-0.0377953674309893
38.65,1.5166462632668891,3.8463670089661184,2.4474560769978666,1.9601988285056635,0.32422275630640673,-0.11161941571781692,1.9862548581048385,0.23381081416333407,0.011141895494351274,DEPTH_PROPOSAL_CERTIFIED,0.5687756316473811,0,32,0,0,136,FULL_MOTION_CERTIFICATE,0,0,0,142,0,0,0,0,0,,38.716666666,1.98624919585,0.233862154109,0.011073610147,0.993124597927,0.116931077054,0.00553680507352,0.993124597927,0.116931077054,0.00553680507352,1.97728032863,0.265254016045,-0.0306764657501,1.976552091673442,0.26777607436154083,-0.0340986029705972
38.666666666666664,1.5493378195287253,3.851696204691225,2.4456979540969734,1.961493375710286,0.31975174350641117,-0.10548737405359519,1.9862602471293127,0.23376192231311715,0.011206888519085535,DEPTH_PROPOSAL_CERTIFIED,0.569827257517586,0,32,0,0,136,FULL_MOTION_CERTIFICATE,0,0,0,142,0,0,0,0,0,,38.733333333,1.9862548581,0.233810814163,0.0111418954944,0.993127429052,0.116905407082,0.00557094774718,0.993127429052,0.116905407082,0.00557094774718,1.97796021724,0.262871955249,-0.0275084080167,1.977286851606679,0.26520538734646176,-0.03067646575008562
38.68333333333333,1.5820501750239733,3.856953524055672,2.444038289486531,1.9627413297149876,0.3154391618668506,-0.09957987662655736,1.9862653722625925,0.23371539810592704,0.011268701732341858,DEPTH_PROPOSAL_CERTIFIED,0.5710114165846785,0,32,0,0,136,FULL_MOTION_CERTIFICATE,0,0,0,142,0,0,0,0,0,,38.75,1.98626024713,0.233761922313,0.0112068885191,0.993130123565,0.116880961157,0.00560344425954,0.993130123565,0.116880961157,0.00560344425954,1.9785890074,0.260666649679,-0.0245754309477,1.9779663685723496,0.26282566586420886,-0.027508408016691376
38.7,1.6147825475365722,3.862141630615544,2.4424733274590156,1.9639423507552105,0.3112863935921937,-0.09389772165088771,1.9862702429737544,0.23367115947959785,0.011327449158671758,DEPTH_PROPOSAL_CERTIFIED,0.574514316394303,0,32,0,0,136,FULL_MOTION_CERTIFICATE,0,0,0,142,0,0,0,0,0,,38.766666666,1.98626537226,0.233715398106,0.0112687017323,0.993132686131,0.116857699053,0.00563435086617,0.993132686131,0.116857699053,0.00563435086617,1.97917055017,0.258624888278,-0.0218599664594,1.9785948074459245,0.2606226206413996,-0.0245754309477457
38.71666666666667,1.6475341544778157,3.8672631925362495,2.440999322193106,1.965096416474719,0.3072937152423418,-0.08844031595456228,1.9862748687925214,0.23362912345337483,0.011383245480105775,DEPTH_PROPOSAL_CERTIFIED,0.5808031609173381,0,32,0,0,136,FULL_MOTION_CERTIFICATE,0,0,0,142,0,0,0,0,0,,38.783333333,1.98627024297,0.23367115948,0.0113274491587,0.993135121487,0.11683557974,0.00566372457934,0.993135121487,0.11683557974,0.00566372457934,1.97970840569,0.256734454241,-0.0193457682562,1.9791760182527238,0.2585830393741458,-0.02185996645938796
38.733333333333334,1.6803042174085256,3.8723208668173053,2.439612557517725,1.9662037758427071,0.30346045686336165,-0.08320588052287003,1.9862792592458236,0.23358920672452688,0.0114362053001988,DEPTH_PROPOSAL_CERTIFIED,0.5872185048327991,0,32,0,0,136,FULL_MOTION_CERTIFICATE,0,0,0,142,0,0,0,0,0,,38.8,1.98627486879,0.233629123453,0.0113832454801,0.993137434396,0.116814561727,0.00569162274005,0.993137434396,0.116814561727,0.00569162274005,1.98020586503,0.254984050358,-0.0170178126236,1.9797135601321603,0.25669470463980154,-0.01934576825622069
38.75,1.7130919658787964,3.8773172858739797,2.4383093636351463,1.9672649082163585,0.2997851434004961,-0.078191632954742,1.9862834238037763,0.23355132618056512,0.011486442514848427,DEPTH_PROPOSAL_CERTIFIED,0.5937589940390244,0,32,0,0,136,FULL_MOTION_CERTIFICATE,0,0,0,142,0,0,0,0,0,,38.816666666,1.98627925925,0.233589206725,0.0114362053002,0.993139629623,0.116794603362,0.0057181026501,0.993139629623,0.116794603362,0.0057181026501,1.98066597063,0.253363228935,-0.0148622052913,1.980210723174906,0.25494631915353416,-0.017017812623576233
38.766666666666666,1.7458966406630885,3.8822550462086935,2.437086131151132,1.9682804870576394,0.29626562008283724,-0.07339394904084763,1.9862873718339784,0.23351539933636853,0.011534069778010938,DEPTH_PROPOSAL_CERTIFIED,0.6004232869947843,0,32,0,0,136,FULL_MOTION_CERTIFICATE,0,0,0,142,0,0,0,0,0,,38.833333333,1.9862834238,0.233551326181,0.0114864425148,0.993141711902,0.11677566309,0.00574322125742,0.993141711902,0.11677566309,0.00574322125742,1.98109153527,0.251862327182,-0.0128660955691,1.9806705489212675,0.25332743560739673,-0.01486220529133272
38.78333333333333,1.7787174964602692,3.887136698932182,2.435939322724532,1.9692513478309515,0.29289916340931355,-0.06880850559602035,1.98629111256316,0.23348134470463927,0.011579198051565936,DEPTH_PROPOSAL_CERTIFIED,0.6072100636647704,0,32,0,0,136,FULL_MOTION_CERTIFICATE,0,0,0,142,0,0,0,0,0,,38.85,1.98628737183,0.233515399336,0.011534069778,0.993143685917,0.116757699668,0.00576703488901,0.993143685917,0.116757699668,0.00576703488901,1.98148515926,0.250472408378,-0.0110175981574,1.9810958492653612,0.25182839199232177,-0.012866095569124079
38.8,1.811553804120898,3.891964741919933,2.434865482615405,1.970178459637844,0.2896825792650859,-0.06443040654763808,1.986294655045306,0.23344908210726178,0.011621936229670251,DEPTH_PROPOSAL_CERTIFIED,0.6141180330297757,0,32,0,0,136,FULL_MOTION_CERTIFICATE,0,0,0,142,0,0,0,0,0,,38.866666666,1.98629111256,0.233481344705,0.0115791980516,0.993145556282,0.116740672352,0.00578959902578,0.993145556282,0.116740672352,0.00578959902578,1.98184924662,0.249185206636,-0.00930571972517,1.981489223681934,0.25044025270550624,-0.011017598157371179
38.81666666666667,1.844404852458007,3.8967416134101978,2.433861244383578,1.9710629002258053,0.28661228941579037,-0.060254293909570725,1.986298008135469,0.23341853293433965,0.01166239082896698,DEPTH_PROPOSAL_CERTIFIED,0.6211459392879057,0,32,0,0,136,FULL_MOTION_CERTIFICATE,0,0,0,142,0,0,0,0,0,,38.883333333,1.98629465505,0.233449082107,0.0116219362297,0.993147327523,0.116724541054,0.00581096811484,0.993147327523,0.116724541054,0.00581096811484,1.98218601999,0.247993075966,-0.00772029121203,1.9818530753989303,0.24915475325440017,-0.00930571972516927
38.833333333333336,1.877269949691677,3.9014696868699805,2.432923336963239,1.9719058340203095,0.2836844075869873,-0.05627444522036358,1.9863011804685897,0.23338962035703595,0.011700665736847334,DEPTH_PROPOSAL_CERTIFIED,0.628292566870992,0,32,0,0,136,FULL_MOTION_CERTIFICATE,0,0,0,142,0,0,0,0,0,,38.9,1.98629800814,0.233418532934,0.011662390829,0.993149004068,0.116709266467,0.00583119541448,0.993149004068,0.116709266467,0.00583119541448,1.98249753425,0.246888943896,-0.00625190617956,1.9821896263132623,0.24796424927558824,-0.007720291212033464
38.85,1.9101484245725227,3.9061512669743665,2.4320485893144155,1.9727084928508523,0.2808948062631666,-0.0524848589293938,1.9863041804426846,0.23336226949971048,0.011736862010771376,DEPTH_PROPOSAL_CERTIFIED,0.6355567443969021,0,32,0,0,136,FULL_MOTION_CERTIFICATE,0,0,0,142,0,0,0,0,0,,38.916666666,1.98630118047,0.233389620357,0.0117006657368,0.993150590234,0.116694810179,0.00585033286842,0.993150590234,0.116694810179,0.00585033286842,1.98278568926,0.245866267911,-0.00489186290696,1.9825009305834747,0.2468616701125515,-0.006251906179559676
38.86666666666667,1.9430396272242536,3.910788586559755,2.4312339338322873,1.973472159103967,0.2782391751233238,-0.04887932892769454,1.9863070162058685,0.2333364075762546,0.011771077722415885,DEPTH_PROPOSAL_CERTIFIED,0.6429373476725879,0,32,0,0,136,FULL_MOTION_CERTIFICATE,0,0,0,143,0,0,0,0,0,,38.933333333,1.98630418044,0.2333622695,0.0117368620108,0.993152090221,0.11668113475,0.00586843100539,0.993152090221,0.11668113475,0.00586843100539,1.98305224163,0.244918995285,-0.00363211099406,1.9827888873919666,0.24584047521723967,-0.004891862906960873
38.88333333333333,1.9759429297416564,3.915383804426489,2.430476408675833,1.974198151044283,0.2757130720040317,-0.04545150938726779,1.9863096956467068,0.23331196399504503,0.011803407841028603,DEPTH_PROPOSAL_CERTIFIED,0.6504333018564803,0,32,0,0,136,FULL_MOTION_CERTIFICATE,0,0,0,143,0,0,0,0,0,,38.95,1.98630701621,0.233336407576,0.0117710777224,0.993153508103,0.116668203788,0.00588553886121,0.993153508103,0.116668203788,0.00588553886121,1.98329881546,0.244041526502,-0.00246520273462,1.9830552527161371,0.24489461394866657,-0.0036321109940588505
38.9,2.0088577265759926,3.9199390038802946,2.429773159159091,1.974887810060292,0.2733119672283748,-0.04219497100449194,1.9863122263874597,0.23328887043647076,0.011833944150966497,DEPTH_PROPOSAL_CERTIFIED,0.6582307962944236,0,32,0,0,136,FULL_MOTION_CERTIFICATE,0,0,0,143,0,0,0,0,0,,38.966666666,1.98630969565,0.233311963995,0.011803407841,0.993154847823,0.116655981998,0.00590170392051,0.993154847823,0.116655981998,0.00590170392051,1.98352691244,0.24322868089,-0.00138424743122,1.9833016500556018,0.2440184889653589,-0.0024652027346241225
38.916666666666664,2.041783434736648,3.92445619191315,2.42912143833373,1.9755424896394431,0.271031281971352,-0.03910324952166863,1.9863146157798368,0.23326706090654808,0.011862775198958661,DEPTH_PROPOSAL_CERTIFIED,0.6668804683289711,0,32,0,0,136,FULL_MOTION_CERTIFICATE,0,0,0,143,0,0,0,0,0,,38.983333333,1.98631222639,0.233288870436,0.011833944151,0.993156113194,0.116644435218,0.00591697207548,0.993156113194,0.116644435218,0.00591697207548,1.98373792107,0.242475664931,-0.000382869261029,1.9835295805050883,0.24320692183567238,-0.0013842474312219782
38.93333333333333,2.074719493834685,3.928937298935087,2.4285186068773847,1.976163545882335,0.2688664213162179,-0.036169887380711224,1.9863168709029064,0.23324647176978766,0.011889986267082675,DEPTH_PROPOSAL_CERTIFIED,0.6760042334085228,0,32,0,0,136,FULL_MOTION_CERTIFICATE,0,0,0,143,0,0,0,0,0,,39,1.98631461578,0.233267060907,0.011862775199,0.99315730789,0.116633530453,0.00593138759948,0.99315730789,0.116633530453,0.00593138759948,1.98393312522,0.2417780434,0.000544831095403,1.9837404320456165,0.24245512132358032,-0.00038286926102862676
38.95,2.1076653659909805,3.933384178978733,2.4279621323888123,1.976752329376994,0.26681280261868046,-0.03338846931433789,1.9863189985628642,0.23322704176413273,0.011915659367882664,DEPTH_PROPOSAL_CERTIFIED,0.6855996633622881,0,32,0,0,136,FULL_MOTION_CERTIFICATE,0,0,0,143,0,0,0,0,0,,39.016666666,1.9863168709,0.23324647177,0.0118899862671,0.993158435451,0.116623235885,0.00594499313354,0.993158435451,0.116623235885,0.00594499313354,1.98411371201,0.241131712242,0.00140431251342,1.9839354880118314,0.2417586545087339,0.0005448310954032086
38.96666666666667,2.1406205356291643,3.9377986103065066,2.4274495881803255,1.9773101782911364,0.2648658796664408,-0.030752652509204573,1.9863210052943752,0.23320871200046434,0.011939873258472403,DEPTH_PROPOSAL_CERTIFIED,0.6956644820896465,0,32,0,0,136,FULL_MOTION_CERTIFICATE,0,0,0,143,0,0,0,0,0,,39.033333333,1.98631899856,0.233227041764,0.0119156593679,0.993159499281,0.116613520882,0.00595782968394,0.993159499281,0.116613520882,0.00595782968394,1.98428077918,0.240532873558,0.00220062668499,1.9841159350436757,0.24111341964911545,0.0014043125134239045
38.983333333333334,2.173584509171553,3.942182296358378,2.426978651647589,1.9778384125434245,0.2630211631122963,-0.028256191964189898,1.9863228973632618,0.2331914259489121,0.011962703470793026,DEPTH_PROPOSAL_CERTIFIED,0.7061965599187925,0,32,0,0,136,FULL_MOTION_CERTIFICATE,0,0,0,143,0,0,0,0,0,,39.05,1.98632100529,0.233208712,0.0119398732585,0.993160502647,0.116604356,0.00596993662924,0.993160502647,0.116604356,0.00596993662924,1.98443534176,0.239978012822,0.00293844840986,1.9842828704213409,0.24051562115173136,0.0022006266849909956
39.0,2.206556814653596,3.946536866985587,2.4265471022870417,1.9783383289227057,0.26127423763253643,-0.02589296163282264,1.9863246807703208,0.23317512941395904,0.011984222355516168,DEPTH_PROPOSAL_CERTIFIED,0.7171939076811473,0,32,0,0,137,FULL_MOTION_CERTIFICATE,0,0,0,143,0,0,0,0,0,,39.066666666,1.98632289736,0.233191425949,0.0119627034708,0.993161448682,0.116595712974,0.0059813517354,0.993161448682,0.116595712974,0.0059813517354,1.98457833839,0.239463877474,0.00362210406895,1.9844373087499374,0.2399617467794646,0.0029384484098596507
39.016666666666666,2.239537001271138,3.9508638799216276,2.426152819423593,1.9788111970526285,0.25962077616246665,-0.02365697180693107,1.9863263612560769,0.23315977050008843,0.01200449913738788,DEPTH_PROPOSAL_CERTIFIED,0.7286546705901509,0,32,0,0,137,FULL_MOTION_CERTIFICATE,0,0,0,143,0,0,0,0,0,,39.083333333,1.98632468077,0.233175129414,0.0119842223555,0.993162340385,0.116587564707,0.00599211117776,0.993162340385,0.116587564707,0.00599211117776,1.98471063706,0.238987457157,0.00425559789121,1.9845801882376874,0.23944854622761413,0.0036221040689477665
39.03333333333333,2.272524638872815,3.955164822447567,2.4257937797037026,1.9792582561007237,0.2580565515563756,-0.021542383193435946,1.9863279443063149,0.2331452995695367,0.012023599980044342,DEPTH_PROPOSAL_CERTIFIED,0.7405771220013455,0,32,0,0,137,FULL_MOTION_CERTIFICATE,0,0,0,143,0,0,0,0,0,,39.1,1.98632636126,0.2331597705,0.0120044991374,0.993163180628,0.11657988525,0.00600224956869,0.993163180628,0.11657988525,0.00600224956869,1.98483304041,0.238545965735,0.00484263587614,1.9847123764874846,0.2389730113620637,0.004255597891206153
39.05,2.305519317408424,3.9594411132142464,2.425468054401829,1.9796807121366589,0.25657744600077603,-0.01954351811240739,1.9863294351582432,0.2331316691935335,0.01204158805856388,DEPTH_PROPOSAL_CERTIFIED,0.7529596571201473,0,32,0,0,137,FULL_MOTION_CERTIFICATE,0,0,0,143,0,0,0,0,0,,39.116666666,1.98632794431,0.23314529957,0.01202359998,0.993164717579,0.116565834597,0.00602079402928,0.993163972153,0.116572649785,0.00601179999002,1.98494640365,0.238135791771,0.00538801101966,1.9848346757750681,0.2385323582224601,0.004842635876142494
39.06666666666667,2.3385206464854695,3.9636941028843324,2.425173808303405,1.9800797446220175,0.2551793802050693,-0.017654765905431708,1.9863308388071574,0.2331188340982339,0.012058523638241933,DEPTH_PROPOSAL_CERTIFIED,0.7658007852966704,0,32,0,0,137,FULL_MOTION_CERTIFICATE,0,0,0,143,0,0,0,0,0,,39.116666666,1.98632794431,0.23314529957,0.01202359998,0.993164717579,0.116565834597,0.00602079402928,0.993163972153,0.116572649785,0.00601179999002,1.98494640365,0.238135791771,0.00538801101966,1.984947940943391,0.23812297749745376,0.00538801101966244
39.083333333333336,2.3715282544501872,3.967925078977901,2.4249092930582665,1.9804564778831657,0.25385856561411785,-0.01587091470832887,1.9863321600089092,0.2331067511484171,0.012074464102817125,DEPTH_PROPOSAL_CERTIFIED,0.7790991266709972,0,32,0,0,138,FULL_MOTION_CERTIFICATE,0,0,0,143,0,0,0,0,0,,39.15,1.98633083881,0.233118834098,0.0120585236382,0.993165419404,0.116559417049,0.00602926181912,0.993165419404,0.116559417049,0.00602926181912,1.98514812271,0.237405338722,0.00635922549218,1.9850526236691732,0.23774462760450885,0.005892069896327058
39.1,2.404541787923362,3.97213526645845,2.424672846171967,1.980812008390607,0.2526112488329733,-0.014186813177987471,1.9863334032971314,0.23309537919559034,0.012089464160994719,DEPTH_PROPOSAL_CERTIFIED,0.7910411668589092,0,32,0,0,138,FULL_MOTION_CERTIFICATE,0,0,0,143,0,0,0,0,0,,39.166666666,1.98633216001,0.233106751148,0.0120744641028,0.993166080004,0.116553375574,0.00603723205141,0.993166080004,0.116553375574,0.00603723205141,1.9852378225,0.237079688161,0.00679219809688,1.9851494805813905,0.23739398410300896,0.006359225492178871
39.11666666666667,2.437560911156652,3.976325829892332,2.424462887936267,1.981147393997498,0.25143380603292387,-0.012597494142012904,1.9863345729854391,0.23308467906292626,0.012103575871811205,DEPTH_PROPOSAL_CERTIFIED,0.7919916115480796,0,32,0,0,138,FULL_MOTION_CERTIFICATE,0,0,0,144,0,0,0,0,0,,39.183333333,1.9863334033,0.233095379196,0.012089464161,0.993166701649,0.116547689598,0.0060447320805,0.993166701649,0.116547689598,0.0060447320805,1.98532082105,0.236777846567,0.00719350614006,1.9852390984015686,0.23706900387232005,0.006792198096878011
39.13333333333333,2.4705853053820603,3.9804978756361242,2.4242779183372862,1.9814636535246217,0.2503227446275513,-0.011098175938825304,1.986335673175142,0.23307461347935823,0.012116848736562604,DEPTH_PROPOSAL_CERTIFIED,0.7932477670600024,0,32,0,0,138,FULL_MOTION_CERTIFICATE,0,0,0,144,0,0,0,0,0,,39.2,1.98633457299,0.233084679063,0.0121035758718,0.993167286493,0.116542339531,0.00605178793591,0.993167286493,0.116542339531,0.00605178793591,1.98539762044,0.236498061144,0.00756548112718,1.9853220197555317,0.23676779548200463,0.0071935061400645265
39.15,2.5036146681591616,3.98465245403564,2.424116513961874,1.9817617666261953,0.24927470397095863,-0.009684262524733936,1.9863367077630174,0.2330651470125462,0.01212932979174045,DEPTH_PROPOSAL_CERTIFIED,0.7948100664209476,0,32,0,0,138,FULL_MOTION_CERTIFICATE,0,0,0,144,0,0,0,0,0,,39.216666666,1.98633567318,0.233074613479,0.0121168487366,0.993167836588,0.11653730674,0.00605842436828,0.993167836588,0.11653730674,0.00605842436828,1.98546868504,0.236238709059,0.00791028168986,1.985398746465392,0.23648860796052765,0.007565481127181811
39.166666666666664,2.536648712724162,3.988790561622352,2.4239773249200662,1.9820426739001407,0.24828645520273854,-0.008351342508477045,1.9863376804491177,0.2330562460012487,0.012141063702316782,DEPTH_PROPOSAL_CERTIFIED,0.7966790119677398,0,32,0,0,138,FULL_MOTION_CERTIFICATE,0,0,0,144,0,0,0,0,0,,39.233333333,1.98633670776,0.233065147013,0.0121293297917,0.993168353882,0.116532573506,0.00606466489587,0.993168353882,0.116532573506,0.00606466489587,1.98553444433,0.235998287687,0.00822990655245,1.9854697426422743,0.2362298202304525,0.007910281689858033
39.18333333333333,2.569687167344263,3.9929131432951204,2.42385907179879,1.9823072772061696,0.24735490036611027,-0.007095187276588421,1.986338594744535,0.23304787848756503,0.012152092854803075,DEPTH_PROPOSAL_CERTIFIED,0.7988551653481344,0,32,0,0,138,FULL_MOTION_CERTIFICATE,0,0,0,144,0,0,0,0,0,,39.25,1.98633768045,0.233056246001,0.0121410637023,0.993168840225,0.116528123001,0.00607053185116,0.993168840225,0.116528123001,0.00607053185116,1.98559529556,0.235775405737,0.00852620634246,1.9855354375397243,0.2359899313592447,0.008229906552453736
39.2,2.6027297746802214,3.997021094477125,2.4237605426593554,1.9825564401567832,0.24647707092019225,-0.0059117483660539915,1.9863394539791057,0.2330400141494488,0.01216245744959338,DEPTH_PROPOSAL_CERTIFIED,0.8013391385511628,0,32,0,0,138,FULL_MOTION_CERTIFICATE,0,0,0,144,0,0,0,0,0,,39.266666666,1.98633859474,0.233047878488,0.0121520928548,0.993169297372,0.116523939244,0.0060760464274,0.993169297372,0.116523939244,0.0060760464274,1.9856516061,0.235568774893,0.00880089470362,1.9855962281542685,0.2357675516799968,0.008526206342460272
39.21666666666667,2.6357762911594893,4.001115263239326,2.4236805900894534,1.9827909887561783,0.24565012573205972,-0.004797154194109062,1.9863402613090138,0.23303262423382606,0.012172195592184161,DEPTH_PROPOSAL_CERTIFIED,0.8036425284526647,0,32,0,0,139,FULL_MOTION_CERTIFICATE,0,0,0,144,0,0,0,0,0,,39.283333333,1.98633945398,0.233040014149,0.0121624574496,0.99316972699,0.116520007075,0.0060812287248,0.99316972699,0.116520007075,0.0060812287248,1.98570371579,0.235377202105,0.00905555855311,1.9856524816687988,0.23556139443684204,0.00880089470361992
39.233333333333334,2.66882648636218,4.005196452383272,2.423618128318475,1.983011712161543,0.24487134863677767,-0.0037477062587141074,1.9863410197242628,0.23302568149060707,0.012181343382920665,DEPTH_PROPOSAL_CERTIFIED,0.8050228944420661,0,32,0,0,139,FULL_MOTION_CERTIFICATE,0,0,0,144,0,0,0,0,0,,39.3,1.98634026131,0.233032624234,0.0121721955922,0.993170130655,0.116516312117,0.00608609779609,0.993170130655,0.116516312117,0.00608609779609,1.98575193893,0.235199582566,0.00929166742442,1.9857045377069908,0.23537026807433625,0.009055558553105119
39.25,2.701880142421217,4.009265421477442,2.4235721304031568,1.9832193635423334,0.24413814565025235,-0.002759874919082474,1.9863417320559962,0.23301916010783263,0.012189935004979384,DEPTH_PROPOSAL_CERTIFIED,0.8068257638569103,0,32,0,0,139,FULL_MOTION_CERTIFICATE,0,0,0,144,0,0,0,0,0,,39.316666666,1.98634101972,0.233025681491,0.0121813433829,0.993170509862,0.116512840745,0.00609067169146,0.993170509862,0.116512840745,0.00609067169146,1.98579656626,0.235034893097,0.00951058226101,1.9857527103879768,0.23519306921464292,0.009291667424424197
39.266666666666666,2.734937053438227,4.013322888842318,2.423541625489329,1.9834146610207188,0.2434480418925015,-0.0018302948296817145,1.9863424009836452,0.23301303564815065,0.012198002810353827,DEPTH_PROPOSAL_CERTIFIED,0.8090512002215391,0,32,0,0,139,FULL_MOTION_CERTIFICATE,0,0,0,144,0,0,0,0,0,,39.333333333,1.98634173206,0.233019160108,0.012189935005,0.993170866028,0.116509580054,0.00609496750249,0.993170866028,0.116509580054,0.00609496750249,1.9858378667,0.23488218605,0.00971356353355,1.985797290257021,0.23502877604794048,0.00951058226100825
39.28333333333333,2.7679970249161543,4.017369533480347,2.4235256961542424,1.9835982886757375,0.24279867828181928,-0.0009557601051944724,1.9863430290418949,0.23300728498678766,0.012205577403649427,DEPTH_PROPOSAL_CERTIFIED,0.8116992493111941,0,32,0,0,139,FULL_MOTION_CERTIFICATE,0,0,0,144,0,0,0,0,0,,39.35,1.98634240098,0.233013035648,0.0121980028104,0.993171200492,0.116506517824,0.00609900140518,0.993171200492,0.116506517824,0.00609900140518,1.985876089,0.234740583744,0.00990177863404,1.9858385460669667,0.23487644223149567,0.009713563533550535
39.3,2.8010598732093923,4.021405996947987,2.4235234758327153,1.983770897594383,0.24218780805840737,-0.00013321929161597124,1.9863436186274457,0.23300188625114707,0.012212687723534432,DEPTH_PROPOSAL_CERTIFIED,0.8142939658272266,0,32,0,0,140,FULL_MOTION_CERTIFICATE,0,0,0,144,0,0,0,0,0,,39.366666666,1.98634302904,0.233007284987,0.0122055774036,0.993171514521,0.116503642493,0.00610278870182,0.993171514521,0.116503642493,0.00610278870182,1.98591146324,0.234609273237,0.0100763088369,1.9858767264018595,0.23473519133278156,0.009901778634042359
39.31666666666667,2.834125424992049,4.0254328851675725,2.4235341463295326,1.983933106958652,0.2416132931750554,0.0006402298090279387,1.9863441720055721,0.23299681876213388,0.012219361121733484,DEPTH_PROPOSAL_CERTIFIED,0.802862028595889,0,32,0,0,140,FULL_MOTION_CERTIFICATE,0,0,0,144,0,0,0,0,0,,39.383333333,1.98634361863,0.233001886251,0.0122126877235,0.993171809314,0.116500943126,0.00610634386177,0.993171809314,0.116500943126,0.00610634386177,1.98594420229,0.234487501493,0.0102381557255,1.9859120612027346,0.23460421159816403,0.010076308836879867
39.333333333333336,2.867193516744662,4.029450770177496,2.4235569354196786,1.984085505156901,0.24107310059539608,0.0013673454087583135,1.9863446913164653,0.23299206297728683,0.012225623439475796,DEPTH_PROPOSAL_CERTIFIED,0.7917042969358972,0,32,0,0,140,FULL_MOTION_CERTIFICATE,0,0,0,144,0,0,0,0,0,,39.4,1.98634417201,0.232996818762,0.0122193611217,0.932631073742,0.352515479253,-0.0770202387507,0.993172086003,0.116498409381,0.00610968056087,1.98558503325,0.235893541667,0.00986150767756,1.985944763175539,0.23448275112355207,0.01023815572546943
39.35,2.9002635025093317,4.033462109713202,2.4235904494621843,1.9841991458802823,0.24068037214238386,0.0020108425503338064,1.9863451785813568,0.23298760043577404,0.012231499081337345,DEPTH_PROPOSAL_CERTIFIED,0.7808221519240766,0,32,0,0,140,FULL_MOTION_CERTIFICATE,0,0,0,144,0,0,0,0,0,,39.416666666,1.98634469132,0.232992062977,0.0122256234395,0.932631073742,0.352515479253,-0.0770202387507,0.993172345658,0.116496031489,0.00611281171974,1.98483398202,0.238827272926,0.00894600405065,1.9855855627055332,0.2358890850156343,0.009861507677555302
39.36666666666667,2.933334290479392,4.03747110411994,2.4236327200217356,1.9842472782037315,0.2405396644043006,0.002536233573084954,1.986345643008306,0.23298335033588483,0.012237032654440523,DEPTH_PROPOSAL_CERTIFIED,0.7702185671461856,0,32,0,0,140,FULL_MOTION_CERTIFICATE,0,0,0,145,0,0,0,0,0,,39.433333333,1.98634517858,0.232987600436,0.0122314990813,0.932631073742,0.352515479253,-0.0770202387507,0.993172589291,0.116493800218,0.00611574954067,1.98369107582,0.243288568171,0.00749126338651,1.984834492549812,0.23882302999968477,0.00894600405064935
39.38333333333333,2.9664043768189785,4.041483564103509,2.4236812469320617,1.9842051803753087,0.24074759901412787,0.002911614619556802,1.986346100465386,0.23297917409602237,0.012242287510566264,DEPTH_PROPOSAL_CERTIFIED,0.7598982791275848,0,32,0,0,140,FULL_MOTION_CERTIFICATE,0,0,0,145,0,0,0,0,0,,39.45,1.98634564301,0.232983350336,0.0122370326544,0.932631073742,0.352515479253,-0.0770202387507,0.993172821504,0.116491675168,0.00611851632722,1.98215634393,0.249277290885,0.00549687844369,1.9836915868685507,0.2432844012540205,0.007491263386513624
39.4,2.9994718769237614,4.0455067884936495,2.4237330380643876,1.9840500062870865,0.2413934634084186,0.0031074679395665995,1.986346572993632,0.23297487957207924,0.012247344399054704,DEPTH_PROPOSAL_CERTIFIED,0.7498679404351287,0,32,0,0,140,FULL_MOTION_CERTIFICATE,0,0,0,145,0,0,0,0,0,,39.466666666,1.98634610047,0.232979174096,0.0122422875106,0.932631073742,0.352515479253,-0.0770202387507,0.993173050233,0.116489587048,0.00612114375528,1.98022981808,0.256793293016,0.00296240913437,1.9821568824107747,0.24927300901876615,0.005496878443686276
39.416666666666664,3.032534554317782,4.049549451258601,2.4237846460416566,1.983760643641336,0.2425597658971203,0.003096478636142463,1.986347088356575,0.23297022495722366,0.01225230022234579,DEPTH_PROPOSAL_CERTIFIED,0.7401362569517695,0,32,0,0,140,FULL_MOTION_CERTIFICATE,0,0,0,145,0,0,0,0,0,,39.483333333,1.98634657299,0.232974879572,0.0122473443991,0.932631073742,0.352515479253,-0.0770202387507,0.993173286497,0.116487439786,0.00612367219953,1.97791153273,0.265836413715,-0.000112627469868,1.9802304193631808,0.25678865625928204,0.0029624091343679938
39.43333333333333,3.0655898473661747,4.053621497068121,2.4238322021172767,1.9833175829036658,0.24432274857116562,0.0028533645372022538,1.9863476796233739,0.23296492238812677,0.012257266886707453,DEPTH_PROPOSAL_CERTIFIED,0.7307141106553068,0,32,0,0,140,FULL_MOTION_CERTIFICATE,0,0,0,145,0,0,0,0,0,,39.5,1.98634708836,0.232970224957,0.0122523002223,0.932631073742,0.352515479253,-0.0770202387507,0.993173544178,0.116485112479,0.00612615011117,1.97520152671,0.276406471983,-0.00372876903183,1.9779122419040882,0.2658311371945199,-0.00011262746986848409
39.45,3.0986348939718127,4.057734044747809,2.4238714474181884,1.98270279633754,0.2467528607812007,0.002354718054699722,1.9863483847827705,0.23295864127982338,0.01226237024137899,DEPTH_PROPOSAL_CERTIFIED,0.7216146690731049,0,32,0,0,140,FULL_MOTION_CERTIFICATE,0,0,0,145,0,0,0,0,0,,39.516666666,1.98634767962,0.232964922388,0.0122572668867,0.932631073742,0.352515479253,-0.0770202387507,0.993173839812,0.116482461194,0.00612863344335,1.97209984431,0.288503261452,-0.00788662683536,1.9752024002308084,0.2764002297436167,-0.00372876903182873
39.46666666666667,3.1316665544102475,4.061899298020104,2.4238977617280772,1.9818996263061956,0.24991519633774256,0.0015788585933313366,1.9863492463852088,0.23295101140998314,0.012267749099944039,DEPTH_PROPOSAL_CERTIFIED,0.7128534824497839,0,32,0,0,140,FULL_MOTION_CERTIFICATE,0,0,0,145,0,0,0,0,0,,39.533333333,1.98634838478,0.23295864128,0.0122623702414,0.932631073742,0.352515479253,-0.0770202387507,0.993174192391,0.11647932064,0.00613118512069,1.96860653663,0.302126543629,-0.0125869146211,1.9721009519237938,0.2884956901275555,-0.007886626835363548
39.483333333333334,3.164681432446204,4.066130462971186,2.4239061899606753,1.9808926821575057,0.2538698970649412,0.0005056939558715425,1.9863503112106706,0.23294162577172056,0.01227355433850132,DEPTH_PROPOSAL_CERTIFIED,0.704448569541271,0,32,0,0,140,FULL_MOTION_CERTIFICATE,0,0,0,145,0,0,0,0,0,,39.55,1.98634924639,0.23295101141,0.0122677490999,0.932631073742,0.352515479253,-0.0770202387507,0.993174623193,0.116475505705,0.00613387454997,1.96472166601,0.317276028077,-0.0178304915551,1.9686079635434863,0.30211724593676753,-0.01258691462113875
39.5,3.1976758948674555,4.070441671708999,2.4238914664438904,1.9796677452751905,0.2586725242687964,-0.0008834110070831949,1.9863516299599187,0.23293004321269864,0.012279948066021732,DEPTH_PROPOSAL_CERTIFIED,0.6964204928257414,0,32,0,0,140,FULL_MOTION_CERTIFICATE,0,0,0,145,0,0,0,0,0,,39.55,1.98634924639,0.23295101141,0.0122677490999,0.932631073742,0.352515479253,-0.0770202387507,0.993174623193,0.116475505705,0.00613387454997,1.96472166601,0.317276028077,-0.0178304915551,1.964723515310946,0.31726457615583387,-0.01783049155513203
39.516666666666666,3.2306460895629523,4.074847911712416,2.4238480370825917,1.9782116817299178,0.2643744002050265,-0.002605761677924595,1.9863532569669324,0.23291579087749206,0.012287102863213918,DEPTH_PROPOSAL_CERTIFIED,0.688735810310567,0,32,0,0,140,FULL_MOTION_CERTIFICATE,0,0,0,145,0,0,0,0,0,,39.583333333,1.98635162996,0.232930043213,0.012279948066,0.932631073742,0.352515479253,-0.0770202387507,0.99317581498,0.116465021606,0.00613997403301,1.95577757753,0.352152013187,-0.0299522143094,1.960447706477589,0.3339372866270382,-0.02361843986219097
39.53333333333333,3.263587962268284,4.079364960380589,2.4237700793720105,1.9765123623200052,0.2710229200904265,-0.0046774626348571055,1.9863552499304435,0.23289836646909182,0.012295201087933727,DEPTH_PROPOSAL_CERTIFIED,0.6811317810589808,0,32,0,0,140,FULL_MOTION_CERTIFICATE,0,0,0,145,0,0,0,0,0,,39.6,1.98635325697,0.232915790877,0.0122871028632,0.932631073742,0.352515479253,-0.0770202387507,0.993176628483,0.116457895439,0.00614355143161,1.95071862299,0.371877287825,-0.0368339761669,1.9557806655190706,0.3521348626923117,-0.029952214309435284
39.55,3.2964972721130987,4.084009324234512,2.4236515200029296,1.9745585906889942,0.27866183123538724,-0.007113562144856932,1.9863576696624996,0.23287724034519347,0.012304434248299892,DEPTH_PROPOSAL_CERTIFIED,0.6736174941931701,0,32,0,0,140,FULL_MOTION_CERTIFICATE,0,0,0,145,0,0,0,0,0,,39.616666666,1.98635524993,0.232898366469,0.0122952010879,0.932631073742,0.352515479253,-0.0770202387507,0.993177624965,0.116449183235,0.00614760054397,1.94526873328,0.393125844413,-0.0442676028783,1.9507225767906604,0.37185654720391387,-0.03683397616685665
39.56666666666667,3.3293696061555695,4.088798181980813,2.423486048966256,1.9723400425475257,0.28733146477795246,-0.009928262200423588,1.9863605798517137,0.23285185746685758,0.012315002452236816,DEPTH_PROPOSAL_CERTIFIED,0.6662106686445723,0,32,0,0,140,FULL_MOTION_CERTIFICATE,0,0,0,145,0,0,0,0,0,,39.633333333,1.98635766966,0.232877240345,0.0123044342483,0.932631073742,0.352515479253,-0.0770202387507,0.993178834831,0.116438620173,0.00615221712415,1.93942875831,0.415893741763,-0.0522644522543,1.94527375522162,0.3931009939972057,-0.044267602878323056
39.583333333333336,3.3622003935321807,4.093749328592226,2.4232671231441607,1.9698472425967883,0.29706879668477953,-0.013135549325716353,1.9863640468377586,0.23282163922519197,0.012327113969498848,DEPTH_PROPOSAL_CERTIFIED,0.6589296572865544,0,32,0,0,140,FULL_MOTION_CERTIFICATE,0,0,0,145,0,0,0,0,0,,39.65,1.98636057985,0.232851857467,0.0123150024522,0.932631073742,0.352515479253,-0.0770202387507,0.993180289926,0.116425928733,0.00615750122612,1.93381007556,0.437798076803,-0.0599747573515,1.9394350831977896,0.41586424594807686,-0.05226445225429048
39.6,3.394985689354055,4.0988781198742235,2.4229890569078916,1.967117749312568,0.3077274769198545,-0.01668397417615084,1.986368139384492,0.23278598523978164,0.012340985136361723,DEPTH_PROPOSAL_CERTIFIED,0.6517903131650762,0,32,0,0,140,FULL_MOTION_CERTIFICATE,0,0,0,145,0,0,0,0,0,,39.666666666,1.98636404684,0.232821639225,0.0123271139695,0.932631073742,0.352515479253,-0.0770202387507,0.993182023419,0.116410819613,0.00616355698475,1.92858334641,0.458174387685,-0.0671471993987,1.9338179312450778,0.43776337578777724,-0.05997475735145423
39.61666666666667,3.4277223427413466,4.104196818381048,2.4226472744781598,1.9641992032376265,0.3191219104094983,-0.02050694578391666,1.9863729169628674,0.23274437508476087,0.012356804717810995,DEPTH_PROPOSAL_CERTIFIED,0.6448052655345693,0,32,0,0,140,FULL_MOTION_CERTIFICATE,0,0,0,146,0,0,0,0,0,,39.683333333,1.98636813938,0.23278598524,0.0123409851364,0.932631073742,0.352515479253,-0.0770202387507,0.993184069692,0.11639299262,0.00617049256818,1.92374857025,0.477022676763,-0.0737817792243,1.9285929411233387,0.4581339989831609,-0.06714719939866251
39.63333333333333,3.4604079366422393,4.109714827881316,2.422238225844589,1.961135634053666,0.33108057001604935,-0.024542918014251278,1.98637842721457,0.23269639031048275,0.012374725574437436,DEPTH_PROPOSAL_CERTIFIED,0.6379841062991676,0,32,0,0,140,FULL_MOTION_CERTIFICATE,0,0,0,146,0,0,0,0,0,,39.7,1.98637291696,0.232744375085,0.0123568047178,0.932631073742,0.352515479253,-0.0770202387507,0.993186458481,0.116372187542,0.00617840235891,1.91930574741,0.494342942814,-0.0798784963981,1.9237600900093461,0.4769762172159815,-0.07378177922433667
39.65,3.4930407322071,4.115438910045428,2.421759309056493,1.9579677338917427,0.3434449298467051,-0.028735007285757015,1.9863847068161877,0.23264170690351657,0.012394867316197766,DEPTH_PROPOSAL_CERTIFIED,0.6313335643444307,0,32,0,0,140,FULL_MOTION_CERTIFICATE,0,0,0,146,0,0,0,0,0,,39.716666666,1.98637842721,0.23269639031,0.0123747255744,0.932631073742,0.352515479253,-0.0770202387507,0.993189213607,0.116348195155,0.00618736278722,1.91521153546,0.510304155485,-0.0854968280752,1.9193193519162743,0.4942901197807146,-0.07987849639813016
39.666666666666664,3.5256195626536924,4.1213735980559445,2.421208723302754,1.954729826795661,0.3560812806310367,-0.033035145224347494,1.9863917822812402,0.23258008831466626,0.012417318756496923,DEPTH_PROPOSAL_CERTIFIED,0.624857886273432,0,32,0,0,140,FULL_MOTION_CERTIFICATE,0,0,0,146,0,0,0,0,0,,39.733333333,1.98638470682,0.232641706904,0.0123948673162,0.932631073742,0.352515479253,-0.0770202387507,0.993192353408,0.116320853452,0.0061974336581,1.91142749084,0.525056186312,-0.0906895288931,1.9152273602234604,0.5102447601998921,-0.08549682807515456
39.68333333333333,3.5581437413600097,4.12752155475285,2.4205853416100394,1.951450722379152,0.368877401814314,-0.03740290156289008,1.9863996715234575,0.2325113718895664,0.01244214264231952,DEPTH_PROPOSAL_CERTIFIED,0.618559167554074,0,32,0,0,140,FULL_MOTION_CERTIFICATE,0,0,0,146,0,0,0,0,0,,39.75,1.98639178228,0.232580088315,0.0124173187565,0.843467173967,0.535895348835,-0.03713894905,0.993195891141,0.116290044157,0.00620865937825,1.90690599108,0.541246198959,-0.0954746193641,1.9114456484977407,0.5249900802503065,-0.0906895288931129
39.7,3.5906117028275046,4.133887056827393,2.419888637041313,1.9480776880489687,0.38193012447248154,-0.04180227412358719,1.9864083852138408,0.23243545710717392,0.012469379756865543,DEPTH_PROPOSAL_CERTIFIED,0.6124404442388078,0,32,0,0,140,FULL_MOTION_CERTIFICATE,0,0,0,146,0,0,0,0,0,,39.766666666,1.98639967152,0.23251137189,0.0124421426423,0.843467173967,0.535895348835,-0.03713894905,0.993199835762,0.116255685945,0.00622107132116,1.90164142631,0.558864389891,-0.0998285073422,1.9069266692207503,0.5411733409020616,-0.09547461936407049
39.71666666666667,3.623021062221597,4.140475860126156,2.4191186670266034,1.9445615636456515,0.3953281979258332,-0.04619820088257283,1.9864179405790414,0.23235218756771972,0.012499051092600263,DEPTH_PROPOSAL_CERTIFIED,0.6031887917416605,0,32,0,0,140,FULL_MOTION_CERTIFICATE,0,0,0,146,0,0,0,0,0,,39.783333333,1.98640838521,0.232435457107,0.0124693797569,0.843467173967,0.535895348835,-0.03713894905,0.993204192607,0.116217728554,0.00623468987843,1.89562806845,0.577900024861,-0.103726388145,1.901664845925178,0.5587846940567331,-0.0998285073422009
39.733333333333334,3.6553686702537806,4.14729507399085,2.418276060411815,1.9408564819311445,0.4091528318815991,-0.05055639688729598,1.986428360862522,0.23226135544295246,0.012531158319815654,DEPTH_PROPOSAL_CERTIFIED,0.5928939940348836,0,32,0,0,140,FULL_MOTION_CERTIFICATE,0,0,0,146,0,0,0,0,0,,39.8,1.98641794058,0.232352187568,0.0124990510926,0.843467173967,0.535895348835,-0.03713894905,0.99320897029,0.116176093784,0.0062495255463,1.88886005172,0.598341255488,-0.107142015044,1.895654485014155,0.5778133661419543,-0.10372638814492176
39.75,3.6876506637336526,4.154353043717498,2.417362007309455,1.9369196087924165,0.42347818359892636,-0.054843186141603134,1.9864396748191326,0.23216270563096383,0.012565684166380018,DEPTH_PROPOSAL_CERTIFIED,0.5829361441766789,0,32,0,0,140,FULL_MOTION_CERTIFICATE,0,0,0,146,0,0,0,0,0,,39.816666666,1.98642836086,0.232261355443,0.0125311583198,0.843467173967,0.535895348835,-0.03713894905,0.993214180431,0.116130677721,0.00626557915991,1.88132734408,0.620165497149,-0.110028206556,1.8888897564999318,0.5982474745503292,-0.10714201504415358
39.766666666666666,3.719862507032141,4.161659228370942,2.4163782761510157,1.932710597909431,0.43837107920668283,-0.05902386950636252,1.9864519162396894,0.23205593964551285,0.012602592705656565,DEPTH_PROPOSAL_CERTIFIED,0.5733254468632221,0,32,0,0,140,FULL_MOTION_CERTIFICATE,0,0,0,146,0,0,0,0,0,,39.816666666,1.98642836086,0.232261355443,0.0125311583198,0.843467173967,0.535895348835,-0.03713894905,0.993214180431,0.116130677721,0.00626557915991,1.88132734408,0.620165497149,-0.110028206556,1.8813606651370054,0.6200644056213227,-0.11002820655643014
39.78333333333333,3.751999024293574,4.169224065338386,2.4153272668477794,1.9281910356860759,0.4538902180466567,-0.06306055819419387,1.9864651234644146,0.23194071963637736,0.01264182874696002,DEPTH_PROPOSAL_CERTIFIED,0.5640735606877658,0,32,0,0,140,FULL_MOTION_CERTIFICATE,0,0,0,146,0,0,0,0,0,,39.85,1.98645191624,0.232055939646,0.0126025927057,0.843467173967,0.535895348835,-0.03713894905,0.99322595812,0.116027969823,0.00630129635283,1.86390609686,0.66777891718,-0.113877308901,1.8730523765611407,0.6432237118943496,-0.11230816018573934
39.8,3.7840544263369216,4.177058816868117,2.4142120949805195,1.9233241226009716,0.47008509178388347,-0.06691031203560383,1.986479338854678,0.2318166728212881,0.012683316031278247,DEPTH_PROPOSAL_CERTIFIED,0.5551935584872574,0,32,0,0,140,FULL_MOTION_CERTIFICATE,0,0,0,146,0,0,0,0,0,,39.866666666,1.98646512346,0.231940719636,0.012641828747,0.843467173967,0.535895348835,-0.03713894905,0.993232561732,0.115970359818,0.00632091437348,1.85398236995,0.693393303165,-0.114580310067,1.863947782962696,0.667662551378062,-0.11387730890080823
39.81666666666667,3.8160223343812114,4.185175366192561,2.413036733721805,1.918074482656687,0.4869929594664405,-0.07052167552284878,1.9864946082025103,0.23168339650082104,0.012726954396048356,DEPTH_PROPOSAL_CERTIFIED,0.5466998312940743,0,32,0,0,140,FULL_MOTION_CERTIFICATE,0,0,0,146,0,0,0,0,0,,39.883333333,1.98647933885,0.231816672821,0.0126833160313,0.843467173967,0.535895348835,-0.03713894905,0.993239669427,0.115908336411,0.00634165801564,1.84323949117,0.71992300642,-0.114156827233,1.8540288753364385,0.6932689451935535,-0.1145803100672196
39.833333333333336,3.847895819181852,4.193585851694521,2.4118062775745677,1.9124090880385407,0.5046291301176249,-0.07382736883423614,1.9865109799599658,0.2315404647226028,0.01277261502344907,DEPTH_PROPOSAL_CERTIFIED,0.5386078224145467,0,32,0,0,140,FULL_MOTION_CERTIFICATE,0,0,0,146,0,0,0,0,0,,39.9,1.9864946082,0.231683396501,0.012726954396,0.843467173967,0.535895348835,-0.03713894905,0.993247304101,0.11584169825,0.00636347719802,1.83184816201,0.746527648802,-0.112199827451,1.8432912736971532,0.7197904120620879,-0.11415682723316439
39.85,3.87966765822668,4.20230158648824,2.4105273713533197,1.9063103426897703,0.5229440876231355,-0.07673437327488013,1.9865285038710696,0.23138744030791222,0.012820131649988877,DEPTH_PROPOSAL_CERTIFIED,0.5309330334369744,0,32,0,0,140,FULL_MOTION_CERTIFICATE,0,0,0,146,0,0,0,0,0,,39.916666666,1.98651097996,0.231540464723,0.0127726150234,0.843467173967,0.535895348835,-0.03713894905,0.99325548998,0.115770232361,0.00638630751172,1.82076892299,0.77164857571,-0.109550750743,1.8319056494347652,0.7463865691903785,-0.11219982745073896
39.86666666666667,3.9113319302257255,4.211330107182697,2.40920716837588,1.8998563199428584,0.5417112416674543,-0.07921217864639503,1.9865472268308748,0.2312239110478371,0.012869286316752455,DEPTH_PROPOSAL_CERTIFIED,0.5236881859686418,0,32,0,0,140,FULL_MOTION_CERTIFICATE,0,0,0,146,0,0,0,0,0,,39.916666666,1.98651097996,0.231540464723,0.0127726150234,0.843467173967,0.535895348835,-0.03713894905,0.99325548998,0.115770232361,0.00638630751172,1.82076892299,0.77164857571,-0.109550750743,1.8208324237678581,0.7714987231894408,-0.10955075074302137
39.88333333333333,3.942885771600327,4.220671277554841,2.4078528132778896,1.8932304824762183,0.5604702223286875,-0.08126130587941456,1.9865671807498069,0.23104959208022063,0.012919843935886372,DEPTH_PROPOSAL_CERTIFIED,0.5168790669948841,0,32,0,0,140,FULL_MOTION_CERTIFICATE,0,0,0,147,0,0,0,0,0,,39.95,1.98654722683,0.231223911048,0.0128692863168,0.843467173967,0.535895348835,-0.03713894905,0.993273613415,0.115611955524,0.00643464315838,1.80048861111,0.817261382618,-0.104335637265,1.8103711593894158,0.7950604076771937,-0.10688663947710497
39.9,3.9743268049829896,4.230324852195384,2.406470368303574,1.886462002959857,0.5792144784326092,-0.08294669845894846,1.9865883668906827,0.23086446005357827,0.012971569634337581,DEPTH_PROPOSAL_CERTIFIED,0.5105121078375995,0,32,0,0,140,FULL_MOTION_CERTIFICATE,0,0,0,147,0,0,0,0,0,,39.95,1.98654722683,0.231223911048,0.0128692863168,0.843467173967,0.535895348835,-0.03713894905,0.993273613415,0.115611955524,0.00643464315838,1.80048861111,0.817261382618,-0.104335637265,1.8005647491431114,0.8170936240032932,-0.10433563726494433
39.916666666666664,4.005653046758953,4.2402905292930155,2.4050649874529495,1.879574506557923,0.5979406258579061,-0.08432285103746123,1.9866107854887156,0.23066849704454004,0.013024263937824878,DEPTH_PROPOSAL_CERTIFIED,0.5062521044882368,0,32,0,0,140,FULL_MOTION_CERTIFICATE,0,0,0,147,0,0,0,0,0,,39.983333333,1.98658836689,0.230864460054,0.0129715696343,0.843467173967,0.535895348835,-0.03713894905,0.993294183445,0.115432230027,0.00648578481717,1.78286734932,0.856788942341,-0.0997008387296,1.7914250460355248,0.8376067827417484,-0.10193550740971642
39.93333333333333,4.0368628307113195,4.250567983734907,2.4036410708519926,1.8725870371421267,0.6166472665135092,-0.0854349960574118,1.9866344360258625,0.2304616884990509,0.013077757084842984,DEPTH_PROPOSAL_CERTIFIED,0.5099220849600744,0,32,0,0,140,FULL_MOTION_CERTIFICATE,0,0,0,147,0,0,0,0,0,,40,1.98661078549,0.230668497045,0.0130242639378,0.843467173967,0.535895348835,-0.03713894905,0.993305392744,0.115334248522,0.00651213196891,1.77506539036,0.874279482257,-0.0976382587297,1.782956514526819,0.8566033763102916,-0.09970083872955757
39.95,4.067954748398008,4.261156887517449,2.402202390690012,1.8655150612006073,0.6353342269522789,-0.08632080971880927,1.9866593174196518,0.23024402187146709,0.013131903979794812,DEPTH_PROPOSAL_CERTIFIED,0.5139821230744186,0,32,0,0,140,FULL_MOTION_CERTIFICATE,0,0,0,147,0,0,0,0,0,,40.016666666,1.98663443603,0.230461688499,0.0130777570848,0.843467173967,0.535895348835,-0.03713894905,0.993317218013,0.11523084425,0.00653887854242,1.76793756968,0.890255907812,-0.0957511109459,1.775161152006769,0.8740850287869729,-0.09763825872972491
39.96666666666667,4.098927603123811,4.2720569222031965,2.4007521916944676,1.8583712835483117,0.6540020811449405,-0.08701193973265924,1.9866854281508262,0.23001548573757916,0.013186580075010267,DEPTH_PROPOSAL_CERTIFIED,0.5184348081127265,0,32,0,0,140,FULL_MOTION_CERTIFICATE,0,0,0,147,0,0,0,0,0,,40.033333333,1.98665931742,0.230244021871,0.0131319039798,0.843467173967,0.535895348835,-0.03713894905,0.99332965871,0.115122010936,0.0065659519899,1.76148443399,0.904718675114,-0.0940412012648,1.7680399497010015,0.8900525647078399,-0.09575111094593391
39.983333333333334,4.1297803744364705,4.283267786442696,2.3992932706857606,1.8511662787596752,0.6726518543700145,-0.08753526052241593,1.9867127663497075,0.22977606921642976,0.013241678086202446,DEPTH_PROPOSAL_CERTIFIED,0.5234906897884708,0,32,0,0,140,FULL_MOTION_CERTIFICATE,0,0,0,147,0,0,0,0,0,,40.05,1.98668542815,0.230015485738,0.013186580075,0.843467173967,0.535895348835,-0.03713894905,0.993342714075,0.115007742869,0.00659329003751,1.75570629043,0.917668038936,-0.0925095428466,1.761593429522637,0.9045064296826033,-0.09404120126480296
40.0,4.1605127613996125,4.2947877352949115,2.3978280690175535,1.8439432177886106,0.6911969311329758,-0.08791210009243225,1.986741329854986,0.22952576159159718,0.013297105393274566,DEPTH_PROPOSAL_CERTIFIED,0.5291639624507403,0,32,0,0,141,FULL_MOTION_CERTIFICATE,0,0,0,147,0,0,0,0,0,,40.066666666,1.98671276635,0.229776069216,0.0132416780862,0.843467173967,0.535895348835,-0.03713894905,0.993356383175,0.114888034608,0.0066208390431,1.750496295,0.929343997464,-0.0911283576938,1.7558218739416172,0.9174468676411168,-0.09250954284663154
40.016666666666666,4.191127314025101,4.306608084390595,2.3963588064180317,1.836873157529433,0.7092209457410482,-0.08815575597132362,1.9867711104712145,0.2292646022263686,0.013352781094737138,DEPTH_PROPOSAL_CERTIFIED,0.5352259733622304,0,32,0,0,141,FULL_MOTION_CERTIFICATE,0,0,0,147,0,0,0,0,0,,40.083333333,1.98674132985,0.229525761592,0.0132971053933,0.843467173967,0.535895348835,-0.03713894905,0.993370664927,0.114762880796,0.00664855269664,1.74568099588,0.940135414362,-0.089851807699,1.7506184223674612,0.9291139239595458,-0.09112835769379851
40.03333333333333,4.2216268873378775,4.3187196907340235,2.3948874023390556,1.829974398766695,0.7266963806057748,-0.08828424473857471,1.9868020723196143,0.22899286892019433,0.013408631928123173,DEPTH_PROPOSAL_CERTIFIED,0.5416696172478823,0,32,0,0,141,FULL_MOTION_CERTIFICATE,0,0,0,147,0,0,0,0,0,,40.1,1.98677111047,0.229264602226,0.0133527810947,0.814407975831,0.577114655664,-0.0606491807092,0.993385555236,0.114632301113,0.00667639054737,1.73999064837,0.952103024911,-0.0893681239009,1.7458095418612858,0.9398966859554515,-0.08985180769903807
40.05,4.252013015391457,4.331115589621557,2.3934146297257834,1.8231676832148453,0.7437539332520867,-0.08836635679632676,1.9868341775045788,0.2287108563103895,0.013464594515703457,DEPTH_PROPOSAL_CERTIFIED,0.5484903393900722,0,32,0,0,141,FULL_MOTION_CERTIFICATE,0,0,0,147,0,0,0,0,0,,40.116666666,1.98680207232,0.22899286892,0.0134086319281,0.814407975831,0.577114655664,-0.0606491807092,0.99340103616,0.11449643446,0.00670431596406,1.73342528139,0.96514199399,-0.0898141212736,1.7401257534822734,0.9518560755371046,-0.08936812390090186
40.06666666666667,4.282286011421399,4.343790697182369,2.39194002912706,1.8163797617958322,0.7605064536484313,-0.08847603592339134,1.9868673966033226,0.22841878320575823,0.013520643236764322,DEPTH_PROPOSAL_CERTIFIED,0.5556859110831578,0,32,0,0,141,FULL_MOTION_CERTIFICATE,0,0,0,147,0,0,0,0,0,,40.116666666,1.98680207232,0.22899286892,0.0134086319281,0.814407975831,0.577114655664,-0.0606491807092,0.99340103616,0.11449643446,0.00670431596406,1.73342528139,0.96514199399,-0.0898141212736,1.7335671204839043,0.9648872024837534,-0.0898141212735787
40.083333333333336,4.312445103473843,4.356741319190348,2.3904616616200625,1.8095455231467497,0.7770373204787929,-0.08870205041985518,1.9869017074537836,0.22811680254596278,0.013576793194495885,DEPTH_PROPOSAL_CERTIFIED,0.5632560836873997,0,32,0,0,142,FULL_MOTION_CERTIFICATE,0,0,0,147,0,0,0,0,0,,40.15,1.9868673966,0.228418783206,0.0135206432368,0.814407975831,0.577114655664,-0.0606491807092,0.993433698302,0.114209391603,0.00676032161838,1.71865518919,0.992252952868,-0.0937199526357,1.726167811627939,0.978713895809218,-0.09145942727671416
40.1,4.342489631544024,4.36996333762376,2.388976958377944,1.8026716842109658,0.7933211060047499,-0.08908219452711481,1.9869370931600476,0.2278050178896095,0.013633108560216595,DEPTH_PROPOSAL_CERTIFIED,0.5712003512290154,0,32,0,0,142,FULL_MOTION_CERTIFICATE,0,0,0,148,0,0,0,0,0,,40.166666666,1.98690170745,0.228116802546,0.0135767931945,0.814407975831,0.577114655664,-0.0606491807092,0.993450853727,0.114058401273,0.00678839659725,1.71184918662,1.00452388862,-0.0958092259447,1.7188108491943983,0.9919832894214373,-0.09371995263568261
40.11666666666667,4.372419689892194,4.383451676570404,2.387483761409288,1.7958035008902844,0.8093003367986686,-0.08959181811935879,1.9869735349139241,0.2274835474496965,0.013689674626024564,DEPTH_PROPOSAL_CERTIFIED,0.5795168724750048,0,32,0,0,142,FULL_MOTION_CERTIFICATE,0,0,0,148,0,0,0,0,0,,40.183333333,1.98693709316,0.22780501789,0.0136331085602,0.814407975831,0.577114655664,-0.0606491807092,0.99346854658,0.113902508945,0.00681655428011,1.7055587899,1.01586520875,-0.097740221095,1.712011664377965,1.0042469524844886,-0.09580922594473565
40.13333333333333,4.4022360165114325,4.397200471041357,2.385980276053037,1.7889795971543956,0.8249276682572229,-0.09020912137508844,1.9870110099559908,0.22715254414332897,0.013746563311850993,DEPTH_PROPOSAL_CERTIFIED,0.5885245692152419,0,32,0,0,142,FULL_MOTION_CERTIFICATE,0,0,0,148,0,0,0,0,0,,40.2,1.98697353491,0.22748354745,0.013689674626,0.814407975831,0.577114655664,-0.0606491807092,0.993486767457,0.113741773725,0.00684483731301,1.69974493841,1.02634733795,-0.0995249287309,1.705727971576548,1.0155811120515963,-0.09774022109499066
40.15,4.431939895017268,4.4112032156979355,2.3844650283137603,1.782232710350256,0.8401646793947655,-0.09091486435659207,1.9870494922756894,0.22681218969583428,0.013803834695691852,DEPTH_PROPOSAL_CERTIFIED,0.6021642738382313,0,32,0,0,142,FULL_MOTION_CERTIFICATE,0,0,0,148,0,0,0,0,0,,40.216666666,1.98701100996,0.227152544143,0.0137465633119,0.814407975831,0.577114655664,-0.0606491807092,0.993505504978,0.113576272072,0.00687328165593,1.69437153053,1.03603536584,-0.101174431141,1.6999206913397475,1.026056215272797,-0.09952492873093696
40.166666666666664,4.461533067709813,4.425452895569848,2.3829368265760182,1.775590361552793,0.8549807923148253,-0.09169210426452246,1.9870889532296467,0.22646268943512526,0.01386153838924918,DEPTH_PROPOSAL_CERTIFIED,0.6160797260410085,0,32,0,0,142,FULL_MOTION_CERTIFICATE,0,0,0,148,0,0,0,0,0,,40.216666666,1.98701100996,0.227152544143,0.0137465633119,0.814407975831,0.577114655664,-0.0606491807092,0.993505504978,0.113576272072,0.00687328165593,1.69437153053,1.03603536584,-0.101174431141,1.694553706223741,1.0357373699395664,-0.1011744311412737
40.18333333333333,4.4910176586775865,4.439942100641917,2.381394727278832,1.7690754580665244,0.8693523043241738,-0.09252595783116979,1.9871293620863875,0.22610426770578335,0.013919714773613876,DEPTH_PROPOSAL_CERTIFIED,0.6301625872451344,0,32,0,0,142,FULL_MOTION_CERTIFICATE,0,0,0,148,0,0,0,0,0,,40.25,1.98708895323,0.226462689435,0.0138615383892,0.814407975831,0.577114655664,-0.0606491807092,0.993544476615,0.113231344718,0.00693076919462,1.68481510414,1.05326519983,-0.104108016075,1.689593635534042,1.0446847508382355,-0.10269897134426793
40.2,4.5203961059229645,4.454663125999198,2.379838004170731,1.7627068347220396,0.8832615214365074,-0.09340338648600789,1.987170686504843,0.22573716383907783,0.01397839610828379,DEPTH_PROPOSAL_CERTIFIED,0.6444064068927868,0,32,0,0,142,FULL_MOTION_CERTIFICATE,0,0,0,148,0,0,0,0,0,,40.266666666,1.98712936209,0.226104267706,0.0139197147736,0.814407975831,0.577114655664,-0.0606491807092,0.993564681043,0.113052133853,0.00695985738681,1.68057274427,1.06091399585,-0.105410314913,1.6850096299193547,1.05295397020691,-0.10410801607502845
40.21666666666667,4.549671101582237,4.469608059063563,2.3782661207994664,1.7564997395564643,0.8966959838619561,-0.09431300227589964,1.9872128929533555,0.2253616286214523,0.014037607525561898,DEPTH_PROPOSAL_CERTIFIED,0.6588044611428865,0,32,0,0,142,FULL_MOTION_CERTIFICATE,0,0,0,148,0,0,0,0,0,,40.283333333,1.9871706865,0.225737163839,0.0139783961083,0.814407975831,0.577114655664,-0.0606491807092,0.993585343252,0.11286858192,0.00698919805414,1.67665177506,1.06798333807,-0.106613954823,1.680773178536441,1.0605964254524411,-0.10541031491257973
40.233333333333334,4.578845539402609,4.484768855304729,2.3766787059224597,1.7504662692224464,0.9096477744700112,-0.09524489262041105,1.9872559470752749,0.22497792120927027,0.014097367921318446,DEPTH_PROPOSAL_CERTIFIED,0.6733498549010579,0,32,0,0,143,FULL_MOTION_CERTIFICATE,0,0,0,148,0,0,0,0,0,,40.3,1.98721289295,0.225361628621,0.0140376075256,0.814407975831,0.577114655664,-0.0606491807092,0.993606446477,0.112680814311,0.00701880376278,1.67302784897,1.07451712405,-0.107726409891,1.676857931147423,1.0676596198882922,-0.10661395482345096
40.25,4.607922468721319,4.500137403667959,2.37507553155395,1.744615759122708,0.9221129017938263,-0.09619046211058939,1.987299814006686,0.22458630644266767,0.01415769075209091,DEPTH_PROPOSAL_CERTIFIED,0.6880356090970781,0,32,0,0,143,FULL_MOTION_CERTIFICATE,0,0,0,148,0,0,0,0,0,,40.316666666,1.98725594708,0.224977921209,0.0140973679213,0.814407975831,0.577114655664,-0.0606491807092,0.993627973538,0.112488960605,0.00704868396066,1.66967846294,1.08055592588,-0.108754587996,1.6732395359058951,1.0741874551443806,-0.10772640989076582
40.266666666666666,4.636905054262199,4.515705582844118,2.373456493390131,1.7389551324528774,0.9340907505696013,-0.09714228982915571,1.9873444586512719,0.22418705251610585,0.014218584747550812,DEPTH_PROPOSAL_CERTIFIED,0.7028547349214462,0,32,0,0,143,FULL_MOTION_CERTIFICATE,0,0,0,148,0,0,0,0,0,,40.316666666,1.98725594708,0.224977921209,0.0140973679213,0.814407975831,0.577114655664,-0.0606491807092,0.993627973538,0.112488960605,0.00704868396066,1.66967846294,1.08055592588,-0.108754587996,1.6698954870809397,1.0802205056340648,-0.10875458799566545
40.28333333333333,4.665796541131523,4.53146530939548,2.3718215933777627,1.733489212159526,0.9455835930817235,-0.0980940007421002,1.9873898459168573,0.22378042896714118,0.014280054546567871,DEPTH_PROPOSAL_CERTIFIED,0.7178002965547519,0,32,0,0,143,FULL_MOTION_CERTIFICATE,0,0,0,148,0,0,0,0,0,,40.35,1.98734445865,0.224187052516,0.0142185847476,0.814407975831,0.577114655664,-0.0606491807092,0.993672229326,0.112093526258,0.00710929237378,1.66372169179,1.09129573319,-0.110583168408,1.6668049845806352,1.085796271729622,-0.10970487388002371
40.3,4.6946002244575515,4.547408578645702,2.370170924214301,1.7282209995618343,0.9565961550133926,-0.09904014980770366,1.9874359409177633,0.22336670494871902,0.01434210126433815,DEPTH_PROPOSAL_CERTIFIED,0.7328654637595213,0,32,0,0,144,FULL_MOTION_CERTIFICATE,0,0,0,148,0,0,0,0,0,,40.366666666,1.98738984592,0.223780428967,0.0142800545466,0.814407975831,0.577114655664,-0.0606491807092,0.993694922958,0.111890214484,0.00714002727328,1.66107731764,1.09606342831,-0.111394925422,1.6639488058699918,1.0909494105797632,-0.11058316840806652
40.31666666666667,4.7233194231701825,4.563527499155722,2.3685046555866793,1.7231519227572398,0.9671352306008071,-0.09997611765725885,1.9874827091466953,0.22294614775385127,0.014404722997329584,DEPTH_PROPOSAL_CERTIFIED,0.7480435555649358,0,32,0,0,144,FULL_MOTION_CERTIFICATE,0,0,0,148,0,0,0,0,0,,40.383333333,1.98743594092,0.223366704949,0.0143421012643,0.814407975831,0.577114655664,-0.0606491807092,0.993717970459,0.111683352474,0.00717105063217,1.65863327471,1.10046993469,-0.11214518574,1.661309185741213,1.0957119527672121,-0.1113949254218275
40.333333333333336,4.751957457466952,4.579814321523766,2.366823021974106,1.718282057806277,0.9772093420826797,-0.10089801675440564,1.987530116619537,0.22251902156446296,0.014467915272195899,DEPTH_PROPOSAL_CERTIFIED,0.7633280761424883,0,32,0,0,144,FULL_MOTION_CERTIFICATE,0,0,0,148,0,0,0,0,0,,40.4,1.98748270915,0.222946147754,0.0144047229973,0.814407975831,0.577114655664,-0.0606491807092,0.993741354573,0.111473073877,0.00720236149866,1.65637438656,1.10454261482,-0.112838608153,1.6588697054045272,1.100113502161534,-0.11214518573959721
40.35,4.780517629558624,4.59626146216964,2.3651263118572414,1.7136103255003563,0.9868284387525058,-0.1018026070119028,1.987578129996111,0.22208558639902493,0.01453167144423372,DEPTH_PROPOSAL_CERTIFIED,0.7787127438503956,0,32,0,0,144,FULL_MOTION_CERTIFICATE,0,0,0,149,0,0,0,0,0,,40.416666666,1.98753011662,0.222519021564,0.0144679152722,0.814407975831,0.577114655664,-0.0606491807092,0.99376505831,0.111259510782,0.0072339576361,1.65428662642,1.10830675834,-0.113479498527,1.6566151913681213,1.1041814181243914,-0.11283860815336884
40.36666666666667,4.809003207325825,4.612861522699083,2.363414858190484,1.7091346660321673,0.9960036317666336,-0.1026872200054399,1.9876267166796522,0.22164609723623993,0.014595983050419216,DEPTH_PROPOSAL_CERTIFIED,0.7931346681696394,0,32,0,0,144,FULL_MOTION_CERTIFICATE,0,0,0,149,0,0,0,0,0,,40.416666666,1.98753011662,0.222519021564,0.0144679152722,0.814407975831,0.577114655664,-0.0606491807092,0.99376505831,0.111259510782,0.0072339576361,1.65428662642,1.10830675834,-0.113479498527,1.65453162052026,1.1079409865390004,-0.11347949852659309
40.38333333333333,4.837417410555829,4.629607305382324,2.3616890300077786,1.7048521938003376,1.0047469609945467,-0.10354969096232303,1.9876758448974814,0.2212008032942315,0.014660840121606442,DEPTH_PROPOSAL_CERTIFIED,0.805460571047135,0,32,0,0,144,FULL_MOTION_CERTIFICATE,0,0,0,149,0,0,0,0,0,,40.45,1.98762671668,0.221646097236,0.0145959830504,0.768435333439,0.639810992058,-0.0122078975851,0.99381335834,0.110823048618,0.00729799152521,1.64959481667,1.11639238399,-0.113762562837,1.6526060325720116,1.1114155775750945,-0.11407183663629789
40.4,4.865762164005385,4.646493582096636,2.359950306784828,1.700685206973476,1.01317660285882,-0.10432339337703372,1.9877254837651217,0.22074994744678267,0.01472623145803637,DEPTH_PROPOSAL_CERTIFIED,0.8180215941861679,0,32,0,0,144,FULL_MOTION_CERTIFICATE,0,0,0,149,0,0,0,0,0,,40.466666666,1.9876758449,0.221200803294,0.0146608401216,0.768435333439,0.639810992058,-0.0122078975851,0.993837922449,0.110600401647,0.0073304200608,1.64600480545,1.12211076943,-0.112527784668,1.6498479676857591,1.116018233602962,-0.1137625628365049
40.416666666666664,4.8940382016478425,4.663516924943663,2.3582012244819643,1.696562258547499,1.0214005708216796,-0.10494493817182815,1.9877756105744364,0.22029370290322672,0.014792108254440798,DEPTH_PROPOSAL_CERTIFIED,0.8308145567432452,0,32,0,0,144,FULL_MOTION_CERTIFICATE,0,0,0,149,0,0,0,0,0,,40.483333333,1.98772548377,0.220749947447,0.014726231458,0.768435333439,0.639810992058,-0.0122078975851,0.993862741883,0.110374973723,0.00736311572902,1.64159343951,1.12892031107,-0.110337740125,1.6462622877505801,1.1217329799685711,-0.11252778466832067
40.43333333333333,4.922245165068824,4.6806755438164895,2.356445333085726,1.6924178052589638,1.0295171323696275,-0.10535348377431218,1.9878262100634376,0.21983217907123695,0.014858385834999951,DEPTH_PROPOSAL_CERTIFIED,0.8438378495570344,0,32,0,0,144,FULL_MOTION_CERTIFICATE,0,0,0,149,0,0,0,0,0,,40.5,1.98777561057,0.220293702903,0.0147921082544,0.768435333439,0.639810992058,-0.0122078975851,0.993887805287,0.110146851452,0.00739605412722,1.63637025451,1.13679176821,-0.107152173976,1.6418554751388303,1.128539183254599,-0.11033774012461772
40.45,4.950381698305723,4.697969125348461,2.3546871706159997,1.6881919942132984,1.037614891917884,-0.10548974818352536,1.9878772737200854,0.21936542718431237,0.014924945006373555,DEPTH_PROPOSAL_CERTIFIED,0.8570912889102573,0,32,0,0,144,FULL_MOTION_CERTIFICATE,0,0,0,149,0,0,0,0,0,,40.516666666,1.98782621006,0.219832179071,0.014858385835,0.768435333439,0.639810992058,-0.0122078975851,0.993913105032,0.109916089536,0.0074291929175,1.63035220505,1.14567592852,-0.102908119166,1.6366370994561998,1.1364075584065738,-0.10715217397592533
40.46666666666667,4.978445544860122,4.71539865885008,2.352932267778873,1.6838307932640821,1.0457720100971848,-0.1052941702276145,1.987928799100202,0.21889344588680604,0.014991632860662341,DEPTH_PROPOSAL_CERTIFIED,0.8705759518658662,0,32,0,0,144,FULL_MOTION_CERTIFICATE,0,0,0,149,0,0,0,0,0,,40.516666666,1.98782621006,0.219832179071,0.014858385835,0.768435333439,0.639810992058,-0.0122078975851,0.993913105032,0.109916089536,0.0074291929175,1.63035220505,1.14567592852,-0.102908119166,1.6306241416836407,1.145288851884661,-0.10290811916550201
40.483333333333334,5.006433675628794,4.732966179715168,2.3511872466544697,1.6792878461203968,1.0540512519053586,-0.10470126746420323,1.9879807891085133,0.21841618727665868,0.015058262549852444,DEPTH_PROPOSAL_CERTIFIED,0.8842939136253039,0,32,0,0,144,FULL_MOTION_CERTIFICATE,0,0,0,149,0,0,0,0,0,,40.55,1.9879287991,0.218893445887,0.0149916328607,0.768435333439,0.639810992058,-0.0122078975851,0.99396439955,0.109446722943,0.00749581643033,1.6170171881,1.16485491076,-0.0919336067778,1.623863890967434,1.155058001965087,-0.09746785375058534
40.5,5.034343538783887,4.75067310854921,2.3494583463137615,1.6745917893056663,1.0624157300426014,-0.10373402044250235,1.9880332509946985,0.217933565828893,0.015124609897550661,DEPTH_PROPOSAL_CERTIFIED,0.8982466641619236,0,32,0,0,144,FULL_MOTION_CERTIFICATE,0,0,0,149,0,0,0,0,0,,40.566666666,1.98798078911,0.218416187277,0.0150582625499,0.768435333439,0.639810992058,-0.0122078975851,0.993990394554,0.109208093638,0.00752913127493,1.61094548219,1.17354938567,-0.0868186212545,1.617299896165952,1.1644623633169684,-0.09193360677775078
40.516666666666666,5.062173404093334,4.768519858335531,2.3477508038003108,1.6697919185669834,1.0708049871792873,-0.10245255080704817,1.9880861893918578,0.21744551817548605,0.01519046328312354,DEPTH_PROPOSAL_CERTIFIED,0.9124347525320167,0,32,0,0,144,FULL_MOTION_CERTIFICATE,0,0,0,149,0,0,0,0,0,,40.583333333,1.98803325099,0.217933565829,0.0151246098976,0.768435333439,0.639810992058,-0.0122078975851,0.994016625497,0.108966782914,0.00756230494878,1.60533375364,1.18158518874,-0.0820911343354,1.6112334955550482,1.1731539242468625,-0.08681862125450623
40.53333333333333,5.089922253056063,4.786505978984987,2.3460689701460415,1.6649309377638073,1.0791672389674112,-0.10091001925616495,1.9881396046097612,0.2169520174806104,0.015255644635188815,DEPTH_PROPOSAL_CERTIFIED,0.9268579179193308,0,32,0,0,144,FULL_MOTION_CERTIFICATE,0,0,0,149,0,0,0,0,0,,40.6,1.98808618939,0.217445518175,0.0151904632831,0.768435333439,0.639810992058,-0.0122078975851,0.994043094696,0.108722759088,0.00759523164156,1.60014715606,1.18901221884,-0.0777217903719,1.6056269719650555,1.18118671078253,-0.08209113433538862
40.55,5.117589680970664,4.804630285762343,2.3444164145585455,1.6600456748761543,1.087458406641428,-0.0991533352497777,1.9881934932636158,0.21645306829235417,0.015320005582455895,DEPTH_PROPOSAL_CERTIFIED,0.9415389496895277,0,32,0,0,144,FULL_MOTION_CERTIFICATE,0,0,0,149,0,0,0,0,0,,40.616666666,1.98813960461,0.216952017481,0.0152556446352,0.768435333439,0.639810992058,-0.0122078975851,0.994069802305,0.10847600874,0.00762782231759,1.59535348282,1.19587659472,-0.0736834575636,1.6004454676467839,1.1886106522644373,-0.07772179037185187
40.56666666666667,5.145175809758561,4.822890973205085,2.342796017907521,1.6551677272732372,1.0956412465641039,-0.09722379906142745,1.9882478488324613,0.21594870196256102,0.015383423993847872,DEPTH_PROPOSAL_CERTIFIED,0.9565005918715455,0,32,0,0,144,FULL_MOTION_CERTIFICATE,0,0,0,149,0,0,0,0,0,,40.616666666,1.98813960461,0.216952017481,0.0152556446352,0.768435333439,0.639810992058,-0.0122078975851,0.994069802305,0.10847600874,0.00762782231759,1.59535348282,1.19587659472,-0.0736834575636,1.5956567665176729,1.1954718936207112,-0.07368345756356386
40.583333333333336,5.172681210473202,4.841285715997363,2.3412100565345764,1.6503240428785986,1.1036845675367306,-0.09515768237667947,1.9883026621542912,0.21543897257834072,0.015445800871031182,DEPTH_PROPOSAL_CERTIFIED,0.9716584545575555,0,32,0,0,144,FULL_MOTION_CERTIFICATE,0,0,0,149,0,0,0,0,0,,40.65,1.98824784883,0.215948701963,0.0153834239938,0.768435333439,0.639810992058,-0.0122078975851,0.994123924416,0.107974350981,0.00769171199692,1.58682809512,1.20808465792,-0.066501417568,1.5912310932640032,1.201813083402782,-0.06995105882275274
40.6,5.200106834530366,4.8598117581189815,2.339660277314168,1.6455374434298706,1.1115625272971799,-0.09298675322450398,1.9883579218642884,0.21492395335412076,0.015507057559855207,DEPTH_PROPOSAL_CERTIFIED,0.9870250141148018,0,32,0,0,144,FULL_MOTION_CERTIFICATE,0,0,0,150,0,0,0,0,0,,40.666666666,1.98830266215,0.215438972578,0.015445800871,0.768435333439,0.639810992058,-0.0122078975851,0.994151331077,0.107719486289,0.00772290043552,1.58304344162,1.21350415211,-0.0633131129684,1.5871409301553867,1.2076736363746676,-0.06650141756796124
40.61666666666667,5.2274539527815245,4.878465991468735,2.3381479648112546,1.6408270950696469,1.1192540009852536,-0.09073875017479859,1.98841361478194,0.21440373343807412,0.015567133250354095,DEPTH_PROPOSAL_CERTIFIED,1.0055738559759226,0,32,0,0,144,FULL_MOTION_CERTIFICATE,0,0,0,150,0,0,0,0,0,,40.683333333,1.98835792186,0.214923953354,0.0155070575599,0.768435333439,0.639810992058,-0.0122078975851,0.994178960932,0.107461976677,0.00775352877993,1.57954550407,1.21851307888,-0.0603663464096,1.5833608450749126,1.213089979979758,-0.0633131129683911
40.63333333333333,5.254724101635967,4.897245025046641,2.3366740013029945,1.636208931266625,1.1267420146744216,-0.08843781049561653,1.988469726252243,0.21387841509094052,0.015625982737636896,DEPTH_PROPOSAL_CERTIFIED,1.0225666228278432,0,32,0,0,144,FULL_MOTION_CERTIFICATE,0,0,0,150,0,0,0,0,0,,40.7,1.98841361478,0.214403733438,0.0155671332504,0.768435333439,0.639810992058,-0.0122078975851,0.994206807391,0.107201866719,0.00778356662518,1.57631256179,1.22314254149,-0.0576428197461,1.5798673328697554,1.2180957816822762,-0.06036634640959359
40.65,5.281919035514941,4.916145245671964,2.335238920358812,1.6316960327385333,1.1340132375194247,-0.08610485665095471,1.9885262404457156,0.2133481111992456,0.01568357441854095,DEPTH_PROPOSAL_CERTIFIED,1.0380071375767543,0,32,0,0,144,FULL_MOTION_CERTIFICATE,0,0,0,150,0,0,0,0,0,,40.716666666,1.98846972625,0.213878415091,0.0156259827376,0.768435333439,0.639810992058,-0.0122078975851,0.994234863126,0.106939207545,0.00781299136882,1.57332453957,1.22742128697,-0.0551256210153,1.576638670695809,1.2227221562284687,-0.05764281974607888
40.666666666666664,5.309040684986701,4.935162871123888,2.333842954611139,1.6272989683057082,1.1410575271154706,-0.08375794486037204,1.988583140621459,0.21281294308866752,0.01573988850130327,DEPTH_PROPOSAL_CERTIFIED,1.0518987849340125,0,32,0,0,144,FULL_MOTION_CERTIFICATE,0,0,0,150,0,0,0,0,0,,40.716666666,1.98846972625,0.213878415091,0.0156259827376,0.768435333439,0.639810992058,-0.0122078975851,0.994234863126,0.106939207545,0.00781299136882,1.57332453957,1.22742128697,-0.0551256210153,1.5736547822252398,1.2269978601872347,-0.055125621015261646
40.68333333333333,5.336091119993904,4.954293996505461,2.332486078290044,1.6230261004323268,1.1478675228944537,-0.0814125792657056,1.9886404093571226,0.2122730386064242,0.015794915407519615,DEPTH_PROPOSAL_CERTIFIED,1.0642445418321773,0,32,0,0,144,FULL_MOTION_CERTIFICATE,0,0,0,150,0,0,0,0,0,,40.75,1.98858314062,0.212812943089,0.0157398885013,0.768435333439,0.639810992058,-0.0122078975851,0.994291570311,0.106406471544,0.00786994425065,1.56801044186,1.23503089288,-0.0506488671617,1.5708971123770696,1.2309494713980518,-0.05279911901077318
40.7,5.363072517643379,4.973534634550775,2.331168045039787,1.6188838589678476,1.1544382827184474,-0.07908199501539862,1.988698028749252,0.21172853044455472,0.015848654347584697,DEPTH_PROPOSAL_CERTIFIED,1.0750470100918748,0,32,0,0,144,FULL_MOTION_CERTIFICATE,0,0,0,150,0,0,0,0,0,,40.766666666,1.98864040936,0.212273038606,0.0157949154075,0.768435333439,0.639810992058,-0.0122078975851,0.994320204679,0.106136519303,0.00789745770376,1.5656513681,1.23840900572,-0.0486615133024,1.568348513101223,1.234601552571137,-0.050648867161664904
40.71666666666667,5.38998713407718,4.992880750528065,2.329888421488663,1.6148769860281567,1.1607669586374654,-0.07677741306744525,1.9887559805871518,0.21117955467877866,0.01590111205260608,DEPTH_PROPOSAL_CERTIFIED,1.0843084505628464,0,32,0,0,144,FULL_MOTION_CERTIFICATE,0,0,0,150,0,0,0,0,0,,40.783333333,1.98869802875,0.211728530445,0.0158486543476,0.768435333439,0.639810992058,-0.0122078975851,0.994349014375,0.105864265222,0.00792432717379,1.5634710119,1.24153120111,-0.0468247164375,1.565993136163924,1.2379768048494908,-0.04866151330241251
40.733333333333334,5.416837279991052,5.0123282923270995,2.3286466169989404,1.6110087548324035,1.1668525079421421,-0.07450826938335706,1.9888142465031107,0.21062624949995581,0.015952301647301322,DEPTH_PROPOSAL_CERTIFIED,1.0920308180688298,0,32,0,0,144,FULL_MOTION_CERTIFICATE,0,0,0,150,0,0,0,0,0,,40.8,1.98875598059,0.211179554679,0.0159011120526,0.764446960796,0.628576237797,0.143222754501,0.994377990294,0.105589777339,0.0079505560263,1.56125950604,1.24451586728,-0.0433272289304,1.5638163342442126,1.2410962094592024,-0.046824716437479444
40.75,5.443625051555831,5.031873341328989,2.32744418250979,1.6072662938868207,1.1727029401134184,-0.07214606934904437,1.988872808101548,0.21006875411741208,0.01600224164984001,DEPTH_PROPOSAL_CERTIFIED,1.0982151741041863,0,32,0,0,144,FULL_MOTION_CERTIFICATE,0,0,0,150,0,0,0,0,0,,40.816666666,1.9888142465,0.2106262495,0.0159523016473,0.764446960796,0.628576237797,0.143222754501,0.994407123252,0.10531312475,0.00797615082365,1.55902943302,1.24734397222,-0.0381705486883,1.561608270350708,1.244078212602993,-0.043327228930427765
40.766666666666666,5.470352362551641,5.051512078253133,2.3262846464053117,1.6036386597487242,1.178324215448657,-0.06957216626868157,1.9889316482209118,0.20950720280186735,0.016050877838402738,DEPTH_PROPOSAL_CERTIFIED,1.1028612481303812,0,32,0,0,144,FULL_MOTION_CERTIFICATE,0,0,0,150,0,0,0,0,0,,40.833333333,1.9888728081,0.210068754117,0.0160022416498,0.764446960796,0.628576237797,0.143222754501,0.994436404051,0.105034377059,0.00800112082492,1.55679484766,1.2499942979,-0.031356716328,1.5593815232639436,1.2469037745385743,-0.0381705486882535
40.78333333333333,5.497020975924792,5.071240748831962,2.325173362131567,1.6001168023891006,1.1837202347298519,-0.0666770564246879,1.9889907507629685,0.20894172613654724,0.016098088658087133,DEPTH_PROPOSAL_CERTIFIED,1.1059669098139828,0,32,0,0,144,FULL_MOTION_CERTIFICATE,0,0,0,150,0,0,0,0,0,,40.85,1.98893164822,0.209507202802,0.0160508778384,0.764446960796,0.628576237797,0.143222754501,0.99446582411,0.104753601401,0.0080254389192,1.55457184689,1.25244259675,-0.0228885475597,1.5571501426016892,1.249551669960433,-0.031356716327962886
40.8,5.523632535530218,5.091055628261263,2.324117366379116,1.59669357632566,1.1888927657581263,-0.06335974514704122,1.989050100524933,0.20837245227481982,0.016143690245166143,DEPTH_PROPOSAL_CERTIFIED,1.1075275613040012,0,32,0,0,144,FULL_MOTION_CERTIFICATE,0,0,0,150,0,0,0,0,0,,40.866666666,1.98899075076,0.208941726137,0.0160980886581,0.764446960796,0.628576237797,0.143222754501,0.994495375381,0.104470863068,0.00804904432904,1.552379469,1.2546602638,-0.0127700312674,1.5549302183516822,1.2519976443030782,-0.022888547559749395
40.81666666666667,5.5501885991803235,5.110952982842041,2.3231252465280283,1.5933638190057904,1.1938412748462308,-0.0595271910652468,1.9891096830302255,0.20779950824239687,0.016187441107664017,DEPTH_PROPOSAL_CERTIFIED,1.1075354579684193,0,32,0,0,144,FULL_MOTION_CERTIFICATE,0,0,0,150,0,0,0,0,0,,40.883333333,1.98905010052,0.208372452275,0.0161436902452,0.764446960796,0.628576237797,0.143222754501,0.994525050262,0.104186226137,0.00807184512258,1.55024123181,1.25661207342,-0.00100707935235,1.5527407797033963,1.2542130857210814,-0.012770031267373574
40.833333333333336,5.576690674842305,5.1309290261683635,2.3222070157068813,1.5901245397189632,1.198562599579423,-0.055093849268815304,1.9891694843516134,0.2072230213413994,0.016229046505543417,DEPTH_PROPOSAL_CERTIFIED,1.1059789654193881,0,32,0,0,144,FULL_MOTION_CERTIFICATE,0,0,0,150,0,0,0,0,0,,40.9,1.98910968303,0.207799508242,0.0161874411077,0.764446960796,0.628576237797,0.143222754501,0.994554841515,0.103899754121,0.00809372055383,1.54818806339,1.25825188657,0.0123908647677,1.5506053324196676,1.2561627613243713,-0.0010070793523477024
40.85,5.603140263444265,5.150979864853548,2.321373992858003,1.5869753161177396,1.2030503211111645,-0.04998137093271762,1.9892294909165067,0.20664312075202126,0.01626816258591516,DEPTH_PROPOSAL_CERTIFIED,1.1024250938454543,0,32,0,0,144,FULL_MOTION_CERTIFICATE,0,0,0,151,0,0,0,0,0,,40.916666666,1.98916948435,0.207223021341,0.0162290465055,0.764446960796,0.628576237797,0.143222754501,0.994584742176,0.103611510671,0.00811452325277,1.54626485115,1.25951311815,0.0274066970867,1.5485547881828088,1.257800523798415,0.012390864767677909
40.86666666666667,5.629538916054355,5.171101422548703,2.3206386822162193,1.5839191566054882,1.207293461709324,-0.04411863850700676,1.9892896892752265,0.20605993951302146,0.016304400361968886,DEPTH_PROPOSAL_CERTIFIED,1.0947687018663044,0,32,0,0,144,FULL_MOTION_CERTIFICATE,0,0,0,151,0,0,0,0,0,,40.933333333,1.98922949092,0.206643120752,0.0162681625859,0.764446960796,0.628576237797,0.143222754501,0.994614745458,0.103321560376,0.00813408129296,1.54454961855,1.26028112047,0.0440008988482,1.5466340105560192,1.2590597770068734,0.027406697086670206
40.88333333333333,5.6558883285461565,5.191289309022458,2.320014633616551,1.5809647495081804,1.2112731884253487,-0.03744291598009715,1.9893500657893122,0.2054736172880528,0.016337329727420993,DEPTH_PROPOSAL_CERTIFIED,1.086531987667382,0,32,0,0,144,FULL_MOTION_CERTIFICATE,0,0,0,151,0,0,0,0,0,,40.95,1.98928968928,0.206059939513,0.016304400362,0.764446960796,0.628576237797,0.143222754501,0.994644844638,0.103029969757,0.00815220018098,1.54325329166,1.26025355776,0.061998443855,1.5449209829210244,1.259825854360853,0.044000898848205086
40.9,5.68219059682408,5.211538462133369,2.3195161422894017,1.5781360966754912,1.214949186654741,-0.02990947962895342,1.9894106061122516,0.20488430512070777,0.016366484145633305,DEPTH_PROPOSAL_CERTIFIED,1.077543016317942,0,32,0,0,144,FULL_MOTION_CERTIFICATE,0,0,0,151,0,0,0,0,0,,40.966666666,1.98935006579,0.205473617288,0.0163373297274,0.764446960796,0.628576237797,0.143222754501,0.994675032895,0.102736808644,0.00816866486371,1.54216546064,1.2600186273,0.0790020087164,1.5436265321166782,1.2597963650533313,0.06199844385500573
40.916666666666664,5.708447921046118,5.231843941505673,2.319155165467739,1.5754394533223461,1.2183287623383359,-0.02165860929976406,1.9894712937859755,0.20429217841776925,0.0163913708663879,DEPTH_PROPOSAL_CERTIFIED,1.0684401406459514,0,32,0,0,144,FULL_MOTION_CERTIFICATE,0,0,0,151,0,0,0,0,0,,40.983333333,1.98941060611,0.204884305121,0.0163664841456,0.764446960796,0.628576237797,0.143222754501,0.994705303056,0.10244215256,0.00818324207282,1.54116004099,1.25980149459,0.094717425719,1.5425404044139748,1.2595595856781945,0.07900200871635232
40.93333333333333,5.734662438614994,5.252201203647191,2.3189411280842314,1.572871054132649,1.2214357284911554,-0.012842243010462922,1.9895321122587495,0.2036974090733314,0.016411576037980945,DEPTH_PROPOSAL_CERTIFIED,1.0594910326245315,0,32,0,0,144,FULL_MOTION_CERTIFICATE,0,0,0,151,0,0,0,0,0,,41,1.98947129379,0.204292178418,0.0163913708664,0.764446960796,0.628576237797,0.143222754501,0.994735646893,0.102146089209,0.00819568543319,1.5402307895,1.25960081133,0.109242280804,1.5415365840183424,1.2593407155555578,0.09471742571901756
40.95,5.760836221059828,5.272606070168568,2.318881237826752,1.5704269466894365,1.2242919912821906,-0.003593415448778203,1.9895930458224036,0.20310015557203467,0.016426771494911976,DEPTH_PROPOSAL_CERTIFIED,1.0506894369292192,0,32,0,0,144,FULL_MOTION_CERTIFICATE,0,0,0,151,0,0,0,0,0,,41.016666666,1.98953211226,0.203697409073,0.016411576038,0.764446960796,0.628576237797,0.143222754501,0.994766056129,0.101848704537,0.00820578801899,1.53937193591,1.25941533136,0.122666767252,1.5406088358822556,1.2591383973328039,0.10924228080373026
40.96666666666667,5.786971271750337,5.29305469854002,2.3189807669918734,1.5681030414306767,1.226917702287167,0.005971749907304334,1.9896540795635715,0.20250056402654057,0.016436704200391228,DEPTH_PROPOSAL_CERTIFIED,1.04202965741443,0,32,0,0,144,FULL_MOTION_CERTIFICATE,0,0,0,151,0,0,0,0,0,,41.033333333,1.98959304582,0.203100155572,0.0164267714949,0.764446960796,0.628576237797,0.143222754501,0.994796522911,0.101550077786,0.00821338574746,1.53857814693,1.25924390289,0.135074247935,1.539751397273805,1.2589513765478808,0.12266676725151844
40.983333333333334,5.813069524335324,5.313543555183579,2.319243304361576,1.5658951550993145,1.229331398613601,0.015752242182156546,1.9897151993183855,0.2018987691350557,0.016441186792541567,DEPTH_PROPOSAL_CERTIFIED,1.0335063000533866,0,32,0,0,144,FULL_MOTION_CERTIFICATE,0,0,0,151,0,0,0,0,0,,41.05,1.98965407956,0.202500564027,0.0164367042004,0.764446960796,0.628576237797,0.143222754501,0.994827039782,0.101250282013,0.0082183521002,1.53784449348,1.25908546142,0.146541767943,1.5389589418566945,1.2587784937960984,0.13507424793536085
41.0,5.8391328418090005,5.334069390714733,2.3196709800213804,1.5637990484206732,1.2315501318692756,0.025660539588245428,1.9897763916305296,0.20129489506506393,0.0164400891279136,DEPTH_PROPOSAL_CERTIFIED,1.0251140639373473,0,32,0,0,144,FULL_MOTION_CERTIFICATE,0,0,0,151,0,0,0,0,0,,41.05,1.98965407956,0.202500564027,0.0164367042004,0.764446960796,0.628576237797,0.143222754501,0.994827039782,0.101250282013,0.0082183521002,1.53784449348,1.25908546142,0.146541767943,1.5382265469412457,1.2586186775885073,0.1465417679425372
41.016666666666666,5.865163016118941,5.354629217162276,2.320264665777387,1.5618104585964923,1.2335895868526559,0.03562114536040182,1.9898376437124536,0.20068905626894715,0.01643333072599078,DEPTH_PROPOSAL_CERTIFIED,1.016847573415434,0,32,0,0,145,FULL_MOTION_CERTIFICATE,0,0,0,151,0,0,0,0,0,,41.083333333,1.98977639163,0.201294895065,0.0164400891279,0.764446960796,0.628576237797,0.143222754501,0.994888195815,0.100647447533,0.00822004456396,1.53653971545,1.2588036786,0.166936367281,1.5375496627414826,1.258470937649895,0.15714053578071724
41.03333333333333,5.891161768238753,5.375220287008663,2.3210241535812735,1.5599251271888228,1.2354641907832895,0.0455692682331986,1.9898989434095238,0.20008135823672796,0.016420874026884764,DEPTH_PROPOSAL_CERTIFIED,1.0087012453046893,0,32,0,0,145,FULL_MOTION_CERTIFICATE,0,0,0,151,0,0,0,0,0,,41.083333333,1.98977639163,0.201294895065,0.0164400891279,0.764446960796,0.628576237797,0.143222754501,0.994888195815,0.100647447533,0.00822004456396,1.53653971545,1.2588036786,0.166936367281,1.536924084015253,1.2583343587370208,0.16693636728132677
41.05,5.9171307486376294,5.395840073905831,2.3219483141403203,1.5581388239326983,1.2371872138301987,0.055449633542810135,1.9899602791668565,0.19947189819076794,0.016402718382564727,DEPTH_PROPOSAL_CERTIFIED,1.0006691858636536,0,32,0,0,145,FULL_MOTION_CERTIFICATE,0,0,0,151,0,0,0,0,0,,41.116666666,1.98989894341,0.200081358237,0.0164208740269,0.764446960796,0.628576237797,0.143222754501,0.994949471705,0.100040679118,0.00821043701344,1.53542514267,1.25856297293,0.184357924734,1.5363459242079782,1.2582080950024919,0.17599009032007826
41.06666666666667,5.943071538086072,5.416486254932902,2.323035237693296,1.5564473669060013,1.2387708616237751,0.0652154131785134,1.9900216399985737,0.19886076572687558,0.016378894709583383,DEPTH_PROPOSAL_CERTIFIED,0.9927451128931462,0,32,0,0,146,FULL_MOTION_CERTIFICATE,0,0,0,151,0,0,0,0,0,,41.133333333,1.98996027917,0.199471898191,0.0164027183826,0.764446960796,0.628576237797,0.143222754501,0.994980139583,0.0997359490954,0.00820135919128,1.53493035318,1.25845611707,0.192091832788,1.5358115911803045,1.2580913647054006,0.18435792473404558
41.083333333333336,5.968985648743988,5.437156694272727,2.324282358745778,1.554846639475035,1.240226360389582,0.07482726314891801,1.9900830154592306,0.1982480434059395,0.01634946073769312,DEPTH_PROPOSAL_CERTIFIED,0.9849222989315272,0,32,0,0,146,FULL_MOTION_CERTIFICATE,0,0,0,151,0,0,0,0,0,,41.15,1.99002164,0.198860765727,0.0163788947096,0.796119235996,0.57125715632,0.199648249254,0.995010819999,0.0994303828634,0.00818944735479,1.53506868324,1.25721340972,0.200868227793,1.5353177648172451,1.2579834453324277,0.19209183278786146
41.1,5.994875277103312,5.457847983585204,2.3256886224303863,1.5533777015595072,1.24147735874866,0.08437582107649384,1.9901443956171825,0.19763380729988736,0.016314496794899182,DEPTH_PROPOSAL_CERTIFIED,0.9771909523203797,0,32,0,0,146,FULL_MOTION_CERTIFICATE,0,0,0,152,0,0,0,0,0,,41.166666666,1.99008301546,0.198248043406,0.0163494607377,0.796119235996,0.57125715632,0.199648249254,0.99504150773,0.099124021703,0.00817473036885,1.53586680571,1.25479885491,0.210629114354,1.5354566589900658,1.2567395387294125,0.20086822779292618
41.11666666666667,6.0207432857690435,5.478555492993307,2.32725429683883,1.5520805199439753,1.2424505644862576,0.0939404645066191,1.990205766490158,0.19701817916479286,0.016274031704276534,DEPTH_PROPOSAL_CERTIFIED,0.9728768983414171,0,32,0,0,146,FULL_MOTION_CERTIFICATE,0,0,0,152,0,0,0,0,0,,41.183333333,1.99014439562,0.1976338073,0.0163144967949,0.796119235996,0.57125715632,0.199648249254,0.995072197809,0.0988169036499,0.00815724839745,1.53735810328,1.25116823974,0.221294702484,1.536254904234485,1.2543236744849473,0.21062911435415432
41.13333333333333,6.046593195091362,5.499273407827639,2.3289807720528,1.5509945593392256,1.2430748900599835,0.10358851283820061,1.9902671102312819,0.1964013247260873,0.016228049095943248,DEPTH_PROPOSAL_CERTIFIED,0.9693810521040336,0,32,0,0,146,FULL_MOTION_CERTIFICATE,0,0,0,152,0,0,0,0,0,,41.2,1.99020576649,0.197018179165,0.0162740317043,0.796119235996,0.57125715632,0.199648249254,0.995102883245,0.0985090895824,0.00813701585214,1.53958773755,1.24626361581,0.232741020157,1.5377458399612765,1.2506916620594413,0.22129470248350244
41.15,6.072429190300503,5.519994745239174,2.3308703186143944,1.5501597125485445,1.2432802446922009,0.11337279369566892,1.9903284052568218,0.19578345247586962,0.016176494195782896,DEPTH_PROPOSAL_CERTIFIED,0.9658646616198625,0,32,0,0,146,FULL_MOTION_CERTIFICATE,0,0,0,152,0,0,0,0,0,,41.216666666,1.99026711023,0.196401324726,0.0162280490959,0.796119235996,0.57125715632,0.199648249254,0.995133555116,0.098200662363,0.00811402454797,1.54262431929,1.24000334094,0.244724759357,1.5399745817022332,1.2457855712052541,0.2327410201567897
41.166666666666664,6.0982561577010665,5.540711339628061,2.3329257136174806,1.5496180440339022,1.2429956633332986,0.12332370018518782,1.9903896262879148,0.195164813202279,0.016119282030333557,DEPTH_PROPOSAL_CERTIFIED,0.9623207961862852,0,32,0,0,146,FULL_MOTION_CERTIFICATE,0,0,0,152,0,0,0,0,0,,41.233333333,1.99032840526,0.195783452476,0.0161764941958,0.796119235996,0.57125715632,0.199648249254,0.995164202628,0.0978917262379,0.00808824709789,1.54638296729,1.23261780835,0.25643473983,1.5430096881552666,1.2395237707546916,0.24472475935732574
41.18333333333333,6.1240795244450865,5.5614142232222274,2.3351491781150684,1.549402004641295,1.2421730156500754,0.13340786985526304,1.9904507442417447,0.1945457006717493,0.01605631021197504,DEPTH_PROPOSAL_CERTIFIED,0.9587425228488784,0,32,0,0,146,FULL_MOTION_CERTIFICATE,0,0,0,152,0,0,0,0,0,,41.25,1.99038962629,0.195164813202,0.0161192820303,0.796119235996,0.57125715632,0.199648249254,0.995194813144,0.0975824066011,0.00805964101517,1.54985686923,1.22579178581,0.267257600553,1.5467663240514866,1.2321367139147523,0.2564347398301881
41.2,6.149903946973218,5.582095814505999,2.3375416447978807,1.5494653516873182,1.2408954770258813,0.143548000968695,1.9905117273118962,0.19392643817856445,0.01598749540067091,DEPTH_PROPOSAL_CERTIFIED,0.955124823029752,0,32,0,0,146,FULL_MOTION_CERTIFICATE,0,0,0,152,0,0,0,0,0,,41.25,1.99038962629,0.195164813202,0.0161192820303,0.796119235996,0.57125715632,0.199648249254,0.995194813144,0.0975824066011,0.00805964101517,1.54985686923,1.22579178581,0.267257600553,1.550238185648801,1.2253095058107182,0.26725760055251546
41.21666666666667,6.175733396664515,5.602749759627103,2.3401029404529123,1.549766981477898,1.2392367072662855,0.15367773930191317,1.9905725484794594,0.1933072996349349,0.015912798240412546,DEPTH_PROPOSAL_CERTIFIED,0.9519765583211264,0,32,0,0,146,FULL_MOTION_CERTIFICATE,0,0,0,152,0,0,0,0,0,,41.283333333,1.99051172731,0.193926438179,0.0159874954007,0.796119235996,0.57125715632,0.199648249254,0.995255863656,0.0969632190893,0.00799374770034,1.55603508721,1.21365193389,0.286505694996,1.5534468649229718,1.2189997161992157,0.27726054696718233
41.233333333333334,6.201571236930618,5.62337078987686,2.3428319481732145,1.5502704159662914,1.237261814985546,0.16374046321813598,1.9906331849483692,0.19268851517614946,0.015832217201727557,DEPTH_PROPOSAL_CERTIFIED,0.9521247319866424,0,32,0,0,147,FULL_MOTION_CERTIFICATE,0,0,0,152,0,0,0,0,0,,41.3,1.99057254848,0.193307299635,0.0159127982404,0.796119235996,0.57125715632,0.199648249254,0.99528627424,0.0966536498175,0.00795639912021,1.55877776793,1.20826272005,0.295050453009,1.5564123167246915,1.2131681291605227,0.28650569499606193
41.25,6.227420292557746,5.6439545937211255,2.3457267513351714,1.5509433376278354,1.235028230655962,0.17368818971742406,1.990693617640431,0.192070276201567,0.015745783102363377,DEPTH_PROPOSAL_CERTIFIED,0.952242608173403,0,32,0,0,147,FULL_MOTION_CERTIFICATE,0,0,0,152,0,0,0,0,0,,41.316666666,1.99063318495,0.192688515176,0.0158322172017,0.796119235996,0.57125715632,0.199648249254,0.995316592474,0.0963442575881,0.00791610860086,1.56131266965,1.2032817803,0.302947880382,1.5591529818986714,1.2077785018350329,0.29505045300874594
41.266666666666666,6.253282912029805,5.664497701993783,2.3487847611772605,1.5517571683236124,1.2325864963595108,0.18348059052535817,1.9907538307442132,0.19145273990445705,0.01565355423911645,DEPTH_PROPOSAL_CERTIFIED,0.9523304652637772,0,32,0,0,147,FULL_MOTION_CERTIFICATE,0,0,0,152,0,0,0,0,0,,41.333333333,1.99069361764,0.192070276202,0.0157457831024,0.796119235996,0.57125715632,0.199648249254,0.99534680882,0.0960351381008,0.00787289155118,1.56365553351,1.19867818417,0.310247018265,1.561685902812092,1.2027973379428067,0.3029478803821616
41.28333333333333,6.2791610234988005,5.684997384991812,2.352002829640233,1.5526866881398007,1.2299809798818229,0.19308410777835516,1.9908138113124834,0.19083603333908805,0.015555612069765624,DEPTH_PROPOSAL_CERTIFIED,0.9523896917762793,0,32,0,0,147,FULL_MOTION_CERTIFICATE,0,0,0,152,0,0,0,0,0,,41.35,1.99075383074,0.191452739904,0.0156535542391,0.796119235996,0.57125715632,0.199648249254,0.995376915372,0.0957263699522,0.00782677711956,1.56582090768,1.19442334533,0.316993191146,1.5640268298972975,1.198193678854029,0.3102470182649256
41.3,6.305056185006469,5.705451560329756,2.355377348966043,1.553709690460231,1.2272505202767177,0.20247115954859377,1.9908735489033447,0.19022025706907214,0.015452057389808729,DEPTH_PROPOSAL_CERTIFIED,0.9524226353883023,0,32,0,0,147,FULL_MOTION_CERTIFICATE,0,0,0,152,0,0,0,0,0,,41.35,1.99075383074,0.191452739904,0.0156535542391,0.796119235996,0.57125715632,0.199648249254,0.995376915372,0.0957263699522,0.00782677711956,1.56582090768,1.19442334533,0.316993191146,1.5661903187694821,1.193938913094432,0.31699319114551183
41.31666666666667,6.330969629507716,5.725858710512721,2.358904339416084,1.5548066700742313,1.224429010977486,0.21161942700239278,1.9909330352606598,0.1896054884368662,0.015343006954079587,DEPTH_PROPOSAL_CERTIFIED,0.9524324679706146,0,32,0,0,148,FULL_MOTION_CERTIFICATE,0,0,0,152,0,0,0,0,0,,41.383333333,1.9908735489,0.190220257069,0.0154520573898,0.796119235996,0.57125715632,0.199648249254,0.995436774452,0.0951101285345,0.0077260286949,1.56967195295,1.18685625731,0.328991033127,1.5681898213650314,1.1900065975268728,0.32322828993869596
41.333333333333336,6.356902305195723,5.7462178092833245,2.3625795263385037,1.5559605412804913,1.221545926236261,0.2205112153451927,1.990992264029778,0.18899178449082923,0.015228590497839234,DEPTH_PROPOSAL_CERTIFIED,0.9524230651411099,0,32,0,0,148,FULL_MOTION_CERTIFICATE,0,0,0,152,0,0,0,0,0,,41.4,1.99093303526,0.189605488437,0.0153430069541,0.796119235996,0.57125715632,0.199648249254,0.99546651763,0.0948027442184,0.00767150347704,1.57138153776,1.18349701901,0.334317204854,1.5700377699968626,1.186372292393312,0.3289910331273583
41.35,6.38285491158158,5.766528255888117,2.3663984076921207,1.5571563831515243,1.2186267962876338,0.22913288121704145,1.9910512305049233,0.18837918460289543,0.015108948116268051,DEPTH_PROPOSAL_CERTIFIED,0.9523988989720409,0,32,0,0,148,FULL_MOTION_CERTIFICATE,0,0,0,153,0,0,0,0,0,,41.416666666,1.99099226403,0.188991784491,0.0152285904978,0.796119235996,0.57125715632,0.199648249254,0.995496132015,0.0944958922454,0.00761429524892,1.57296160847,1.18039226865,0.339239878418,1.5717456539781283,1.1830134109143822,0.3343172048536026
41.36666666666667,6.408827931740646,5.7867898164851095,2.370356313032103,1.5583812095440712,1.2156936358196104,0.23747432039895963,1.9911099314049912,0.18776771280679463,0.014984227965345287,DEPTH_PROPOSAL_CERTIFIED,0.9543844628949796,0,32,0,0,148,FULL_MOTION_CERTIFICATE,0,0,0,153,0,0,0,0,0,,41.433333333,1.9910512305,0.188379184603,0.0151089481163,0.796119235996,0.57125715632,0.199648249254,0.995525615252,0.0941895923014,0.00755447405813,1.57442197695,1.17752272647,0.343789622456,1.5733240915331461,1.1799090781097223,0.3392398784183678
41.38333333333333,6.434821661099938,5.807002571987081,2.3744484548645812,1.5596237615576196,1.212765330118357,0.24552850994869876,1.9911683646747858,0.1871573798841079,0.014854584250494995,DEPTH_PROPOSAL_CERTIFIED,0.9602530428598173,0,32,0,0,148,FULL_MOTION_CERTIFICATE,0,0,0,153,0,0,0,0,0,,41.45,1.9911099314,0.187767712807,0.0149842279653,0.796119235996,0.57125715632,0.199648249254,0.995554965702,0.0938838564034,0.00749211398267,1.57577171145,1.17487057385,0.347994688907,1.5747828961229104,1.1770400005630626,0.34378962245552225
41.4,6.460836233104875,5.827166871703148,2.378669973185643,1.56087432029635,1.2098579829640896,0.2532910992637371,1.9912265293090325,0.18654818522290526,0.014720175472634295,DEPTH_PROPOSAL_CERTIFIED,0.9660688399990414,0,32,0,0,148,FULL_MOTION_CERTIFICATE,0,0,0,153,0,0,0,0,0,,41.466666666,1.99116836467,0.187157379884,0.0148545842505,0.796119235996,0.57125715632,0.199648249254,0.995584182337,0.0935786899421,0.00742729212525,1.57701919326,1.17241934204,0.351881189479,1.5761311369088602,1.1743883476820267,0.34799468890721086
41.416666666666664,6.486871642073455,5.847283292198602,2.383015973943846,1.562124538114852,1.2069852297273302,0.26076004549217013,1.9912844251967672,0.1859401184713475,0.014581162904315138,DEPTH_PROPOSAL_CERTIFIED,0.9718379103943966,0,32,0,0,148,FULL_MOTION_CERTIFICATE,0,0,0,153,0,0,0,0,0,,41.483333333,1.99122652931,0.186548185223,0.0147201754726,0.796119235996,0.57125715632,0.199648249254,0.995613264655,0.0932740926115,0.00736008773632,1.57817216894,1.17015380947,0.355473258417,1.5773771955005798,1.1719376402388622,0.35188118947905866
41.43333333333333,6.512927763517013,5.867352600847877,2.3874815620921046,1.563367286613553,1.2041585189565391,0.2679352888955435,1.9913420529839394,0.18533316100663155,0.014437709271186408,DEPTH_PROPOSAL_CERTIFIED,0.9775664038198706,0,32,0,0,148,FULL_MOTION_CERTIFICATE,0,0,0,153,0,0,0,0,0,,41.5,1.9912844252,0.185940118471,0.0145811629043,0.82461984052,0.524912111957,0.210877673883,0.995642212598,0.0929700592357,0.00729058145216,1.58018745931,1.16649209267,0.359356636508,1.5785288182977053,1.1696726475528842,0.35547325841670424
41.45,6.539005570644657,5.8873737436769655,2.3920625812348257,1.5646684276581115,1.2012685697448726,0.274861148563171,1.9913994139522853,0.1847272872377437,0.01428997761644493,DEPTH_PROPOSAL_CERTIFIED,0.983258590724118,0,32,0,0,148,FULL_MOTION_CERTIFICATE,0,0,0,153,0,0,0,0,0,,41.516666666,1.99134205298,0.185333161007,0.0144377092712,0.82461984052,0.524912111957,0.210877673883,0.995671026492,0.0926665805033,0.00721885463559,1.58307392545,1.1614280275,0.363468593259,1.5805423484017185,1.1660111893625558,0.3593566365081928
41.46666666666667,6.565107062344338,5.9073439756259045,2.3967554784642817,1.5660895019809322,1.1982139169363863,0.2815738337673743,1.9914565034419565,0.18412253762016378,0.014138105921504933,DEPTH_PROPOSAL_CERTIFIED,0.9889170504974394,0,32,0,0,148,FULL_MOTION_CERTIFICATE,0,0,0,153,0,0,0,0,0,,41.533333333,1.99139941395,0.184727287238,0.0142899776164,0.82461984052,0.524912111957,0.210877673883,0.995699706976,0.0923636436189,0.00714498880822,1.58684323869,1.15495596523,0.367706662534,1.5834266087193463,1.160947152672852,0.36346859325865993
41.483333333333334,6.591235200172783,5.927258981588618,2.401557129265413,1.5676882697068175,1.1949003577628683,0.2880990480678817,1.991513311336955,0.18351901406537152,0.013982211705936247,DEPTH_PROPOSAL_CERTIFIED,0.9947246161957437,0,32,0,0,148,FULL_MOTION_CERTIFICATE,0,0,0,153,0,0,0,0,0,,41.55,1.99145650344,0.18412253762,0.0141381059215,0.82461984052,0.524912111957,0.210877673883,0.995728251721,0.0920612688101,0.00706905296075,1.59150971833,1.14708575925,0.371810327049,1.5871932359626204,1.1544749358459447,0.3677066625340768
41.5,6.617393853472718,5.947113007851997,2.406464476125864,1.5695191979961762,1.1912415758028252,0.294440811627056,1.9915698225024088,0.18291687568533666,0.013822398027776754,DEPTH_PROPOSAL_CERTIFIED,1.0008977094998672,0,32,0,0,148,FULL_MOTION_CERTIFICATE,0,0,0,153,0,0,0,0,0,,41.566666666,1.99151331134,0.183519014065,0.0139822117059,0.82461984052,0.524912111957,0.210877673883,0.995756655668,0.0917595070327,0.00699110585297,1.59588320018,1.13971746142,0.375594040588,1.5918565231263542,1.1466044358902976,0.3718103270489866
41.516666666666666,6.643586228560427,5.966901370646785,2.411474289184498,1.5715425052626197,1.1873017676873767,0.30058878351805635,1.991626017202825,0.18231633419147847,0.013658765968905124,DEPTH_PROPOSAL_CERTIFIED,1.0070624882291677,0,32,0,0,148,FULL_MOTION_CERTIFICATE,0,0,0,153,0,0,0,0,0,,41.583333333,1.9915698225,0.182916875685,0.0138223980278,0.82461984052,0.524912111957,0.210877673883,0.995784911251,0.0914584378427,0.00691119901389,1.5999253579,1.13290736753,0.379091109384,1.5962268539132307,1.1392361086789013,0.3755940405882656
41.53333333333333,6.669814870613751,5.986620446147989,2.416583221341447,1.5737185231995392,1.183144530072268,0.3065359294169713,1.9916818794518085,0.18171756266004244,0.013491422616064773,DEPTH_PROPOSAL_CERTIFIED,1.013221073506233,0,32,0,0,148,FULL_MOTION_CERTIFICATE,0,0,0,153,0,0,0,0,0,,41.6,1.9916260172,0.182316334191,0.0136587659689,0.82461984052,0.524912111957,0.210877673883,0.995813008601,0.0911581670957,0.00682938298445,1.60366129155,1.12661318986,0.38232324872,1.600265942029958,1.1324262311679392,0.3790911093837377
41.55,6.69608174546205,6.0062675367341525,2.421787844558122,1.576012490898057,1.1788254351698755,0.31227739300051166,1.9917373969431973,0.18112069581550386,0.013320479167235288,DEPTH_PROPOSAL_CERTIFIED,1.0201243935789863,0,32,0,0,148,FULL_MOTION_CERTIFICATE,0,0,0,153,0,0,0,0,0,,41.616666666,1.99168187945,0.18171756266,0.0134914226161,0.82461984052,0.524912111957,0.210877673883,0.995840939726,0.09085878133,0.00674571130803,1.6071141997,1.12079584419,0.385310528831,1.603998896819978,1.1261324773606816,0.38232324871970874
41.56666666666667,6.722388312776221,6.025840751428566,2.4270846813301405,1.5783940388496889,1.1743928816643705,0.3178102063210008,1.9917925605685542,0.18052583482975162,0.013146049702562428,DEPTH_PROPOSAL_CERTIFIED,1.028600742891184,0,32,0,0,148,FULL_MOTION_CERTIFICATE,0,0,0,153,0,0,0,0,0,,41.633333333,1.99173739694,0.181120695816,0.0133204791672,0.82461984052,0.524912111957,0.210877673883,0.995868698472,0.0905603479078,0.00666023958362,1.61030552411,1.11541920618,0.388071500018,1.6074489238595857,1.1203157288972303,0.3853105288309419
41.583333333333336,6.748735591493291,6.04533889913988,2.4324702318568243,1.580836723024227,1.1698888626789037,0.3231330316010421,1.9918473639878356,0.1799330516153339,0.012968250117330365,DEPTH_PROPOSAL_CERTIFIED,1.0370480012364285,0,32,0,0,148,FULL_MOTION_CERTIFICATE,0,0,0,153,0,0,0,0,0,,41.65,1.99179256057,0.18052583483,0.0131460497026,0.82461984052,0.524912111957,0.210877673883,0.995896280284,0.0902629174149,0.00657302485128,1.61325508151,1.11044988924,0.390623306716,1.6106374699535941,1.1149398310562044,0.38807150001754986
41.6,6.7751242182309195,6.064761393451706,2.43794099737734,1.5833176042577932,1.1653496587095946,0.3282459312309735,1.9919018032478717,0.17934239266179977,0.01278719719948904,DEPTH_PROPOSAL_CERTIFIED,1.0454692306918716,0,32,0,0,148,FULL_MOTION_CERTIFICATE,0,0,0,154,0,0,0,0,0,,41.666666666,1.99184736399,0.179933051615,0.0129682501173,0.82461984052,0.524912111957,0.210877673883,0.995923681994,0.0899665258077,0.00648412505867,1.61598118743,1.10585703599,0.39298179458,1.6135843553073028,1.1099713702840204,0.3906233067161406
41.61666666666667,6.801554499379292,6.084108167822431,2.4434935000990543,1.5858168689024275,1.1608064622436063,0.3331501633028744,1.9919558764438363,0.1787538824595226,0.01260300783603214,DEPTH_PROPOSAL_CERTIFIED,1.0542241566041723,0,32,0,0,148,FULL_MOTION_CERTIFICATE,0,0,0,154,0,0,0,0,0,,41.683333333,1.99190180325,0.179342392662,0.0127871971995,0.82461984052,0.524912111957,0.210877673883,0.995950901624,0.0896711963309,0.00639359859974,1.61850077033,1.1016121259,0.395161609259,1.6163078975669685,1.1053794653585443,0.3929817945800685
41.63333333333333,6.828026457493979,6.103379600163479,2.449124300101016,1.5883174868813121,1.15628594046294,0.3378480001177251,1.9920095834192826,0.17816752655146123,0.012415798333999173,DEPTH_PROPOSAL_CERTIFIED,1.068636177470662,0,32,0,0,148,FULL_MOTION_CERTIFICATE,0,0,0,154,0,0,0,0,0,,41.7,1.99195587644,0.17875388246,0.012603007836,0.82461984052,0.524912111957,0.210877673883,0.995977938222,0.0893769412298,0.00630150391802,1.62082947573,1.09768879991,0.397176286459,1.6188250262237067,1.1011355747388072,0.39516160925890736
41.65,6.85453987255314,6.122576445863684,2.4548300095554283,1.5908049035497356,1.1518107420123753,0.34234256726477397,1.9920629255007767,0.17758331424954074,0.012225683843294954,DEPTH_PROPOSAL_CERTIFIED,1.0829759387932252,0,32,0,0,148,FULL_MOTION_CERTIFICATE,0,0,0,154,0,0,0,0,0,,41.716666666,1.99200958342,0.178167526551,0.012415798334,0.82461984052,0.524912111957,0.210877673883,0.99600479171,0.0890837632757,0.006207899167,1.62298176393,1.09406269582,0.399038336483,1.6211513869045047,1.0972133209154826,0.3971762864587739
41.666666666666664,6.881094318591724,6.141699778411764,2.460607304577036,1.5932667623151313,1.1473999528848784,0.34663770129647786,1.9921159052635369,0.17700122104881857,0.012032777869856227,DEPTH_PROPOSAL_CERTIFIED,1.0972465556210698,0,32,0,0,148,FULL_MOTION_CERTIFICATE,0,0,0,154,0,0,0,0,0,,41.733333333,1.9920629255,0.17758331425,0.0122256838433,0.82461984052,0.524912111957,0.210877673883,0.99603146275,0.0887916571248,0.00611284192165,1.62497100011,1.09071129636,0.400759322221,1.623301439252962,1.0935883255294132,0.3990383364832689
41.68333333333333,6.907689196176892,6.160750936849222,2.466452934978599,1.59569265511019,1.1430695062475358,0.3507378240937801,1.992168526324829,0.17642121076962378,0.011837191868790497,DEPTH_PROPOSAL_CERTIFIED,1.1114511775021623,0,32,0,0,148,FULL_MOTION_CERTIFICATE,0,0,0,154,0,0,0,0,0,,41.75,1.99211590526,0.177001221049,0.0120327778699,0.82461984052,0.524912111957,0.210877673883,0.996057952632,0.0885006105244,0.00601638893493,1.62680953658,1.08761379081,0.402349930248,1.6252885472099068,1.0902380572719534,0.4007593222208706
41.7,6.934323761143645,6.179731479361135,2.4723637321808645,1.598073898004606,1.1388325507143653,0.3546478321358036,1.99222079316218,0.17584323745501199,0.011639034908171126,DEPTH_PROPOSAL_CERTIFIED,1.1255929571285395,0,32,0,0,148,FULL_MOTION_CERTIFICATE,0,0,0,154,0,0,0,0,0,,41.766666666,1.99216852632,0.17642121077,0.0118371918688,0.82461984052,0.524912111957,0.210877673883,0.996084263162,0.0882106053848,0.0059185959344,1.62850878988,1.08475094495,0.403820037577,1.6271250613164712,1.0871416932097069,0.4023499302484706
41.71666666666667,6.960997149971444,6.1986431423754365,2.4783366155011093,1.6004033296680302,1.134699780858152,0.35837299921470483,1.9922727109537843,0.17526724704821578,0.011438413395167197,DEPTH_PROPOSAL_CERTIFIED,1.1396750237719897,0,32,0,0,148,FULL_MOTION_CERTIFICATE,0,0,0,154,0,0,0,0,0,,41.783333333,1.99222079316,0.175843237455,0.0116390349082,0.82461984052,0.524912111957,0.210877673883,0.996110396581,0.0879216187275,0.00581951745409,1.63007931197,1.08210498118,0.405178773225,1.6288223959618058,1.084279988612346,0.40382003757730267
41.733333333333334,6.987708402146423,6.217487804601878,2.4843685970208615,1.6026751304988673,1.1306797335865484,0.36191889118516474,1.9923242854387104,0.17469317887253114,0.011235430856996976,DEPTH_PROPOSAL_CERTIFIED,1.1537004609357795,0,32,0,0,148,FULL_MOTION_CERTIFICATE,0,0,0,154,0,0,0,0,0,,41.8,1.99227271095,0.175267247048,0.0114384133952,0.82461984052,0.524912111957,0.210877673883,0.996136355477,0.0876336235241,0.00571920669758,1.63153085511,1.07965946922,0.406434574351,1.630391100635081,1.081635156872982,0.40517877322477797
41.75,7.014456479819363,6.236267455498068,2.4904567852112782,1.6048846603764562,1.1267790537715114,0.36529129142503436,1.9923755227947744,0.1741209669339341,0.01103018776997703,DEPTH_PROPOSAL_CERTIFIED,1.1676722877125407,0,32,0,0,148,FULL_MOTION_CERTIFICATE,0,0,0,154,0,0,0,0,0,,41.816666666,1.99232428544,0.174693178873,0.011235430857,0.82461984052,0.524912111957,0.210877673883,0.996162142719,0.0873465894363,0.0056177154285,1.63287243278,1.07739922345,0.407595238958,1.6318409248830423,1.079190760028057,0.4064345743514465
41.766666666666666,7.041240285041423,6.254984167697566,2.4965983874768627,1.6070283133236611,1.1230027319699636,0.3684961359350757,1.9924264295321539,0.17355054106472065,0.010822781430679636,DEPTH_PROPOSAL_CERTIFIED,1.1815934433926654,0,32,0,0,148,FULL_MOTION_CERTIFICATE,0,0,0,154,0,0,0,0,0,,41.833333333,1.99237552279,0.174120966934,0.01103018777,0.82461984052,0.524912111957,0.210877673883,0.996187761397,0.087060483467,0.00551509388499,1.63411237585,1.07531020829,0.408667974495,1.633180879279564,1.0769316059910783,0.4075952389575823
41.78333333333333,7.068058674832094,6.273640072980126,2.5027907117608303,1.609103387440373,1.1193543169536686,0.3715394570380827,1.9924770124010074,0.1729818279247761,0.010613305863803569,DEPTH_PROPOSAL_CERTIFIED,1.1954667749180437,0,32,0,0,148,FULL_MOTION_CERTIFICATE,0,0,0,154,0,0,0,0,0,,41.85,1.99242642953,0.173550541065,0.0108227814307,0.828177558266,0.516650212866,0.217242927457,0.996213214766,0.0867752705324,0.00541139071534,1.635797432,1.07212764895,0.410623874566,1.6344192916642606,1.0748436537548671,0.408667974494771
41.8,7.094911154474755,6.292235760653722,2.5090323850568277,1.6111487785597827,1.115741260415797,0.3745003977598629,1.9925272783115522,0.1724147518754764,0.010401851761944277,DEPTH_PROPOSAL_CERTIFIED,1.2092932120457767,0,32,0,0,148,FULL_MOTION_CERTIFICATE,0,0,0,154,0,0,0,0,0,,41.866666666,1.9924770124,0.172981827925,0.0106133058638,0.828177558266,0.516650212866,0.217242927457,0.996238506201,0.0864909139624,0.0053066529319,1.63735483228,1.06918619276,0.412431600277,1.6361025502165818,1.0716619706537616,0.41062387456558325
41.81666666666667,7.121797105656493,6.310772079833188,2.515321951285299,1.613157070903692,1.112179150767553,0.3773739737081455,1.992577229566756,0.17184929273987748,0.01018846391139065,DEPTH_PROPOSAL_CERTIFIED,1.2230738721722594,0,32,0,0,148,FULL_MOTION_CERTIFICATE,0,0,0,154,0,0,0,0,0,,41.883333333,1.99252727831,0.172414751875,0.0104018517619,0.828177558266,0.516650212866,0.217242927457,0.996263639156,0.0862073759377,0.00520092588097,1.63879424778,1.06646757399,0.414102377177,1.6376582374993758,1.0687214130589917,0.4124316002771797
41.833333333333336,7.148715808041357,6.329250096681345,2.521657891760572,1.6151221430918714,1.1086810108894412,0.38015642851638853,1.9926268692511764,0.17128542091449075,0.009973190081420825,DEPTH_PROPOSAL_CERTIFIED,1.2368100180822121,0,32,0,0,148,FULL_MOTION_CERTIFICATE,0,0,0,154,0,0,0,0,0,,41.9,1.99257722957,0.17184929274,0.0101884639114,0.828177558266,0.516650212866,0.217242927457,0.996288614783,0.0859246463699,0.0050942319557,1.64012461665,1.06395491119,0.415646580067,1.6390960237876617,1.066003704376475,0.41410237717695547
41.85,7.175666458283447,6.347671056639228,2.5280386430332564,1.6170390145255167,1.1052575974730339,0.3828450763611045,1.9926762010919057,0.170723098902076,0.009756080319622886,DEPTH_PROPOSAL_CERTIFIED,1.250503021251173,0,32,0,0,148,FULL_MOTION_CERTIFICATE,0,0,0,155,0,0,0,0,0,,41.916666666,1.99262686925,0.171285420914,0.00997319008142,0.828177558266,0.516650212866,0.217242927457,0.996313434626,0.0856427104572,0.00498659504071,1.64135419993,1.06163260178,0.417073797801,1.6404248460159911,1.0634919537928627,0.41564658006664107
41.86666666666667,7.202648186744167,6.36603635113399,2.5344626123885674,1.6189037076432602,1.101917669685778,0.38543816131866865,1.9927252293365552,0.1701622826667455,0.009537186336455243,DEPTH_PROPOSAL_CERTIFIED,1.264673819462459,0,32,0,0,148,FULL_MOTION_CERTIFICATE,0,0,0,155,0,0,0,0,0,,41.933333333,1.99267620109,0.170723098902,0.00975608031962,0.828177558266,0.516650212866,0.217242927457,0.996338100546,0.085361549451,0.00487804015981,1.64249063303,1.05948622477,0.418392893063,1.6416529636797321,1.0611705506812539,0.41707379780095344
41.88333333333333,7.229660072152808,6.384347488302374,2.5409281912536565,1.6207131245185893,1.0986682301031057,0.38793473190536837,1.992773958646437,0.16960292282950182,0.009316560969583247,DEPTH_PROPOSAL_CERTIFIED,1.283549710026783,0,32,0,0,148,FULL_MOTION_CERTIFICATE,0,0,0,155,0,0,0,0,0,,41.95,1.99272522934,0.170162282667,0.00953718633646,0.828177558266,0.516650212866,0.217242927457,0.996362614668,0.0850811413334,0.00476859316823,1.64354097271,1.05750245207,0.419612056864,1.6427880103976065,1.0590250671945003,0.41839289306310673
41.9,7.256701154425592,6.402606067313377,2.547433766741168,1.6224649363671282,1.0955147406602308,0.39033452925071965,1.992822394003303,0.16904496572059197,0.009094257719450508,DEPTH_PROPOSAL_CERTIFIED,1.3003237159572192,0,32,0,0,148,FULL_MOTION_CERTIFICATE,0,0,0,155,0,0,0,0,0,,41.966666666,1.99277395865,0.16960292283,0.00931656096958,0.828177558266,0.516650212866,0.217242927457,0.996386979323,0.0848014614148,0.00465828048479,1.64451174114,1.0556689653,0.420738859701,1.6438370409193033,1.0570421694571555,0.4196120568640073
41.916666666666664,7.283770445838376,6.420813755912187,2.5539777315348045,1.6241574847671219,1.0924613159286958,0.39263788761819873,1.992870540628173,0.16848835430344683,0.008870330348412683,DEPTH_PROPOSAL_CERTIFIED,1.3050332420544535,0,32,0,0,148,FULL_MOTION_CERTIFICATE,0,0,0,155,0,0,0,0,0,,41.983333333,1.992822394,0.169044965721,0.00909425771945,0.828177558266,0.516650212866,0.217242927457,0.996411197002,0.0845224828603,0.00454712885973,1.64540896657,1.05397437894,0.421780298753,1.6448065752470449,1.0552095342039656,0.4207388597014449
41.93333333333333,7.310866940729148,6.438972270844273,2.5605584923020963,1.6257896934463953,1.0895108959251993,0.39484564603753675,1.9929184039109087,0.1679330289836162,0.008644832536478471,DEPTH_PROPOSAL_CERTIFIED,1.3097589882807263,0,32,0,0,148,FULL_MOTION_CERTIFICATE,0,0,0,155,0,0,0,0,0,,42,1.99287054063,0.168488354303,0.00887033034841,0.828177558266,0.516650212866,0.217242927457,0.996435270314,0.0842441771517,0.00443516517421,1.64623822037,1.05240817033,0.422742840906,1.645702639333532,1.0535157718825419,0.4217802987534624
41.95,7.337989623888541,6.457083360852906,2.5671744768002855,1.6273609895629797,1.0866654005175818,0.39695906989121066,1.9929659893493543,0.1673789283148123,0.008417817587394079,DEPTH_PROPOSAL_CERTIFIED,1.3145017137582449,0,32,0,0,148,FULL_MOTION_CERTIFICATE,0,0,0,155,0,0,0,0,0,,42.016666666,1.99291840391,0.167933028984,0.00864483253648,0.828177558266,0.516650212866,0.217242927457,0.996459201955,0.0839665144918,0.00432241626824,1.64700465187,1.05096061398,0.423632463144,1.646530802185301,1.0519503565446622,0.4227428409060218
41.96666666666667,7.365137477781667,6.475148791972036,2.573824139825306,1.628871233587666,1.0839258671478809,0.39897978150124785,1.9930133024969603,0.16682598961295525,0.008189338179456416,DEPTH_PROPOSAL_CERTIFIED,1.319262148781896,0,32,0,0,148,FULL_MOTION_CERTIFICATE,0,0,0,155,0,0,0,0,0,,42.033333333,1.99296598935,0.167378928315,0.00841781758739,0.828177558266,0.516650212866,0.217242927457,0.996482994675,0.0836894641574,0.0042089087937,1.64771302042,1.0496227209,0.424454689809,1.6472962106888396,1.0505035600375265,0.4236324631437031
41.983333333333334,7.392309488730535,6.493170334864084,2.5805059681385942,1.6303206569321484,1.0812925735229169,0.40090969879731586,1.9930603489179393,0.16627414948810415,0.00795944615597406,DEPTH_PROPOSAL_CERTIFIED,1.3240409944150204,0,32,0,0,148,FULL_MOTION_CERTIFICATE,0,0,0,155,0,0,0,0,0,,42.05,1.9930133025,0.166825989613,0.00818933817946,0.828177558266,0.516650212866,0.217242927457,0.996506651248,0.0834129948065,0.00409466908973,1.64836772468,1.04838618336,0.425214626575,1.6480036217348357,1.049166391298353,0.4244546898093471
42.0,7.4195046521725505,6.511149753977705,2.5872184844920056,1.631709806521031,1.0787651468172748,0.40275098120470343,1.99310713414908,0.16572334430317914,0.007728192350808241,DEPTH_PROPOSAL_CERTIFIED,1.328838922341209,0,32,0,0,149,FULL_MOTION_CERTIFICATE,0,0,0,155,0,0,0,0,0,,42.066666666,1.99306034892,0.166274149488,0.00795944615597,0.828177558266,0.516650212866,0.217242927457,0.996530174459,0.0831370747441,0.00397972307799,1.6489728301,1.04724332298,0.42591699233,1.6486574315053992,1.04793054100844,0.42521462657483283
42.016666666666666,7.446721977099974,6.529088798322164,2.593960250859464,1.633039495645512,1.0763426606676203,0.4045059820475245,1.9931536636674592,0.16517351056747598,0.007495626444913361,DEPTH_PROPOSAL_CERTIFIED,1.3336565749336922,0,32,0,0,149,FULL_MOTION_CERTIFICATE,0,0,0,155,0,0,0,0,0,,42.083333333,1.99310713415,0.165723344303,0.00772819235081,0.828177558266,0.516650212866,0.217242927457,0.996553567075,0.0828616721516,0.0038640961754,1.64953209423,1.04618704287,0.426566148599,1.649261702964182,1.0467883296418337,0.42591699232994296
42.03333333333333,7.473960489774328,6.546989193675304,2.600729870972568,1.6343107604613083,1.0740237211884733,0.4061772067862899,1.9931999428633491,0.16462458527221238,0.007261796850187882,DEPTH_PROPOSAL_CERTIFIED,1.3384945655083753,0,32,0,0,149,FULL_MOTION_CERTIFICATE,0,0,0,155,0,0,0,0,0,,42.1,1.99315366367,0.165173510567,0.00749562644491,0.828177558266,0.516650212866,0.217242927457,0.996576831834,0.0825867552837,0.00374781322246,1.65004898987,1.04521078397,0.427166126362,1.6498201912140218,1.045732659542879,0.42656614859922853
42.05,7.501219236799886,6.564852636061331,2.6075259922467535,1.6355248215335803,1.0718065431616837,0.40776727645113764,1.9932459770177111,0.1640765061746249,0.007026750617330535,DEPTH_PROPOSAL_CERTIFIED,1.3433534787306551,0,32,0,0,149,FULL_MOTION_CERTIFICATE,0,0,0,155,0,0,0,0,0,,42.116666666,1.99319994286,0.164624585272,0.00726179685019,0.828177558266,0.516650212866,0.217242927457,0.996599971432,0.0823122926361,0.00363089842509,1.65052672672,1.04430848414,0.42772065123,1.650336366615299,1.0447569712348486,0.42716612636228163
42.06666666666667,7.528497287632214,6.582680786350455,2.614347307175966,1.6366830499390639,1.0696890173470388,0.4092788957525912,1.9932917712837122,0.1635292120364515,0.0067905333647559725,DEPTH_PROPOSAL_CERTIFIED,1.3482338711496125,0,32,0,0,150,FULL_MOTION_CERTIFICATE,0,0,0,155,0,0,0,0,0,,42.133333333,1.99324597702,0.164076506175,0.00702675061733,0.828177558266,0.516650212866,0.217242927457,0.996622988509,0.0820382530873,0.00351337530867,1.65096827141,1.04347454031,0.428233166671,1.6508134364859595,1.0438552024083825,0.42772065123031683
42.083333333333336,7.555793736589757,6.600475265847581,2.621192554265426,1.6377869374526457,1.0676687698276042,0.41071482536762843,1.993337330671781,0.16298264282207553,0.006553189225914459,DEPTH_PROPOSAL_CERTIFIED,1.3531362718363686,0,32,0,0,150,FULL_MOTION_CERTIFICATE,0,0,0,155,0,0,0,0,0,,42.15,1.99329177128,0.163529212036,0.00679053336476,0.828177558266,0.516650212866,0.217242927457,0.996645885642,0.0817646060182,0.00339526668238,1.65137636575,1.04270377404,0.428706855184,1.6512543651183438,1.0430217500905008,0.4282331666710837
42.1,7.58310770442934,6.618237652751684,2.6280605185642503,1.6388380703750545,1.0657432142462584,0.4120778579294552,1.9933826600377524,0.16243673986107066,0.0063147608126433346,DEPTH_PROPOSAL_CERTIFIED,1.3580611831065057,0,32,0,0,150,FULL_MOTION_CERTIFICATE,0,0,0,156,0,0,0,0,0,,42.166666666,1.99333733067,0.162982642822,0.00655318922591,0.828177558266,0.516650212866,0.217242927457,0.996668665336,0.081491321411,0.00327659461296,1.65175354382,1.04199139919,0.429144658176,1.6516618920284418,1.0422514361538382,0.4287068551837432
42.11666666666667,7.610438339540022,6.635969479378888,2.6349500318532844,1.6398381066410097,1.0639095976322508,0.4133707973420747,1.9934277640737164,0.16189144597937066,0.0060752891924422785,DEPTH_PROPOSAL_CERTIFIED,1.3647376450401993,0,32,0,0,150,FULL_MOTION_CERTIFICATE,0,0,0,156,0,0,0,0,0,,42.183333333,1.99338266004,0.162436739861,0.00631476081264,0.828177558266,0.516650212866,0.217242927457,0.996691330019,0.0812183699305,0.00315738040632,1.65210214782,1.0413329921,0.429549294301,1.6520385490856653,1.0415394749413576,0.42914465817603353
42.13333333333333,7.637784818804332,6.65367223005378,2.641859972537468,1.6407887558586602,1.0621650404935892,0.4145964410510518,1.993472647301213,0.16134670560288736,0.005834813877780547,DEPTH_PROPOSAL_CERTIFIED,1.37424411051106,0,32,0,0,150,FULL_MOTION_CERTIFICATE,0,0,0,156,0,0,0,0,0,,42.2,1.99342776407,0.161891445979,0.00607528919244,0.848017624669,0.496810617461,0.184513735611,0.996713882037,0.0809457229897,0.00303764459622,1.65321239743,1.0399189569,0.42867850887,1.6523866763139985,1.0408814434019176,0.42954929430057337
42.15,7.665147342911416,6.671346322257464,2.6487876936103123,1.641751446425131,1.0604455322211304,0.41566326437067963,1.9935173140664673,0.1608024648369882,0.0055933728257487525,DEPTH_PROPOSAL_CERTIFIED,1.3837877728830097,0,32,0,0,150,FULL_MOTION_CERTIFICATE,0,0,0,156,0,0,0,0,0,,42.216666666,1.9934726473,0.161346705603,0.00583481387778,0.848017624669,0.496810617461,0.184513735611,0.996736323651,0.0806733528014,0.00291740693889,1.65507670436,1.03776518925,0.426518549125,1.653496271336077,1.0394675312971307,0.42867850887014014
42.166666666666664,7.692527049194345,6.688991207564806,2.655729120850776,1.6427823769758085,1.05869311844057,0.41648563442783704,1.9935617652873447,0.16025871009426396,0.00535105815034851,DEPTH_PROPOSAL_CERTIFIED,1.3933712923789134,0,32,0,0,150,FULL_MOTION_CERTIFICATE,0,0,0,156,0,0,0,0,0,,42.233333333,1.99351731407,0.160802464837,0.00559337282575,0.848017624669,0.496810617461,0.184513735611,0.996758657033,0.0804012324185,0.00279668641287,1.65768153398,1.03489968118,0.423046023031,1.6553597296940756,1.037313670317731,0.42651854912515835
42.18333333333333,7.719925923569369,6.706605480206383,2.662678831410183,1.6439324625015845,1.0568563584946538,0.4169826335644547,1.9936059988495451,0.1597154643632994,0.005108012756716601,DEPTH_PROPOSAL_CERTIFIED,1.4029983276472533,0,32,0,0,150,FULL_MOTION_CERTIFICATE,0,0,0,156,0,0,0,0,0,,42.25,1.99356176529,0.160258710094,0.00535105815035,0.848017624669,0.496810617461,0.184513735611,0.996780882644,0.0801293550471,0.00267552907517,1.66058711853,1.0317725261,0.418953708418,1.6579635059160527,1.0344478871544749,0.4230460230311902
42.2,7.7473461811213165,6.724187510504818,2.669631030700469,1.6452154531162144,1.0549218179057112,0.41713195741701875,1.9936500100148553,0.15917278319892691,0.004864427661600954,DEPTH_PROPOSAL_CERTIFIED,1.412672766603371,0,32,0,0,150,FULL_MOTION_CERTIFICATE,0,0,0,156,0,0,0,0,0,,42.266666666,1.99360599885,0.159715464363,0.00510801275672,0.848017624669,0.496810617461,0.184513735611,0.996802999425,0.0798577321816,0.00255400637836,1.66327258288,1.02888227688,0.415171417873,1.6608679386146916,1.03132042272062,0.4189537084182995
42.21666666666667,7.774789591237874,6.741736091511906,2.676580754562035,1.6466046069935456,1.0529148604253595,0.41698343169397617,1.9936937934841885,0.15863073073560163,0.004620507430498789,DEPTH_PROPOSAL_CERTIFIED,1.4223978390306256,0,32,0,0,150,FULL_MOTION_CERTIFICATE,0,0,0,156,0,0,0,0,0,,42.283333333,1.99365001001,0.159172783199,0.0048644276616,0.848017624669,0.496810617461,0.184513735611,0.996825005007,0.0795863915995,0.0024322138308,1.66575460311,1.02621098577,0.411675664269,1.6635522842969883,1.0284299791650682,0.4151714178728566
42.233333333333334,7.8022575324346315,6.759250384299769,2.683523776697054,1.6480764718055658,1.0508575672718403,0.41658132810115533,1.993737345466122,0.15808935503621113,0.004376427531173328,DEPTH_PROPOSAL_CERTIFIED,1.4321761955284618,0,32,0,0,151,FULL_MOTION_CERTIFICATE,0,0,0,156,0,0,0,0,0,,42.3,1.99369379348,0.158630730736,0.0046205074305,0.848017624669,0.496810617461,0.184513735611,0.996846896742,0.0793153653678,0.00231025371525,1.66804859151,1.0237420652,0.408444740488,1.6660332225122139,1.0257585907989037,0.4116756642687406
42.25,7.8297510414298666,6.776729869116466,2.690456525362865,1.649610539714179,1.0487690890019041,0.415964919948675,1.993780663467953,0.15754869014882397,0.0041323375562500545,DEPTH_PROPOSAL_CERTIFIED,1.4420099781452427,0,32,0,0,151,FULL_MOTION_CERTIFICATE,0,0,0,156,0,0,0,0,0,,42.316666666,1.99373734547,0.158089355036,0.00437642753117,0.848017624669,0.496810617461,0.184513735611,0.996868672733,0.0790446775181,0.00218821376559,1.67016879278,1.02146018421,0.405458583845,1.6683261681992603,1.0232896541086813,0.4084447404884148
42.266666666666666,7.857270857026551,6.794174301830854,2.6973760084527876,1.6511889358011627,1.0466659628632735,0.41516898539538216,1.9938237461102646,0.1570087579444538,0.003888364125358273,DEPTH_PROPOSAL_CERTIFIED,1.451900883518703,0,32,0,0,151,FULL_MOTION_CERTIFICATE,0,0,0,156,0,0,0,0,0,,42.333333333,1.99378066347,0.157548690149,0.00413233755625,0.848017624669,0.496810617461,0.184513735611,0.996890331734,0.0787743450744,0.00206616877813,1.67212837286,1.01935117286,0.402698651015,1.6704453680623657,1.0210078239719786,0.4054585838452087
42.28333333333333,7.884817459307159,6.811583675145057,2.7042797461710184,1.6527961368366206,1.0445623988522557,0.41422426309387445,1.993866592962643,0.1564695697571947,0.0036446134968142387,DEPTH_PROPOSAL_CERTIFIED,1.4537149540135925,0,32,0,0,151,FULL_MOTION_CERTIFICATE,0,0,0,156,0,0,0,0,0,,42.35,1.99382374611,0.157008757944,0.00388836412536,0.848017624669,0.496810617461,0.184513735611,0.996911873055,0.0785043789722,0.00194418206268,1.6739394999,1.0174019351,0.40014780401,1.6724039894692095,1.0188989179178354,0.4026986510154794
42.3,7.912391104598704,6.82895818410318,2.7111657105823257,1.6544187174927651,1.0424705374874284,0.41315786467845717,1.993909204398393,0.15593112784610755,0.003401173916142091,DEPTH_PROPOSAL_CERTIFIED,1.4516411252338641,0,32,0,0,151,FULL_MOTION_CERTIFICATE,0,0,0,156,0,0,0,0,0,,42.366666666,1.99386659296,0.156469569757,0.00364461349681,0.848017624669,0.496810617461,0.184513735611,0.996933296481,0.0782347848786,0.00182230674841,1.67561342025,1.01560036697,0.397790203136,1.6742142014977304,1.0169498288365328,0.40014780401036587
42.31666666666667,7.9399918566244985,6.8462981954673126,2.718032271380577,1.6560451215470522,1.0404006818475888,0.4119936478949228,1.9939515814663067,0.15539342669638084,0.0031581177262011997,DEPTH_PROPOSAL_CERTIFIED,1.4497975746851985,0,32,0,0,152,FULL_MOTION_CERTIFICATE,0,0,0,156,0,0,0,0,0,,42.383333333,1.9939092044,0.155931127846,0.00340117391614,0.848017624669,0.496810617461,0.184513735611,0.996954602199,0.0779655639231,0.00170058695807,1.67716052854,1.01393528118,0.39561120825,1.6758872510093452,1.0151484430415567,0.39779020313580915
42.333333333333336,7.967619614220071,6.863604220572393,2.7248781472802843,1.657665455734462,1.0383615063048979,0.4107525539824461,1.9939937257777052,0.15485645417572236,0.002915503261529445,DEPTH_PROPOSAL_CERTIFIED,1.4481869840176838,0,32,0,0,152,FULL_MOTION_CERTIFICATE,0,0,0,156,0,0,0,0,0,,42.4,1.99395158147,0.155393426696,0.0031581177262,0.848017624669,0.496810617461,0.184513735611,0.996975790733,0.0776967133482,0.0015790588631,1.67859043166,1.01239633825,0.393597288738,1.67743353282086,1.0134835646840656,0.3956112082502289
42.35,7.995275460897676,6.880875665470011,2.7317000123024893,1.6593508006563937,1.0362866938571749,0.4093119013323105,1.9940356394071657,0.15432019256044147,0.0026733765474547715,DEPTH_PROPOSAL_CERTIFIED,1.4468142991179898,0,32,0,0,152,FULL_MOTION_CERTIFICATE,0,0,0,157,0,0,0,0,0,,42.416666666,1.99399372578,0.154856454176,0.00291550326153,0.848017624669,0.496810617461,0.184513735611,0.996996862889,0.0774282270879,0.00145775163076,1.6799120087,1.01097398199,0.391735939001,1.6799120087039636,1.0109739819949513,0.3917359390006552
42.36666666666667,8.022957611448813,6.898114580156223,2.738499685453063,1.6609290330683062,1.034334881172768,0.4079803890344579,1.9940773210788751,0.1537846664417178,0.0024318565552890227,DEPTH_PROPOSAL_CERTIFIED,1.4486209055509411,0,32,0,0,152,FULL_MOTION_CERTIFICATE,0,0,0,157,0,0,0,0,0,,42.433333333,1.99403563941,0.15432019256,0.00267337654745,0.848017624669,0.496810617461,0.184513735611,0.997017819704,0.0771600962802,0.00133668827373,1.68113346635,1.00965937992,0.390015600498,1.680183468493639,1.010522766423003,0.3917359390006552
42.38333333333333,8.050665614524899,6.915321769491388,2.7452766757898286,1.6624801845651902,1.0324313601099593,0.40661942020594777,1.9941187775944142,0.15324979900196786,0.0021908790967329166,DEPTH_PROPOSAL_CERTIFIED,1.4512750577502462,0,32,0,0,152,FULL_MOTION_CERTIFICATE,0,0,0,157,0,0,0,0,0,,42.45,1.99407732108,0.153784666442,0.00243185655529,0.848017624669,0.496810617461,0.184513735611,0.997038660539,0.0768923332209,0.00121592827764,1.68226238933,1.00844436891,0.388425590673,1.6814042328271754,1.009208403143692,0.39001560049812334
42.4,8.07839893618723,6.93249810310901,2.7520306941196075,1.663999299739966,1.0305800170573467,0.40524109978675726,1.9941600119121383,0.1527155610524816,0.0019504622540631538,DEPTH_PROPOSAL_CERTIFIED,1.4541724478239018,0,32,0,0,152,FULL_MOTION_CERTIFICATE,0,0,0,157,0,0,0,0,0,,42.466666666,1.99411877759,0.153249799002,0.00219087909673,0.848017624669,0.496810617461,0.184513735611,0.997059388797,0.076624899501,0.00109543954837,1.68330578777,1.00732140426,0.386956036228,1.6825325048722322,1.007993631815472,0.38842559067263227
42.416666666666664,8.1061569750139,6.94964450097725,2.7587616252479226,1.6654823296001606,1.0287838720944822,0.4038558676989374,1.9942010271684507,0.1521819208379276,0.0017106169573020034,DEPTH_PROPOSAL_CERTIFIED,1.4573140601729788,0,32,0,0,152,FULL_MOTION_CERTIFICATE,0,0,0,157,0,0,0,0,0,,42.483333333,1.99416001191,0.152715561052,0.00195046225406,0.848017624669,0.496810617461,0.184513735611,0.997080005956,0.0763577805262,0.000975231127032,1.68427014094,1.00628351262,0.385597811579,1.683575293894537,1.006870903547533,0.3869560362275335
42.43333333333333,8.133939075391785,6.966761920776475,2.765469503275076,1.666926022673187,1.0270451879535154,0.40247268162922195,1.9942418266276136,0.1516488445855966,0.00147134795787746,DEPTH_PROPOSAL_CERTIFIED,1.4607007377664054,0,32,0,0,152,FULL_MOTION_CERTIFICATE,0,0,0,157,0,0,0,0,0,,42.5,1.99420102717,0.152181920838,0.0017106169573,0.848017624669,0.496810617461,0.184513735611,0.997100513584,0.076090960419,0.000855308478651,1.68516143705,1.00532424914,0.384342482739,1.6845390781641112,1.0058332414337186,0.38559781157869255
42.45,8.161744539181486,6.983851346901021,2.772154489636966,1.668327827381397,1.0253655674724407,0.40109918171326825,1.9942824136384336,0.15111629698633927,0.001232654696124854,DEPTH_PROPOSAL_CERTIFIED,1.4643332077472042,0,32,0,0,152,FULL_MOTION_CERTIFICATE,0,0,0,157,0,0,0,0,0,,42.516666666,1.99424182663,0.151648844586,0.00147134795788,0.848017624669,0.496810617461,0.184513735611,0.997120913314,0.0758244222928,0.000735673978939,1.68598521067,1.00443765719,0.38318225464,1.6854298448215521,1.0048741976033366,0.38434248273863986
42.46666666666667,8.189572635925616,7.00091378091121,2.778816853616185,1.6696858046478953,1.0237460406113676,0.3997418387531574,1.994322791597033,0.1505842416143631,0.0009945320730805566,DEPTH_PROPOSAL_CERTIFIED,1.4682121040979772,0,32,0,0,152,FULL_MOTION_CERTIFICATE,0,0,0,157,0,0,0,0,0,,42.533333333,1.99428241364,0.151116296986,0.00123265469612,0.848017624669,0.496810617461,0.184513735611,0.997141206819,0.0755581484932,0.000616327348062,1.68674657725,1.00361823124,0.382109922541,1.6862531272991752,1.0039878129062763,0.3831822546398039
42.483333333333334,8.217422611754586,7.017950233278865,2.785456955074934,1.6709985497382125,1.0221871420593327,0.3984060875249793,1.9943629639150129,0.1500526412923929,0.0007569711360831752,DEPTH_PROPOSAL_CERTIFIED,1.472337987649937,0,32,0,0,152,FULL_MOTION_CERTIFICATE,0,0,0,157,0,0,0,0,0,,42.55,1.9943227916,0.150584241614,0.000994532073081,0.886161667349,0.452465645169,0.0999616889792,0.997161395799,0.0752921208072,0.00049726603654,1.6881246649,1.00208128969,0.379665510096,1.6870140398400837,1.0031685797245038,0.38210992254120574
42.5,8.245294548381434,7.034960731723639,2.7920733941884444,1.6723161976109446,1.0206299066865225,0.3969863468106451,1.9944029339923894,0.1495214584080581,0.0005199596868008102,DEPTH_PROPOSAL_CERTIFIED,1.4767133841562572,0,32,0,0,152,FULL_MOTION_CERTIFICATE,0,0,0,157,0,0,0,0,0,,42.566666666,1.99436296392,0.150052641292,0.000756971136083,0.886161667349,0.452465645169,0.0999616889792,0.997181481958,0.0750263206462,0.000378485568042,1.69011761029,0.99982838209,0.375847373048,1.6883915016582791,1.0016316351382362,0.379665510095767
42.516666666666666,8.273189297424956,7.051944397661235,2.7986631426785173,1.6736849426114753,1.0190199562558553,0.39538490940441096,1.9944427024000726,0.14899069247225974,0.00028354846443189057,DEPTH_PROPOSAL_CERTIFIED,1.4813426138063939,0,32,0,0,152,FULL_MOTION_CERTIFICATE,0,0,0,157,0,0,0,0,0,,42.583333333,1.99440293399,0.149521458408,0.000519959686801,0.886161667349,0.452465645169,0.0999616889792,0.997201466996,0.074760729204,0.0002599798434,1.69272318007,0.996861366431,0.370653547085,1.6903836316179504,0.9993785610017145,0.3758473730483531
42.53333333333333,8.301108419243208,7.068899517246731,2.805221664701016,1.6751473090951734,1.0173071751298153,0.39351132134993416,1.9944822671774511,0.14846037729104158,4.784659641970031e-05,DEPTH_PROPOSAL_CERTIFIED,1.487062475853073,0,32,0,0,152,FULL_MOTION_CERTIFICATE,0,0,0,157,0,0,0,0,0,,42.6,1.9944427024,0.148990692472,0.000283548464432,0.886161667349,0.452465645169,0.0999616889792,0.9972213512,0.0744953462361,0.000141774232216,1.69593853344,0.993182607497,0.364081547155,1.6929881801962903,0.9964112453921248,0.3706535470853162
42.55,8.329054125635967,7.085823607673396,2.8117430279177125,1.6767423835656068,1.015445425599921,0.3912817930018114,1.9945216241070722,0.14793057833591106,-0.00018698259273100944,DEPTH_PROPOSAL_CERTIFIED,1.4932512775970472,0,32,0,0,152,FULL_MOTION_CERTIFICATE,0,0,0,157,0,0,0,0,0,,42.616666666,1.99448226718,0.148460377291,4.78465964197e-05,0.886161667349,0.452465645169,0.0999616889792,0.997241133589,0.0742301886455,2.39232982099e-05,1.69975970583,0.988795408008,0.356127928246,1.6962022921048963,0.9927320813352111,0.36408154715471136
42.56666666666667,8.357029225471333,7.102713479631241,2.8182200049415376,1.6785059901213968,1.0133923174703594,0.3886186214293754,1.994560766968834,0.14740139028790597,-0.00042072543230983734,DEPTH_PROPOSAL_CERTIFIED,1.4997030818379484,0,32,0,0,152,FULL_MOTION_CERTIFICATE,0,0,0,157,0,0,0,0,0,,42.633333333,1.99452162411,0.147930578336,-0.000186982592731,0.886161667349,0.452465645169,0.0999616889792,0.997260812054,0.073965289168,-9.34912963655e-05,1.70418013623,0.98370523953,0.346787044257,1.7000219901020275,0.9883443982897183,0.3561279282456695
42.583333333333336,8.385037071155876,7.11956529777111,2.824644164317415,1.6804707410726785,1.0111090883922045,0.38544956255267543,1.9945996877766727,0.146872934721166,-0.0006531214214809052,DEPTH_PROPOSAL_CERTIFIED,1.506426239964405,0,32,0,0,152,FULL_MOTION_CERTIFICATE,0,0,0,157,0,0,0,0,0,,42.65,1.99456076697,0.147401390288,-0.00042072543231,0.886161667349,0.452465645169,0.0999616889792,0.997280383484,0.073700695144,-0.000210362716155,1.70918301002,0.977926159798,0.336044754195,1.7044407026783177,0.983253693638712,0.34678704425693324
42.6,8.413081496218581,7.136374647430874,2.8310059438847595,1.6826655037624219,1.0085609795859218,0.3817067740406936,1.9946383770033294,0.14634535785513744,-0.0008838663792617203,DEPTH_PROPOSAL_CERTIFIED,1.5083004460000995,0,32,0,0,152,FULL_MOTION_CERTIFICATE,0,0,0,158,0,0,0,0,0,,42.666666666,1.99459968778,0.146872934721,-0.000653121421481,0.886161667349,0.452465645169,0.0999616889792,0.997299843888,0.0734364673606,-0.00032656071074,1.71396636776,0.972396245667,0.325732529135,1.7094416085772939,0.9774740521492717,0.33604475419451196
42.61666666666667,8.441165766588947,7.15313776325686,2.8372970489004548,1.6850562222220367,1.0057869495591618,0.37746630094174466,1.9946768238169346,0.145818828055618,-0.0011126149700723415,DEPTH_PROPOSAL_CERTIFIED,1.506368063321928,0,32,0,0,152,FULL_MOTION_CERTIFICATE,0,0,0,158,0,0,0,0,0,,42.683333333,1.994638377,0.146345357855,-0.000883866379262,0.886161667349,0.452465645169,0.0999616889792,0.997319188502,0.0731726789276,-0.000441933189631,1.71838735019,0.9672852641,0.316201532643,1.714222987429339,0.9719437832326869,0.32573252913456446
42.63333333333333,8.469292443291787,7.169851694388036,2.8435107994107223,1.6876006021704877,1.0028358678706903,0.3728250306160609,1.994715019464505,0.14529348926621022,-0.0013390666785931214,DEPTH_PROPOSAL_CERTIFIED,1.5071401772452777,0,32,0,0,152,FULL_MOTION_CERTIFICATE,0,0,0,158,0,0,0,0,0,,42.7,1.99467682382,0.145818828056,-0.00111261497007,0.886161667349,0.452465645169,0.0999616889792,0.997338411908,0.0729094140278,-0.000556307485036,1.72247340971,0.962561478114,0.307392581354,1.718642037541591,0.9668326712713355,0.31620153264271617
42.65,8.497463470519838,7.18651420263784,2.8496419331921237,1.6902616336831797,0.999750494988258,0.36786802688409337,1.9947529576573422,0.14476945470589533,-0.0015629783885958994,DEPTH_PROPOSAL_CERTIFIED,1.5106057665258303,0,32,0,0,152,FULL_MOTION_CERTIFICATE,0,0,0,158,0,0,0,0,0,,42.716666666,1.99471501946,0.145293489266,-0.00133906667859,0.886161667349,0.452465645169,0.0999616889792,0.997357509732,0.0726467446331,-0.000669533339297,1.72624991902,0.958195554973,0.299250975362,1.7227262181380245,0.9621089458225802,0.30739258135408515
42.666666666666664,8.525680254406392,7.203123671429619,2.855686429282209,1.6930070331933527,0.9965681275068424,0.3626697654051389,1.9947906342245885,0.14424681068258965,-0.0017841574383515631,DEPTH_PROPOSAL_CERTIFIED,1.5156865661591328,0,32,0,0,152,FULL_MOTION_CERTIFICATE,0,0,0,158,0,0,0,0,0,,42.733333333,1.99475295766,0.144769454706,-0.0015629783886,0.886161667349,0.452465645169,0.0999616889792,0.997376478829,0.0723847273529,-0.000781489194298,1.72974032937,0.954160383329,0.291726157226,1.7265009072174649,0.957743244233571,0.29925097536189066
42.68333333333333,8.553943733402514,7.219679024439805,2.861641350109442,1.6958087397673607,0.9933211806112113,0.3572952496340133,1.9948280468066062,0.14372562000605554,-0.0020024553968052364,DEPTH_PROPOSAL_CERTIFIED,1.5176883097779947,0,32,0,0,152,FULL_MOTION_CERTIFICATE,0,0,0,158,0,0,0,0,0,,42.75,1.99479063422,0.144246810683,-0.00178415743835,0.886161667349,0.452465645169,0.0999616889792,0.997395317112,0.0721234053413,-0.000892078719176,1.73296631469,0.950430906512,0.284771401082,1.7299895599702615,0.9537084284845099,0.2917261572262776
42.7,8.58225444107722,7.236179653002496,2.867504700420829,1.6986424604816945,0.9900377137611355,0.351801018683104,1.9948651945841551,0.14320592503892327,-0.0022177624913348654,DEPTH_PROPOSAL_CERTIFIED,1.520402221150885,0,32,0,0,152,FULL_MOTION_CERTIFICATE,0,0,0,158,0,0,0,0,0,,42.766666666,1.99482804681,0.143725620006,-0.00200245539681,0.886161667349,0.452465645169,0.0999616889792,0.997414023403,0.071862810003,-0.0010012276984,1.73594790699,0.946983966031,0.278343520799,1.7332138531965524,0.9499794181902264,0.28477140108203647
42.71666666666667,8.610612562085716,7.25262535141376,2.873275301366199,1.7014872605099252,0.9867419046759055,0.3462360567222236,1.9949020780396876,0.14268775042091444,-0.002430002624408034,DEPTH_PROPOSAL_CERTIFIED,1.5238098299587453,0,32,0,0,152,FULL_MOTION_CERTIFICATE,0,0,0,158,0,0,0,0,0,,42.783333333,1.99486519458,0.143205925039,-0.00221776249133,0.886161667349,0.452465645169,0.0999616889792,0.997432597292,0.0716029625195,-0.00110888124567,1.73870362127,0.943798157203,0.272402600768,1.736193820854341,0.9465330338360973,0.2783435207994785
42.733333333333334,8.639017981981306,7.2690162593546805,2.8789526782510215,1.704325193735464,0.9834544764552731,0.3406426130893625,1.994938698747392,0.14217110549824857,-0.0026391289219737423,DEPTH_PROPOSAL_CERTIFIED,1.527892658611513,0,32,0,0,152,FULL_MOTION_CERTIFICATE,0,0,0,158,0,0,0,0,0,,42.8,1.99490207804,0.142687750421,-0.00243000262441,0.886161667349,0.452465645169,0.0999616889792,0.99745103902,0.0713438752105,-0.0012150013122,1.74125056931,0.940853697533,0.266911750446,1.7389479790870395,0.9433478521635545,0.2724026007684534
42.75,8.667470331481026,7.285352810727244,2.884536960612304,1.707140969983239,0.9801930823538683,0.3350569416769679,1.9949750591889286,0.1416559864872367,-0.0028451197617067395,DEPTH_PROPOSAL_CERTIFIED,1.532632329914605,0,32,0,0,152,FULL_MOTION_CERTIFICATE,0,0,0,158,0,0,0,0,0,,42.816666666,1.99493869875,0.142171105498,-0.00263912892197,0.886161667349,0.452465645169,0.0999616889792,0.997469349374,0.0710855527491,-0.00131956446099,1.74360456659,0.938132303157,0.261836873945,1.7414934402060955,0.9404040743167279,0.2669117504457498
42.766666666666666,8.695969025740458,7.301635688261069,2.890028793393117,1.70992165556605,0.9769726520295107,0.3295099668488005,1.9950111625920903,0.14114237839829336,-0.003047975234161549,DEPTH_PROPOSAL_CERTIFIED,1.5380106532055038,0,32,0,0,152,FULL_MOTION_CERTIFICATE,0,0,0,158,0,0,0,0,0,,42.833333333,1.99497505919,0.141655986487,-0.00284511976171,0.886161667349,0.452465645169,0.0999616889792,0.997487529594,0.0708279932436,-0.00142255988085,1.74578023088,0.935617074863,0.257146457489,1.7438460196763454,0.937683402072346,0.2618368739451539
42.78333333333333,8.724513299140337,7.317865783309584,2.895429258106556,1.712656403992877,0.9738057029109347,0.3240278828063696,1.9950470127898894,0.140630256744239,-0.0032477139940778324,DEPTH_PROPOSAL_CERTIFIED,1.5440096921448903,0,32,0,0,152,FULL_MOTION_CERTIFICATE,0,0,0,158,0,0,0,0,0,,42.85,1.99501116259,0.141142378398,-0.00304797523416,0.886161667349,0.452465645169,0.0999616889792,0.997505581296,0.0705711891991,-0.00152398761708,1.74779107212,0.933292394171,0.252811375619,1.746020334800172,0.935168923664306,0.25714645748870896
42.8,8.753102236038567,7.334044160311096,2.9007398029876885,1.7153362138938453,0.9707026200908011,0.3186326928679635,1.9950826140977984,0.1401195890545233,-0.0034443704630769166,DEPTH_PROPOSAL_CERTIFIED,1.5506118169273657,0,32,0,0,152,FULL_MOTION_CERTIFICATE,0,0,0,158,0,0,0,0,0,,42.866666666,1.99504701279,0.140630256744,-0.00324771399408,0.886161667349,0.452465645169,0.0999616889792,0.997523506395,0.0703151283721,-0.00162385699704,1.74964957679,0.931143825784,0.24880470929,1.7480298946856594,0.9328450096851693,0.25281137561940437
42.81666666666667,8.78173479789994,7.35017202543797,2.9059621812228915,1.7179537116817174,0.9676719076120194,0.31334269411207016,1.9951179712071252,0.13961033621489274,-0.0036379923487343934,DEPTH_PROPOSAL_CERTIFIED,1.5577997433154,0,32,0,0,152,FULL_MOTION_CERTIFICATE,0,0,0,158,0,0,0,0,0,,42.883333333,1.9950826141,0.140119589055,-0.00344437046308,0.886161667349,0.452465645169,0.0999616889792,0.997541307049,0.0700597945273,-0.00172218523154,1.75136728576,0.929158027605,0.245101578055,1.7498871846937447,0.930697215370897,0.2488047092901972
42.833333333333336,8.810409847176265,7.366250699002777,2.9110983964327675,1.7205029565796433,0.964720413888513,0.3081729125925675,1.9951530890926916,0.1391024536502601,-0.0038286384481671766,DEPTH_PROPOSAL_CERTIFIED,1.5548817404192286,0,32,0,0,152,FULL_MOTION_CERTIFICATE,0,0,0,158,0,0,0,0,0,,42.9,1.99511797121,0.139610336215,-0.00363799234873,0.943438736661,0.322884524137,0.0752923252421,0.997558985604,0.0698051681074,-0.00181899617437,1.75374595886,0.925665761986,0.241131126303,1.7516037443343397,0.9287121904617339,0.245101578054631
42.85,8.839127166597327,7.38227949892572,2.91614996292258,1.723039165263879,0.9617279953765836,0.30309398938877924,1.9951879729331732,0.1385958923668372,-0.004016376707292482,DEPTH_PROPOSAL_CERTIFIED,1.5348348104335812,0,32,0,0,152,FULL_MOTION_CERTIFICATE,0,0,0,159,0,0,0,0,0,,42.916666666,1.99515308909,0.13910245365,-0.00382863844817,0.943438736661,0.322884524137,0.0752923252421,0.997576544546,0.0695512268251,-0.00191431922408,1.75678230677,0.920662054147,0.236914133135,1.7539809112115579,0.9252204895310421,0.24113112630255862
42.86666666666667,8.86788738525822,7.3982558862348275,2.9211179689878297,1.7256131196536133,0.9585832385464991,0.298080363914984,1.9952226227098417,0.1380906776789427,-0.00420125755351914,DEPTH_PROPOSAL_CERTIFIED,1.5169054635964265,0,32,0,0,152,FULL_MOTION_CERTIFICATE,0,0,0,159,0,0,0,0,0,,42.933333333,1.99518797293,0.138595892367,-0.00401637670729,0.943438736661,0.322884524137,0.0752923252421,0.997593986467,0.0692979461834,-0.00200818835365,1.76047243136,0.914141523552,0.232474420334,1.7570153632083745,0.9202172052194659,0.23691413313467793
42.88333333333333,8.89669190954139,7.41417559902603,2.9260031392657297,1.7282714569902977,0.9551827674721672,0.29311021667401643,1.9952570336674558,0.13758690395560014,-0.00438331614852478,DEPTH_PROPOSAL_CERTIFIED,1.5011050858294812,0,32,0,0,152,FULL_MOTION_CERTIFICATE,0,0,0,159,0,0,0,0,0,,42.95,1.99522262271,0.138090677679,-0.00420125755352,0.943438736661,0.322884524137,0.0752923252421,0.997611311355,0.0690453388395,-0.00210062877676,1.7648115395,0.906098243095,0.227840205066,1.7607031724978492,0.9136970203653161,0.23247442033420815
42.9,8.925542858145963,7.430032775580295,2.9308058979128115,1.731056916274505,0.9514305932559463,0.2881655188249198,1.9952911967363591,0.13708472978160527,-0.0045625746121327635,DEPTH_PROPOSAL_CERTIFIED,1.4874437478598999,0,32,0,0,152,FULL_MOTION_CERTIFICATE,0,0,0,159,0,0,0,0,0,,42.966666666,1.99525703367,0.137586903956,-0.00438331614852,0.943438736661,0.322884524137,0.0752923252421,0.997628516834,0.0687934519778,-0.00219165807426,1.7697934359,0.896525539253,0.223046419122,1.7650395195418367,0.9056540678180474,0.22784020506593716
42.916666666666664,8.954443000273095,7.445820067207746,2.9355264354744097,1.7340085276279504,0.9472374976471679,0.2832322536958965,1.9953250989181863,0.13658437350745958,-0.00473904428181127,DEPTH_PROPOSAL_CERTIFIED,1.4759297979483703,0,32,0,0,152,FULL_MOTION_CERTIFICATE,0,0,0,159,0,0,0,0,0,,42.983333333,1.99529119674,0.137084729782,-0.00456257461213,0.943438736661,0.322884524137,0.0752923252421,0.997645598368,0.0685423648908,-0.00228128730607,1.77540950771,0.885415719935,0.218139152933,1.7700181861399866,0.8960817312200695,0.22304641912180817
42.93333333333333,8.983395695446372,7.461528741254288,2.9401647847774686,1.7371617103968002,0.9425204427925562,0.2783009581835428,1.9953587236370307,0.1360861091665812,-0.004912728111891693,DEPTH_PROPOSAL_CERTIFIED,1.4665694709470365,0,32,0,0,152,FULL_MOTION_CERTIFICATE,0,0,0,159,0,0,0,0,0,,43,1.99532509892,0.136584373507,-0.00473904428181,0.943438736661,0.322884524137,0.0752923252421,0.997662549459,0.0682921867537,-0.00236952214091,1.78164628912,0.87275982051,0.213185692565,1.775630540176771,0.8849723735662891,0.21813915293282343
42.95,9.012404831768576,7.477148774696631,2.9447209178360616,1.7405481793315196,0.9372020065402636,0.27336798351547187,1.995392051057314,0.13559026274164285,-0.005083623406397174,DEPTH_PROPOSAL_CERTIFIED,1.4593665121557942,0,32,0,0,152,FULL_MOTION_CERTIFICATE,0,0,0,159,0,0,0,0,0,,43.016666666,1.99535872364,0.136086109167,-0.00491272811189,0.943438736661,0.322884524137,0.0752923252421,0.997679361819,0.0680430545833,-0.00245636405595,1.78847751637,0.858548547752,0.208304499088,1.7818631003350793,0.8723170842623201,0.21318569256503084
42.96666666666667,9.041474752702142,7.492668940233468,2.9491949000304762,1.7441952560140404,0.9312099322102765,0.26843893166490035,1.9954250583689952,0.13509720875812925,-0.0052517253216245036,DEPTH_PROPOSAL_CERTIFIED,1.4543218137919012,0,32,0,0,152,FULL_MOTION_CERTIFICATE,0,0,0,159,0,0,0,0,0,,43.033333333,1.99539205106,0.135590262742,-0.0050836234064,0.943438736661,0.322884524137,0.0752923252421,0.997696025529,0.0677951313708,-0.0025418117032,1.79581036737,0.842801467473,0.203832511744,1.788689591540796,0.8581066253844283,0.20830449908792403
42.983333333333334,9.07061010537295,7.508076922311317,2.9535873084623647,1.7481211602486082,0.9244789246709709,0.26354450591331874,1.9954577200427475,0.1346073671132417,-0.005417032457061021,DEPTH_PROPOSAL_CERTIFIED,1.4514330602769352,0,32,0,0,152,FULL_MOTION_CERTIFICATE,0,0,0,159,0,0,0,0,0,,43.05,1.99542505837,0.135097208758,-0.00525172532162,0.943438736661,0.322884524137,0.0752923252421,0.997712529184,0.0675486043791,-0.00262586266081,1.80270939069,0.827874768751,0.19979858278,1.7960171919103383,0.8423606326914376,0.2038325117440193
43.0,9.0998146371653,7.523362374897293,2.9578992296175697,1.7522719075411828,0.9171271551586503,0.25871526931231165,1.995490008135112,0.13412119862361374,-0.005579562052317519,DEPTH_PROPOSAL_CERTIFIED,1.4506949690209585,0,32,0,0,153,FULL_MOTION_CERTIFICATE,0,0,0,159,0,0,0,0,0,,43.066666666,1.99545772004,0.134607367113,-0.00541703245706,0.943438736661,0.322884524137,0.0752923252421,0.997728860021,0.0673036835566,-0.00270851622853,1.80908576033,0.814078881388,0.196070254725,1.802911024510596,0.8274355671083335,0.19979858278002172
43.016666666666666,9.12909115186949,7.53851716417685,2.962132053532134,1.7565908822514595,0.9092873567734013,0.25396943487387363,1.9955218999217637,0.13363909157100096,-0.005739349851010531,DEPTH_PROPOSAL_CERTIFIED,1.4520998286648337,0,32,0,0,153,FULL_MOTION_CERTIFICATE,0,0,0,159,0,0,0,0,0,,43.083333333,1.99549000814,0.134121198624,-0.00557956205232,0.943438736661,0.322884524137,0.0752923252421,0.997745004068,0.0670605993118,-0.00278978102616,1.81497907204,0.8013281362,0.192624375547,1.80928237371684,0.8136418164733575,0.19607025472492656
43.03333333333333,9.158441631177713,7.553535092688277,2.9662874215637096,1.761028758493419,0.9010757106856584,0.24932208189455496,1.9955533784206159,0.13316135264460682,-0.005896442649998962,DEPTH_PROPOSAL_CERTIFIED,1.4556379749583412,0,32,0,0,153,FULL_MOTION_CERTIFICATE,0,0,0,159,0,0,0,0,0,,43.1,1.99552189992,0.133639091571,-0.00573934985101,0.943438736661,0.322884524137,0.0752923252421,0.997760949961,0.0668195457855,-0.00286967492551,1.82042592073,0.789543356576,0.189439547827,1.815170848645327,0.800893628415188,0.19262437554686365
43.05,9.18786734318066,7.568411652564933,2.970367180335099,1.7655427201769345,0.8925935925994489,0.24478552628336964,1.9955844316169784,0.13268821703662304,-0.006050896428116853,DEPTH_PROPOSAL_CERTIFIED,1.461298209781452,0,32,0,0,153,FULL_MOTION_CERTIFICATE,0,0,0,159,0,0,0,0,0,,43.116666666,1.99555337842,0.133161352645,-0.00589644265,0.943438736661,0.322884524137,0.0752923252421,0.99777668921,0.0665806763223,-0.002948221325,1.82546012906,0.778651363958,0.186495995116,1.820613052715827,0.7891117519476869,0.18943954782690534
43.06666666666667,9.2173689391395,7.583143805054805,2.9743733412136013,1.7700957575298217,0.8839291493919909,0.2403696527100563,1.995615051775859,0.13221985747882745,-0.0062027746946831655,DEPTH_PROPOSAL_CERTIFIED,1.4517416118529731,0,32,0,0,154,FULL_MOTION_CERTIFICATE,0,0,0,159,0,0,0,0,0,,43.133333333,1.99558443162,0.132688217037,-0.00605089642812,0.943438736661,0.322884524137,0.0752923252421,0.997792215808,0.0663441085183,-0.00302544821406,1.83011295826,0.76858452166,0.18377543865,1.8256428132350253,0.778222942261045,0.18649599511565526
43.083333333333336,9.24694653968866,7.597729783749822,2.9783080447511168,1.7746560329495773,0.8751587217010478,0.23608221225094403,1.9956452348326306,0.1317563923225684,-0.00635214703521949,DEPTH_PROPOSAL_CERTIFIED,1.4303376002765509,0,32,0,0,154,FULL_MOTION_CERTIFICATE,0,0,0,159,0,0,0,0,0,,43.15,1.99561505178,0.132219857479,-0.00620277469468,0.943438736661,0.322884524137,0.0752923252421,0.997807525888,0.0661099287394,-0.00310138734734,1.8344133004,0.759280318944,0.181260984951,1.8302913930705982,0.7681595038715353,0.1837754386497709
43.1,9.276599811513838,7.612168919202878,2.9821735295672935,1.7791963095108558,0.8663481271834003,0.23192908897061332,1.995674979854036,0.1312978927550571,-0.006499087833967797,DEPTH_PROPOSAL_CERTIFIED,1.4040760292472882,0,32,0,0,154,FULL_MOTION_CERTIFICATE,0,0,0,160,0,0,0,0,0,,43.166666666,1.99564523483,0.131756392323,-0.00635214703522,0.943438736661,0.322884524137,0.0752923252421,0.997822617416,0.0658781961613,-0.00317607351761,1.83838785879,0.750680980601,0.178937020311,1.8345876835584587,0.7588588740680933,0.18126098495057555
43.11666666666667,9.306328035455165,7.6264614828184305,2.98597210520587,1.783693436479634,0.8575538169331962,0.22791453831459993,1.9957042885622798,0.1308443892360763,-0.0066436751548283645,DEPTH_PROPOSAL_CERTIFIED,1.3781137738760154,0,32,0,0,154,FULL_MOTION_CERTIFICATE,0,0,0,160,0,0,0,0,0,,43.183333333,1.99567497985,0.131297892755,-0.00649908783397,0.943438736661,0.322884524137,0.0752923252421,0.997837489927,0.0656489463775,-0.00324954391698,1.84206131451,0.742733106781,0.176789113463,1.8385583854987315,0.7502632318807004,0.1789370203112336
43.13333333333333,9.336130166895957,7.640608548101175,2.9897061285403415,1.788127886447694,0.8488239169647677,0.2240414000682818,1.9957331649155619,0.13039587723175075,-0.006785989764028271,DEPTH_PROPOSAL_CERTIFIED,1.3534348849770326,0,32,0,0,154,FULL_MOTION_CERTIFICATE,0,0,0,160,0,0,0,0,0,,43.2,1.99570428856,0.130844389236,-0.00664367515483,0.943438736661,0.322884524137,0.0752923252421,0.997852144281,0.065422194618,-0.00332183757741,1.84545647813,0.735387344626,0.174803926834,1.842228176058028,0.7423191373499332,0.17678911346319778
43.15,9.366004889213576,7.6546118675324815,2.993377983348002,1.7924833390571944,0.8401991658783892,0.22031128845963768,1.9957616147390849,0.12995232231487835,-0.006926114279459414,DEPTH_PROPOSAL_CERTIFIED,1.3300430649041948,0,32,0,0,154,FULL_MOTION_CERTIFICATE,0,0,0,160,0,0,0,0,0,,43.216666666,1.99573316492,0.130395877232,-0.00678598976403,0.943438736661,0.322884524137,0.0752923252421,0.997866582458,0.0651979386159,-0.00339299488201,1.84859443218,0.728598080022,0.172969133245,1.8456198608931027,0.7349772026245649,0.17480392683417667
43.166666666666664,9.39595066099817,7.668473763500834,2.9969900627071584,1.7967463070757346,0.8317137581012004,0.21672476154941472,1.995789645401121,0.12951366469463443,-0.007064132433146852,DEPTH_PROPOSAL_CERTIFIED,1.30794151812292,0,32,0,0,154,FULL_MOTION_CERTIFICATE,0,0,0,160,0,0,0,0,0,,43.233333333,1.99576161474,0.129952322315,-0.00692611427946,0.943438736661,0.322884524137,0.0752923252421,0.99788080737,0.0649761611574,-0.00346305713973,1.85149466263,0.722323153249,0.171273339062,1.848754516901928,0.7281917832194913,0.172969133244692
43.18333333333333,9.42596575767771,7.682197031861994,3.0005447539066092,1.8009058007725471,0.823396101669676,0.2132814719670543,1.9958172655292639,0.12907982323282144,-0.007200128434574196,DEPTH_PROPOSAL_CERTIFIED,1.2871330662405431,0,32,0,0,154,FULL_MOTION_CERTIFICATE,0,0,0,160,0,0,0,0,0,,43.25,1.9957896454,0.129513664695,-0.00706413243315,0.961989795552,0.26219864116,0.0763381020691,0.997894822701,0.0647568323473,-0.00353206621657,1.85486940232,0.714451398989,0.169630089686,1.8516516238736624,0.7219206932050727,0.17127333906225464
43.2,9.456049184107094,7.695782240240734,3.0040443297243935,1.805005585762315,0.8151125027241016,0.20997454906698715,1.9958444847624566,0.12865069899843404,-0.007334186423809419,DEPTH_PROPOSAL_CERTIFIED,1.2676188481228392,0,32,0,0,154,FULL_MOTION_CERTIFICATE,0,0,0,160,0,0,0,0,0,,43.266666666,1.99581726553,0.129079823233,-0.00720012843457,0.961989795552,0.26219864116,0.0763381020691,0.997908632765,0.0645399116164,-0.00360006421729,1.85870051614,0.704979097166,0.168074850538,1.8550229626374626,0.7140525955881345,0.16963008968618415
43.21666666666667,9.48620059638556,7.709227892244935,3.0074910018824172,1.8090847367080107,0.806739120252078,0.2068003294814493,1.995871307289778,0.12822627581207216,-0.0074663865932027345,DEPTH_PROPOSAL_CERTIFIED,1.249398016184893,0,32,0,0,154,FULL_MOTION_CERTIFICATE,0,0,0,160,0,0,0,0,0,,43.283333333,1.99584448476,0.128650698998,-0.00733418642381,0.961989795552,0.26219864116,0.0763381020691,0.997922242381,0.0643253494992,-0.0036670932119,1.86295655322,0.693902036442,0.166667831136,1.8588503782455006,0.7045838540933822,0.1680748505378852
43.233333333333334,9.516420212788553,7.722530578616016,3.0108870016940457,1.8131769841796972,0.7981611822649358,0.20375998869772505,1.9958977323161942,0.1278066142907479,-0.007596807132574837,DEPTH_PROPOSAL_CERTIFIED,1.232467454035078,0,32,0,0,155,FULL_MOTION_CERTIFICATE,0,0,0,160,0,0,0,0,0,,43.3,1.99587130729,0.128226275812,-0.0074663865932,0.961989795552,0.26219864116,0.0763381020691,0.997935653645,0.064113137906,-0.0037331932966,1.8675458375,0.681222672876,0.165576009925,1.8631024033342747,0.6935103388217954,0.16666783113628683
43.25,9.546708655411727,7.735685125356728,3.014234789411265,1.8173065573905203,0.789272804442709,0.20086726303315752,1.9959237544853996,0.12739184632772693,-0.007725527174191794,DEPTH_PROPOSAL_CERTIFIED,1.216821556944499,0,32,0,0,155,FULL_MOTION_CERTIFICATE,0,0,0,160,0,0,0,0,0,,43.316666666,1.99589773232,0.127806614291,-0.00759680713257,0.961989795552,0.26219864116,0.0763381020691,0.997948866158,0.0639033071454,-0.00379840356629,1.8718211217,0.669341961945,0.16459875195,1.8676873505625637,0.6808345950115342,0.16557600992543173
43.266666666666666,9.577066102959645,7.74868775918264,3.0175367835538847,1.8214468528751397,0.7801580295547381,0.198119648557186,1.9959493642774555,0.1269821695064235,-0.007852634453730323,DEPTH_PROPOSAL_CERTIFIED,1.202453961444986,0,32,0,0,155,FULL_MOTION_CERTIFICATE,0,0,0,160,0,0,0,0,0,,43.333333333,1.99592375449,0.127391846328,-0.00772552717419,0.961989795552,0.26219864116,0.0763381020691,0.997961877243,0.0636959231639,-0.0038627635871,1.87577252097,0.658361304178,0.163695528613,1.8719584577875013,0.6689577759214864,0.16459875195033136
43.28333333333333,9.607492311899364,7.761536129378221,3.020795312898595,1.8255725363832151,0.7709022117348833,0.1955117606826387,1.9959745555557478,0.12657772969355052,-0.007978215318057391,DEPTH_PROPOSAL_CERTIFIED,1.187961267213848,0,32,0,0,155,FULL_MOTION_CERTIFICATE,0,0,0,160,0,0,0,0,0,,43.35,1.99594936428,0.126982169506,-0.00785263445373,0.961989795552,0.26219864116,0.0763381020691,0.997974682139,0.0634910847532,-0.00392631722687,1.87942457181,0.64821251444,0.162860731288,1.8759058751817368,0.6579812343326474,0.16369552861315959
43.3,9.637986679426955,7.774229113863258,3.0240126161960896,1.8296620516555617,0.7615790691022974,0.1930381978496926,1.9959993255742055,0.12617862015348463,-0.00810235295939398,DEPTH_PROPOSAL_CERTIFIED,1.1697122375136821,0,32,0,0,155,FULL_MOTION_CERTIFICATE,0,0,0,160,0,0,0,0,0,,43.366666666,1.99597455556,0.126577729694,-0.00797821531806,0.961989795552,0.26219864116,0.0763381020691,0.997987277778,0.0632888648468,-0.00398910765903,1.88279995193,0.638832572988,0.162089176232,1.8795541379781926,0.6478367289847433,0.16286073128774814
43.31666666666667,9.66854829931454,7.7867666464818175,3.027190842446088,1.8336971932544133,0.7522519571132649,0.19069357499982992,1.9960236744757698,0.12578488864522966,-0.008225127400486355,DEPTH_PROPOSAL_CERTIFIED,1.1515347800523725,0,32,0,0,156,FULL_MOTION_CERTIFICATE,0,0,0,160,0,0,0,0,0,,43.383333333,1.99599932557,0.126178620153,-0.00810235295939,0.961989795552,0.26219864116,0.0763381020691,0.997999662787,0.0630893100767,-0.0040511764797,1.88591962162,0.630163232613,0.161376072271,1.8829259207603821,0.6384611908471126,0.16208917623151692
43.333333333333336,9.699176011356231,7.799149563409093,3.0303320516471848,1.8376627225015674,0.7429750156365232,0.18847255206581148,1.996047604849575,0.12539654374809747,-0.008346615500107284,DEPTH_PROPOSAL_CERTIFIED,1.1334271000462914,0,32,0,0,156,FULL_MOTION_CERTIFICATE,0,0,0,160,0,0,0,0,0,,43.4,1.99602367448,0.125784888645,-0.00822512740049,0.961989795552,0.26219864116,0.0763381020691,0.998011837238,0.0628924443226,-0.00411256370024,1.8888029527,0.622150660461,0.160716991338,1.8860421793168503,0.6297963296202683,0.161376072270785
43.35,9.729868445061328,7.811379466774906,3.0334382159483733,1.8415460223059343,0.7337942019488912,0.1863698580713154,1.9960711213406896,0.12501356049215143,-0.008466890975876353,DEPTH_PROPOSAL_CERTIFIED,1.1153879996956961,0,32,0,0,156,FULL_MOTION_CERTIFICATE,0,0,0,161,0,0,0,0,0,,43.416666666,1.99604760485,0.125396543748,-0.00834661550011,0.961989795552,0.26219864116,0.0763381020691,0.998023802425,0.062698271874,-0.00417330775005,1.89146784945,0.614745101807,0.160107840817,1.888922279919213,0.6217882749597741,0.1607169913384617
43.36666666666667,9.760624058183488,7.823458603774238,3.0365112211368674,1.8453367873297113,0.7247482199599504,0.18438031130965124,1.996094230306846,0.12463588536214595,-0.00858602444174964,DEPTH_PROPOSAL_CERTIFIED,1.097416807365661,0,32,0,0,156,FULL_MOTION_CERTIFICATE,0,0,0,161,0,0,0,0,0,,43.433333333,1.99607112134,0.125013560492,-0.00846689097588,0.961989795552,0.26219864116,0.0763381020691,0.99803556067,0.0625067802461,-0.00423344548794,1.89393086023,0.607900569891,0.159544838027,1.891584120619794,0.6143872396948652,0.1601078408173469
43.38333333333333,9.791441170618496,7.8353897596993205,3.0395528684045505,1.8490267461005814,0.7158693555049674,0.1824988360609927,1.9961169395171285,0.1242634407375398,-0.00870408345781148,DEPTH_PROPOSAL_CERTIFIED,1.0795133135270292,0,32,0,0,156,FULL_MOTION_CERTIFICATE,0,0,0,161,0,0,0,0,0,,43.45,1.99609423031,0.124635885362,-0.00858602444175,0.961989795552,0.26219864116,0.0763381020691,0.998047115153,0.0623179426811,-0.00429301222087,1.89620727928,0.60157456313,0.159024486965,1.8940442431052005,0.607547209154169,0.15954483802735717
43.4,9.822317994150152,7.847176163480976,3.0425648763425666,1.8526094118994922,0.7071842268993371,0.18072047628097326,1.9961392578880712,0.12389612882525385,-0.008821132590280938,DEPTH_PROPOSAL_CERTIFIED,1.0616777128707096,0,32,0,0,156,FULL_MOTION_CERTIFICATE,0,0,0,161,0,0,0,0,0,,43.466666666,1.99611693952,0.124263440738,-0.00870408345781,0.961989795552,0.26219864116,0.0763381020691,0.998058469759,0.0621317203688,-0.00435204172891,1.89831124221,0.595727799666,0.158543556467,1.8963179346462065,0.6012256579106403,0.1590244869647348
43.416666666666664,9.853252658479622,7.858821404455808,3.045548883119201,1.856079859768326,0.6987144584899818,0.17904040659808174,1.996161195253088,0.12353383513632431,-0.008937233479906248,DEPTH_PROPOSAL_CERTIFIED,1.0439105520516128,0,32,0,0,156,FULL_MOTION_CERTIFICATE,0,0,0,161,0,0,0,0,0,,43.483333333,1.99613925789,0.123896128825,-0.00882113259028,0.961989795552,0.26219864116,0.0763381020691,0.998069628944,0.0619480644126,-0.00441056629514,1.90025581414,0.590323972486,0.158099060069,1.8984193237681004,0.5953832838958407,0.15854355646680385
43.43333333333333,9.884243233931207,7.870329359199125,3.0485064488017337,1.8594345270951331,0.6904772845990137,0.17745394095196781,1.9961827621615464,0.12317643155296434,-0.009052444917124482,DEPTH_PROPOSAL_CERTIFIED,1.0262126825646258,0,32,0,0,156,FULL_MOTION_CERTIFICATE,0,0,0,161,0,0,0,0,0,,43.5,1.99616119525,0.123533835136,-0.00893723347991,0.961989795552,0.26219864116,0.0763381020691,0.998080597627,0.0617669175682,-0.00446861673995,1.90205307,0.585329526162,0.157688237642,1.9003614684821841,0.5899837631291971,0.15809906006937688
43.45,9.915287751187876,7.881704127378681,3.051439057788169,1.862671035399476,0.6824860907731224,0.1759565391860701,1.9962039697041891,0.12282377902810289,-0.009166822922564271,DEPTH_PROPOSAL_CERTIFIED,1.0085852182993218,0,32,0,0,156,FULL_MOTION_CERTIFICATE,0,0,0,161,0,0,0,0,0,,43.516666666,1.99618276216,0.123176431553,-0.00905244491712,0.961989795552,0.26219864116,0.0763381020691,0.998091381081,0.0615882157765,-0.00452622245856,1.90371417002,0.580713447267,0.157308538149,1.902156436712442,0.5849935260972877,0.15768823764212542
43.46666666666667,9.946384218376826,7.892949975680802,3.0543481213187493,1.8657880313371054,0.6747508981272794,0.17454381183480985,1.9962248293619391,0.1224757299553055,-0.009280420831658193,DEPTH_PROPOSAL_CERTIFIED,0.9910294973555107,0,32,0,0,156,FULL_MOTION_CERTIFICATE,0,0,0,161,0,0,0,0,0,,43.533333333,1.9962039697,0.122823779028,-0.00916682292256,0.961989795552,0.26219864116,0.0763381020691,0.998101984852,0.0614118895141,-0.00458341146128,1.90524942922,0.57644707105,0.156957603748,1.9038153817761854,0.5803815478479891,0.1573085381494338
43.483333333333334,9.977530635793887,7.904071288952915,3.0572349800411383,1.8687850450237846,0.667278796326833,0.17321152334335602,1.9962453528754334,0.12213213024350886,-0.00939328938227606,DEPTH_PROPOSAL_CERTIFIED,0.9735470477369899,0,32,0,0,156,FULL_MOTION_CERTIFICATE,0,0,0,161,0,0,0,0,0,,43.55,1.99622482936,0.122475729955,-0.00928042083166,0.961989795552,0.26219864116,0.0763381020691,0.998112414681,0.0612378649777,-0.00464021041583,1.90666838091,0.572503905158,0.156633255286,1.9053486120012733,0.5761191543613812,0.15695760374761822
43.5,10.00872500852555,7.915072527792815,3.060100906606889,1.8716623638999514,0.6600743303940534,0.17195559394506138,1.9962655521329038,0.12179282112765721,-0.009505476804434223,DEPTH_PROPOSAL_CERTIFIED,0.957131839190704,0,32,0,0,156,FULL_MOTION_CERTIFICATE,0,0,0,161,0,0,0,0,0,,43.566666666,1.99624535288,0.122132130244,-0.00939328938228,0.961989795552,0.26219864116,0.0763381020691,0.998122676438,0.0610660651218,-0.00469664469114,1.90797983617,0.56885946418,0.156333478696,1.9067656541891895,0.5721798460141367,0.15663325528586583
43.516666666666666,10.039965357203274,7.925958191887107,3.0629471082796482,1.8744209206635656,0.6531398456575482,0.1707721003655685,1.9962854390742857,0.12145764074320889,-0.009617028911270272,DEPTH_PROPOSAL_CERTIFIED,0.9433875538776735,0,32,0,0,156,FULL_MOTION_CERTIFICATE,0,0,0,161,0,0,0,0,0,,43.583333333,1.99626555213,0.121792821128,-0.00950547680443,0.961989795552,0.26219864116,0.0763381020691,0.998132776066,0.0608964105638,-0.00475273840222,1.90919193885,0.565491117002,0.156056412436,1.9080753131796615,0.5685391318721795,0.15633347869575454
43.53333333333333,10.071249727100856,7.936732788470258,3.065774729538355,1.877062193855061,0.6464757949890956,0.1696572755224078,1.9963050256096522,0.12112642548987664,-0.009727989190575156,DEPTH_PROPOSAL_CERTIFIED,0.9297788290751252,0,32,0,0,156,FULL_MOTION_CERTIFICATE,0,0,0,161,0,0,0,0,0,,43.6,1.99628543907,0.121457640743,-0.00961702891127,0.963227406594,0.257614940093,0.0763381020691,0.998142719537,0.0607288203716,-0.00480851445564,1.91049973238,0.56168344747,0.155800336045,1.909285726791306,0.5651743768339677,0.15605641243584656
43.55,10.10257643238352,7.9473999284074015,3.068584854661357,1.8796023169600098,0.6400283962286565,0.16860750738014463,1.9963243235502728,0.12079901120747187,-0.009838398896275597,DEPTH_PROPOSAL_CERTIFIED,0.916306048799902,0,32,0,0,156,FULL_MOTION_CERTIFICATE,0,0,0,161,0,0,0,0,0,,43.616666666,1.99630502561,0.12112642549,-0.00972798919058,0.963227406594,0.257614940093,0.0763381020691,0.998152512805,0.0605632127449,-0.00486399459529,1.91170845058,0.558164237968,0.155563659394,1.9105918188403874,0.5613701313512944,0.15580033604453322
43.56666666666667,10.133943789959682,7.957963313098734,3.0713785102793283,1.8820414545689998,0.6338030814797386,0.16761933707819565,1.9963433425657542,0.12047526707481045,-0.009948297173138948,DEPTH_PROPOSAL_CERTIFIED,0.9029697806312127,0,32,0,0,156,FULL_MOTION_CERTIFICATE,0,0,0,161,0,0,0,0,0,,43.633333333,1.99632432355,0.120799011207,-0.00983839889628,0.963227406594,0.257614940093,0.0763381020691,0.998162161775,0.0603995056037,-0.00491919944814,1.91282559928,0.55491163504,0.15534491278,1.911798933398666,0.5578542415429716,0.15556365939442313
43.583333333333336,10.165350128744114,7.968426700021172,3.0741566678868204,1.8843803270660042,0.6278032153463082,0.16668945644952343,1.9963620924379073,0.12015505866598557,-0.010057721109401353,DEPTH_PROPOSAL_CERTIFIED,0.8897707519345985,0,32,0,0,156,FULL_MOTION_CERTIFICATE,0,0,0,161,0,0,0,0,0,,43.65,1.99634334257,0.120475267075,-0.00994829717314,0.963227406594,0.257614940093,0.0763381020691,0.998171671283,0.0602376335374,-0.00497414858657,1.91385811551,0.551905441431,0.155142737879,1.9129145715294595,0.5546048485184532,0.15534491277972182
43.6,10.196793797501446,7.978793872973458,3.0769202463041974,1.8866201254400443,0.6220303771372535,0.16581470504263435,1.9963805829835573,0.11983824923156924,-0.010166705825590469,DEPTH_PROPOSAL_CERTIFIED,0.8767098282207382,0,32,0,0,156,FULL_MOTION_CERTIFICATE,0,0,0,162,0,0,0,0,0,,43.666666666,1.99636209244,0.120155058666,-0.0100577211094,0.963227406594,0.257614940093,0.0763381020691,0.998181046219,0.060077529333,-0.0050288605547,1.91481241075,0.549126989932,0.154955879269,1.9139456656033345,0.5516017509867823,0.15514273787858687
43.61666666666667,10.228273171432008,7.989068616508819,3.0796701140829716,1.8887624358338149,0.6164846121216706,0.16499206672647715,1.996398823988866,0.11952470080719606,-0.01027528456166119,DEPTH_PROPOSAL_CERTIFIED,0.8637879934758947,0,32,0,0,156,FULL_MOTION_CERTIFICATE,0,0,0,162,0,0,0,0,0,,43.683333333,1.99638058298,0.119838249232,-0.0101667058256,0.963227406594,0.257614940093,0.0763381020691,0.998190291492,0.0599191246158,-0.0050833529128,1.91569441095,0.546559027021,0.154783176604,1.914898622637817,0.5488262789315551,0.15495587926935878
43.63333333333333,10.259786657645954,7.9992546940908476,3.0824070918489657,1.8908091728368333,0.6111646549217643,0.16421866595965673,1.9964168251538101,0.11921427516831172,-0.010383488762188963,DEPTH_PROPOSAL_CERTIFIED,0.851006332311365,0,32,0,0,156,FULL_MOTION_CERTIFICATE,0,0,0,162,0,0,0,0,0,,43.7,1.99639882399,0.119524700807,-0.0102752845617,0.963479146768,0.256671829219,0.0763381020691,0.998199411994,0.0597623504036,-0.00513764228083,1.91654773541,0.544042711169,0.154623557475,1.9157793642736605,0.5462611770829038,0.15478317660444685
43.65,10.291332747787717,8.009355649125268,3.085131954578994,1.892765408505843,0.6060573020653183,0.16349176380172953,1.996434596045608,0.11890683464800143,-0.010491348159415548,DEPTH_PROPOSAL_CERTIFIED,0.837717331924726,0,32,0,0,156,FULL_MOTION_CERTIFICATE,0,0,0,162,0,0,0,0,0,,43.716666666,1.99641682515,0.119214275168,-0.0103834887622,0.963479146768,0.256671829219,0.0763381020691,0.998208412577,0.0596071375842,-0.00519174438109,1.91733641402,0.541717025449,0.154476030713,1.916631483667763,0.5437475972166724,0.1546235574750172
43.666666666666664,10.322909966238177,8.019374997130967,3.087845433807648,1.8946331070276579,0.6011608803419632,0.16280875371924786,1.9964521456566455,0.11860224962235924,-0.010598890861345264,DEPTH_PROPOSAL_CERTIFIED,0.8241264549209761,0,32,0,0,156,FULL_MOTION_CERTIFICATE,0,0,0,162,0,0,0,0,0,,43.733333333,1.99643459605,0.118906834648,-0.0104913481594,0.963479146768,0.256671829219,0.0763381020691,0.998217298023,0.059453417324,-0.00524567407971,1.9180653443,0.539567527905,0.154339680212,1.9174190289938018,0.5414245353170289,0.1544760307129711
43.68333333333333,10.3545168738137,8.029316209617367,3.090548219761672,1.8964144545315142,0.5964727491840387,0.16216715724143738,1.996469482840249,0.11830039129529311,-0.010706143421903534,DEPTH_PROPOSAL_CERTIFIED,0.810275296110061,0,32,0,0,156,FULL_MOTION_CERTIFICATE,0,0,0,162,0,0,0,0,0,,43.75,1.99645214566,0.118602249622,-0.0105988908613,0.963479146768,0.256671829219,0.0763381020691,0.998226072828,0.0593011248112,-0.00529944543067,1.91873905259,0.537580871088,0.154213659295,1.9181468940785629,0.539277549057356,0.15433968021214892
43.7,10.386152070716518,8.039182700566048,3.09324096342031,1.8981118141683142,0.5919894569206636,0.16156461951821682,1.9964866162773245,0.11800113230514221,-0.010813130916780309,DEPTH_PROPOSAL_CERTIFIED,0.7961689144353823,0,32,0,0,156,FULL_MOTION_CERTIFICATE,0,0,0,162,0,0,0,0,0,,43.766666666,1.99646948284,0.118300391295,-0.0107061434219,0.963479146768,0.256671829219,0.0763381020691,0.99823474142,0.0591501956476,-0.00535307171095,1.91936172233,0.535744718688,0.154097185424,1.9188196017372658,0.5372932913075104,0.15421365929492895
43.71666666666667,10.41781419882876,8.0489778152139,3.095924278500545,1.8997276867346125,0.58770687887117,0.16099890481411494,1.996503554449096,0.11770434723520905,-0.010919877016679388,DEPTH_PROPOSAL_CERTIFIED,0.7798853703730588,0,32,0,0,156,FULL_MOTION_CERTIFICATE,0,0,0,162,0,0,0,0,0,,43.783333333,1.99648661628,0.118001132305,-0.0108131309168,0.963479146768,0.256671829219,0.0763381020691,0.998243308139,0.0590005661526,-0.00540656545839,1.91993722016,0.534047668635,0.153989535324,1.9194413320434536,0.5354594266673446,0.15409718542407166
43.733333333333334,10.449501943433011,8.058704820866302,3.098598743366778,1.9012646762551717,0.5836203391440975,0.16046789197399244,1.9965203056151628,0.11740991303926583,-0.01102640405793114,DEPTH_PROPOSAL_CERTIFIED,0.7621689325547092,0,32,0,0,156,FULL_MOTION_CERTIFICATE,0,0,0,162,0,0,0,0,0,,43.8,1.99650355445,0.117704347235,-0.0109198770167,0.970963770108,0.226574293888,0.0767687858931,0.998251777225,0.0588521736176,-0.00545993850834,1.92091088123,0.530732432709,0.15390869042,1.9200159484059944,0.5337645544738098,0.1539895353244977
43.75,10.481214591889563,8.068364693923451,3.1012649264128664,1.9027589073931592,0.5795923834289664,0.15997098276532615,1.9965368777962182,0.11711770939196324,-0.011132733110449058,DEPTH_PROPOSAL_CERTIFIED,0.7446048723147569,0,32,0,0,156,FULL_MOTION_CERTIFICATE,0,0,0,162,0,0,0,0,0,,43.816666666,1.99652030562,0.117409913039,-0.0110264040579,0.970963770108,0.226574293888,0.0767687858931,0.998260152808,0.0587049565196,-0.00551320202897,1.92227554174,0.525797386632,0.15386117941,1.9209885272766094,0.5304513237043628,0.15390869041959693
43.766666666666666,10.51295197895644,8.077956291490537,3.1039233950607787,1.9042432240127591,0.5754958540251978,0.15950811887475655,1.9965532738862408,0.11682770218506021,-0.01123888501112273,DEPTH_PROPOSAL_CERTIFIED,0.7271905569401749,0,32,0,0,156,FULL_MOTION_CERTIFICATE,0,0,0,162,0,0,0,0,0,,43.833333333,1.9965368778,0.117117709392,-0.0111327331104,0.970963770108,0.226574293888,0.0767687858931,0.998268438898,0.058558854696,-0.00556636655522,1.92376432953,0.520293689639,0.15383666368,1.9223518867718796,0.5255181952992181,0.15386117940980704
43.78333333333333,10.544714108531538,8.087477839299039,3.1065747027804154,1.9057277745059598,0.5712928685101789,0.15907846317820387,1.996569492079396,0.1165399372740854,-0.01134488069464608,DEPTH_PROPOSAL_CERTIFIED,0.7099227366772944,0,32,0,0,156,FULL_MOTION_CERTIFICATE,0,0,0,162,0,0,0,0,0,,43.85,1.99655327389,0.116827702185,-0.0112388850111,0.970963770108,0.226574293888,0.0767687858931,0.998276636943,0.0584138510925,-0.00561944250556,1.92514033037,0.515206939396,0.153814005203,1.923839290523008,0.5200164452269452,0.15383666368026078
43.8,10.576500841877857,8.096928224052183,3.109219363457154,1.9072040007792352,0.5670230851886844,0.15867964060432405,1.99658552919007,0.11625448450423079,-0.011450740651352813,DEPTH_PROPOSAL_CERTIFIED,0.6927986472435992,0,32,0,0,156,FULL_MOTION_CERTIFICATE,0,0,0,162,0,0,0,0,0,,43.866666666,1.99656949208,0.116539937274,-0.0113448806946,0.970963770108,0.226574293888,0.0767687858931,0.99828474604,0.058269968637,-0.00567244034732,1.92641208864,0.51050554931,0.153793063278,1.925213961313197,0.5149317286664487,0.15381400520299002
43.81666666666667,10.60831191921874,8.106306903437266,3.1118578542130275,1.9086646404522907,0.5627207631048176,0.15830944535235378,1.9966013835064658,0.11597138896948009,-0.011556483918400907,DEPTH_PROPOSAL_CERTIFIED,0.6758159642659278,0,32,0,0,156,FULL_MOTION_CERTIFICATE,0,0,0,162,0,0,0,0,0,,43.883333333,1.99658552919,0.116254484504,-0.0114507406514,0.970963770108,0.226574293888,0.0767687858931,0.998292764595,0.0581272422521,-0.00572537032568,1.92758750166,0.506160324864,0.153773707862,1.9264844444635592,0.5102324336816626,0.1537930632783185
43.833333333333336,10.6401469788792,8.115613825979636,3.114490618027624,1.9101035796276522,0.5584153525422445,0.15796582887580177,1.9966170545793018,0.11569067434027869,-0.011662128183401043,DEPTH_PROPOSAL_CERTIFIED,0.6589727611676788,0,32,0,0,156,FULL_MOTION_CERTIFICATE,0,0,0,162,0,0,0,0,0,,43.9,1.99660138351,0.115971388969,-0.0115564839184,0.970963770108,0.226574293888,0.0767687858931,0.998300691753,0.0579856944847,-0.0057782419592,1.92867386824,0.502144284095,0.153755818765,1.927658637567065,0.5058893436788501,0.153773707861867
43.85,10.67200557422092,8.124849359765696,3.1171180661728886,1.9115157205033864,0.5541320271636382,0.15764688871588295,1.996632543034593,0.11541234583043951,-0.011767689880713753,DEPTH_PROPOSAL_CERTIFIED,0.6422674702961371,0,32,0,0,156,FULL_MOTION_CERTIFICATE,0,0,0,163,0,0,0,0,0,,43.916666666,1.99661705458,0.11569067434,-0.0116621281834,0.970963770108,0.226574293888,0.0767687858931,0.99830852729,0.0578453371701,-0.0058310640917,1.92967793426,0.498432489068,0.153739284904,1.9287438391873446,0.5018754575446384,0.153755818764873
43.86666666666667,10.703887188595537,8.134014229149802,3.119740580474956,1.9128968624770921,0.5498921630464082,0.1573508581240372,1.996647850408061,0.11513639283866794,-0.011873184280929563,DEPTH_PROPOSAL_CERTIFIED,0.6256988470845852,0,32,0,0,156,FULL_MOTION_CERTIFICATE,0,0,0,163,0,0,0,0,0,,43.933333333,1.99663254303,0.11541234583,-0.0117676898807,0.970963770108,0.226574293888,0.0767687858931,0.998316271517,0.0577061729152,-0.00588384494036,1.93060593473,0.495001890417,0.153724003606,1.9297467945563047,0.4981658208161998,0.15373928490351885
43.88333333333333,10.7357912485197,8.143109458643627,3.122358515415258,1.914243595449863,0.5457137696294907,0.15707609641815953,1.9966629789989183,0.11486279129693117,-0.011978625574009204,DEPTH_PROPOSAL_CERTIFIED,0.6092659370531384,0,32,0,0,156,FULL_MOTION_CERTIFICATE,0,0,0,163,0,0,0,0,0,,43.95,1.99664785041,0.115136392839,-0.0118731842809,0.970963770108,0.226574293888,0.0767687858931,0.998323925204,0.0575681964193,-0.00593659214046,1.93146363213,0.491831185608,0.153709879983,1.9306737377176684,0.49473736994309403,0.15372400360645183
43.9,10.76771713525509,8.152136323264557,3.1249722000822846,1.9155532041235188,0.5416118772558255,0.15682108002158898,1.9966779317410173,0.11459150575487505,-0.012084026946529174,DEPTH_PROPOSAL_CERTIFIED,0.5929680454631832,0,32,0,0,156,FULL_MOTION_CERTIFICATE,0,0,0,163,0,0,0,0,0,,43.966666666,1.996662979,0.114862791297,-0.011978625574,0.970963770108,0.226574293888,0.0767687858931,0.998331489499,0.0574313956485,-0.005989312787,1.93225635241,0.488900685889,0.153696826333,1.931530429942121,0.4915687902971063,0.1537098799834282
43.916666666666664,10.799664194959743,8.161096304685532,3.127581939984552,1.916823582279215,0.5375988852585666,0.15658439413606334,1.996692712089529,0.11432249122666321,-0.012189400653447022,DEPTH_PROPOSAL_CERTIFIED,0.5768047094462214,0,32,0,0,156,FULL_MOTION_CERTIFICATE,0,0,0,163,0,0,0,0,0,,43.983333333,1.99667793174,0.114591505755,-0.0120840269465,0.970963770108,0.226574293888,0.0767687858931,0.998338965871,0.0572957528774,-0.00604201347326,1.93298901817,0.486192193554,0.153684761594,1.932322195778709,0.48864038289200445,0.15369682633265036
43.93333333333333,10.831631747560891,8.169991052591584,3.13018801873462,1.9180531560690448,0.5336848743631507,0.1563647250040924,1.9967073239215098,0.11405569482423579,-0.012294758084771401,DEPTH_PROPOSAL_CERTIFIED,0.5667417767992085,0,32,0,0,156,FULL_MOTION_CERTIFICATE,0,0,0,163,0,0,0,0,0,,44,1.99669271209,0.114322491227,-0.0121894006534,0.970963770108,0.226574293888,0.0767687858931,0.998346356045,0.0571612456133,-0.00609470032672,1.93366617894,0.483688890036,0.153673610851,1.9330539563049702,0.48593394143907365,0.15368476159404681
43.95,10.863619094484488,8.178822350707101,3.1327906996132837,1.91924081541513,0.5298778869308276,0.15616085271975277,1.996721771448858,0.1137910571987071,-0.012400109827495683,DEPTH_PROPOSAL_CERTIFIED,0.5568928518722069,0,32,0,0,156,FULL_MOTION_CERTIFICATE,0,0,0,163,0,0,0,0,0,,44.016666666,1.99670732392,0.114055694824,-0.0122947580848,0.970963770108,0.226574293888,0.0767687858931,0.998353661961,0.0570278474121,-0.00614737904239,1.93429203962,0.481375230866,0.153663304861,1.9337302594373624,0.4834326402565037,0.1536736108508103
43.96666666666667,10.895625525363833,8.187592087007115,3.135390227022428,1.9203858527608566,0.5261841780008361,0.15597164454867185,1.9967360591423335,0.11352851380948742,-0.012505465723128965,DEPTH_PROPOSAL_CERTIFIED,0.5471944973298035,0,32,0,0,156,FULL_MOTION_CERTIFICATE,0,0,0,163,0,0,0,0,0,,44.033333333,1.99672177145,0.113791057199,-0.0124001098275,0.970963770108,0.226574293888,0.0767687858931,0.998360885724,0.0568955285994,-0.00620005491375,1.93487048665,0.479236848771,0.153653779628,1.9343553083787217,0.4811209290549359,0.15366330486148452
43.983333333333334,10.927650323837996,8.19630222767314,3.137986827834451,1.9214879084499392,0.522608439961587,0.1557960487213727,1.9967501916654262,0.11326799603893083,-0.012610834921134484,DEPTH_PROPOSAL_CERTIFIED,0.5376466905942836,0,32,0,0,156,FULL_MOTION_CERTIFICATE,0,0,0,163,0,0,0,0,0,,44.05,1.99673605914,0.113528513809,-0.0125054657231,0.970963770108,0.226574293888,0.0767687858931,0.998368029571,0.0567642569047,-0.00625273286156,1.93540511193,0.477260465323,0.153644976004,1.9349329878567485,0.4789844358827457,0.1536537796283231
44.0,10.95969277253892,8.204954794398104,3.1405807126455674,1.922546922055533,0.5191540034978341,0.15563308866700729,1.9967641738169948,0.11300943216859506,-0.012716225928565094,DEPTH_PROPOSAL_CERTIFIED,0.5282495381147534,0,32,0,0,157,FULL_MOTION_CERTIFICATE,0,0,0,163,0,0,0,0,0,,44.066666666,1.99675019167,0.113267996039,-0.0126108349211,0.970963770108,0.226574293888,0.0767687858931,0.998375095833,0.0566339980195,-0.00630541746057,1.93589923526,0.475433808006,0.153636839321,1.9354668880437766,0.4770098786400468,0.15364497600374896
44.016666666666666,10.991752157357208,8.213551844681808,3.143172076939833,1.9235630890973499,0.5158230170223144,0.15548185765594097,1.9967780104816975,0.1127527482315975,-0.012821646656163388,DEPTH_PROPOSAL_CERTIFIED,0.5190032600475689,0,32,0,0,157,FULL_MOTION_CERTIFICATE,0,0,0,163,0,0,0,0,0,,44.083333333,1.99676417382,0.113009432169,-0.0127162259286,0.970963770108,0.226574293888,0.0767687858931,0.998382086908,0.0565047160843,-0.00635811296428,1.93635592504,0.473745533712,0.153629319053,1.935960327007516,0.47518498202097015,0.15363683932093197
44.03333333333333,11.023827771067316,8.222095454793639,3.145761102170206,1.9245368226065882,0.5126166067098362,0.15534151382238515,1.9967917065873468,0.11249786875421343,-0.012927104461177192,DEPTH_PROPOSAL_CERTIFIED,0.509908176221358,0,32,0,0,157,FULL_MOTION_CERTIFICATE,0,0,0,163,0,0,0,0,0,,44.1,1.99677801048,0.112752748232,-0.0128216466562,0.970963770108,0.226574293888,0.0767687858931,0.998389005241,0.0563763741158,-0.00641082332808,1.93677801711,0.472185158989,0.153622368502,1.936416371419297,0.4734984008976007,0.15362931905300403
44.05,11.055918916384528,8.230587705112235,3.1483479567625485,1.9254687190328228,0.5095350191157937,0.15521127554056466,1.9968052670683951,0.11224471739857857,-0.013032606187122231,DEPTH_PROPOSAL_CERTIFIED,0.5009646933011608,0,32,0,0,157,FULL_MOTION_CERTIFICATE,0,0,0,163,0,0,0,0,0,,44.116666666,1.99679170659,0.112497868754,-0.0129271044612,0.970963770108,0.226574293888,0.0767687858931,0.998395853294,0.0562489343771,-0.00646355223059,1.93716813248,0.470742994561,0.153615944509,1.9368378554328853,0.4719396504684719,0.15362236850235478
44.06666666666667,11.088024908519142,8.23903066757929,3.1509327970480343,1.926359528076133,0.5065777480230966,0.1550904171290801,1.996818696834855,0.11199321751715391,-0.013138158200708471,DEPTH_PROPOSAL_CERTIFIED,0.49217329306955715,0,32,0,0,157,FULL_MOTION_CERTIFICATE,0,0,0,163,0,0,0,0,0,,44.116666666,1.99679170659,0.112497868754,-0.0129271044612,0.970963770108,0.226574293888,0.0767687858931,0.998395853294,0.0562489343771,-0.00646355223059,1.93716813248,0.470742994561,0.153615944509,1.9372273984045134,0.4704990406922073,0.15361594450896884
44.083333333333336,11.120145077286523,8.247426395030915,3.1535157681290396,1.927210126042943,0.5037436470975896,0.15497826486031438,1.9968320007460232,0.11174329262861367,-0.013243766426130827,DEPTH_PROPOSAL_CERTIFIED,0.48353452174646394,0,32,0,0,158,FULL_MOTION_CERTIFICATE,0,0,0,163,0,0,0,0,0,,44.15,1.99681869683,0.111993217517,-0.0131381582007,0.966154658017,0.253849209295,0.0458885141657,0.998409348417,0.0559966087586,-0.00656907910035,1.93769098314,0.469187527669,0.15237704747,1.9375874212380277,0.46916761580640115,0.1536100071813728
44.1,11.152278553130047,8.2557781866842,3.156095454844653,1.928008550611635,0.5011074991971135,0.15478120293683736,1.9968451835884395,0.111494866823858,-0.013349436376910868,DEPTH_PROPOSAL_CERTIFIED,0.4750502452570997,0,32,0,0,158,FULL_MOTION_CERTIFICATE,0,0,0,164,0,0,0,0,0,,44.166666666,1.99683200075,0.111743292629,-0.0132437664261,0.966154658017,0.253849209295,0.0458885141657,0.998416000373,0.0558716463143,-0.00662188321307,1.93764820556,0.470094672392,0.149935990857,1.9377493303496758,0.4689464948113039,0.15237704747041753
44.11666666666667,11.184424273659015,8.264090518087942,3.1586690238682467,1.928743231738235,0.4987398842245655,0.15441414141562146,1.9968582531509802,0.1112478166714794,-0.013455114590531005,DEPTH_PROPOSAL_CERTIFIED,0.4667236533293291,0,32,0,0,158,FULL_MOTION_CERTIFICATE,0,0,0,164,0,0,0,0,0,,44.183333333,1.99684518359,0.111494866824,-0.0133494363769,0.966154658017,0.253849209295,0.0458885141657,0.998422591794,0.0557474334119,-0.00667471818846,1.93738905614,0.472163364336,0.146319447216,1.9377063414827558,0.46985498155947814,0.14993599085678708
44.13333333333333,11.216580983999217,8.272368992161315,3.1612323723183553,1.9294026204121635,0.4967084444024407,0.15380090700653576,1.9968712200370449,0.11100197372534099,-0.013560693818662286,DEPTH_PROPOSAL_CERTIFIED,0.4634290891635441,0,32,0,0,158,FULL_MOTION_CERTIFICATE,0,0,0,164,0,0,0,0,0,,44.2,1.99685825315,0.111247816671,-0.0134551145905,0.966154658017,0.253849209295,0.0458885141657,0.998429126575,0.0556239083357,-0.00672755729527,1.93700422733,0.474855413954,0.142187445702,1.9374471622340914,0.47192487857251675,0.14631944721568965
44.15,11.248747365813397,8.280619574187263,3.1637810573072214,1.9299829088508929,0.49503492155686746,0.15292109933198164,1.9968840975198068,0.11075712623289431,-0.01366601848154647,DEPTH_PROPOSAL_CERTIFIED,0.4648242701647791,0,32,0,0,158,FULL_MOTION_CERTIFICATE,0,0,0,164,0,0,0,0,0,,44.216666666,1.99687122004,0.111001973725,-0.0135606938187,0.966154658017,0.253849209295,0.0458885141657,0.998435610019,0.0555009868627,-0.00678034690933,1.93664855225,0.477343520267,0.138368474842,1.9370624278033908,0.47461794284087266,0.14218744570242065
44.166666666666664,11.280922237481978,8.288847519747257,3.166311367770217,1.9304923001148881,0.49367673359974845,0.1518186277797272,1.9968968996828094,0.11051304813038824,-0.013770919726545872,DEPTH_PROPOSAL_CERTIFIED,0.4663249521315441,0,32,0,0,158,FULL_MOTION_CERTIFICATE,0,0,0,164,0,0,0,0,0,,44.216666666,1.99687122004,0.111001973725,-0.0135606938187,0.966154658017,0.253849209295,0.0458885141657,0.998435610019,0.0555009868627,-0.00678034690933,1.93664855225,0.477343520267,0.138368474842,1.9367068735356299,0.4771068405228952,0.1383684748422224
44.18333333333333,11.313104540952642,8.297057448027877,3.168820239081638,1.9309382082399522,0.49259569683715043,0.1505322786852729,1.9969096388779843,0.1102695398854904,-0.013875256020715078,DEPTH_PROPOSAL_CERTIFIED,0.46793903837637185,0,32,0,0,158,FULL_MOTION_CERTIFICATE,0,0,0,164,0,0,0,0,0,,44.25,1.99689689968,0.11051304813,-0.0137709197265,0.966154658017,0.253849209295,0.0458885141657,0.998448449841,0.0552565240652,-0.00688545986327,1.93601599599,0.481768534226,0.131576562743,1.936378287365733,0.47940704833345366,0.13483881973292963
44.2,11.345293329797848,8.305253408091975,3.1713051764082847,1.931327330711659,0.49175760384572825,0.1490962395987612,1.996922325906827,0.1100264257810359,-0.013978909997475366,DEPTH_PROPOSAL_CERTIFIED,0.4696737602604768,0,32,0,0,158,FULL_MOTION_CERTIFICATE,0,0,0,164,0,0,0,0,0,,44.266666666,1.99690963888,0.110269539885,-0.0138752560207,0.966154658017,0.253849209295,0.0458885141657,0.998454819439,0.0551347699427,-0.00693762801036,1.93573518692,0.483732919326,0.128561446621,1.93607462486648,0.4815328693503818,0.13157656274332521
44.21666666666667,11.37748775837257,8.313438938760383,3.173764185966019,1.9316657144834997,0.49113184010450617,0.1475405734640522,1.9969349701838235,0.10978355145738355,-0.014081785623156543,DEPTH_PROPOSAL_CERTIFIED,0.47153574292896083,0,32,0,0,158,FULL_MOTION_CERTIFICATE,0,0,0,164,0,0,0,0,0,,44.283333333,1.99692232591,0.110026425781,-0.0139789099975,0.966154658017,0.253849209295,0.0458885141657,0.998461162953,0.0550132128905,-0.00698945499874,1.93547565124,0.485548487488,0.12577474821,1.9357939964999558,0.48349752246159633,0.1285614466206012
44.233333333333334,11.409687071974275,8.32161712269239,3.176195713421159,1.9319588161023673,0.4906910359203865,0.14589164730841378,1.9969475798838539,0.10954078168980916,-0.01418380565308064,DEPTH_PROPOSAL_CERTIFIED,0.47353106577450443,0,32,0,0,159,FULL_MOTION_CERTIFICATE,0,0,0,164,0,0,0,0,0,,44.3,1.99693497018,0.109783551457,-0.0140817856232,0.966154658017,0.253849209295,0.0458885141657,0.998467485092,0.0548917757287,-0.00704089281158,1.93523577736,0.487226512605,0.123199163319,1.9355346558525526,0.4853132248741262,0.12577474820962373
44.25,11.441890597915377,8.32979063519942,3.1785985887500496,1.9322115564661633,0.49041075042178556,0.14417251973344705,1.996960162075127,0.10929799837945667,-0.014284909349629312,DEPTH_PROPOSAL_CERTIFIED,0.475665317930011,0,32,0,0,159,FULL_MOTION_CERTIFICATE,0,0,0,164,0,0,0,0,0,,44.316666666,1.99694757988,0.10954078169,-0.0141838056531,0.966154658017,0.253849209295,0.0458885141657,0.998473789942,0.0547703908449,-0.00709190282654,1.93501407575,0.488777414512,0.120818698642,1.9352949889044733,0.4869912673388539,0.12319916331885167
44.266666666666666,11.474097737426538,8.337961788280106,3.180971976931098,1.9324283706697882,0.490269184841211,0.14240329086290515,1.9969727228390204,0.10905509873832202,-0.014385050437320525,DEPTH_PROPOSAL_CERTIFIED,0.47794364909987785,0,32,0,0,159,FULL_MOTION_CERTIFICATE,0,0,0,164,0,0,0,0,0,,44.316666666,1.99694757988,0.10954078169,-0.0141838056531,0.966154658017,0.253849209295,0.0458885141657,0.998473789942,0.0547703908449,-0.00709190282654,1.93501407575,0.488777414512,0.120818698642,1.9350735039540115,0.4885420847582013,0.12081869864229264
44.28333333333333,11.506307958316047,8.34613257032099,3.1833153339015356,1.9326132533705904,0.4902469224530268,0.1406014182262901,1.9969852673780897,0.10881199365042069,-0.01448419527211818,DEPTH_PROPOSAL_CERTIFIED,0.48037081603854714,0,32,0,0,159,FULL_MOTION_CERTIFICATE,0,0,0,164,0,0,0,0,0,,44.35,1.99697272284,0.109055098738,-0.0143850504373,0.966154658017,0.253849209295,0.0458885141657,0.99848636142,0.0545275493692,-0.00719252521866,1.93461978685,0.491535641743,0.116585121736,1.934868822320376,0.48997532131717936,0.11861857205958513
44.3,11.53852078831729,8.35430468186618,3.1856283672652945,1.932769800074708,0.49032669271146173,0.13878200182554679,1.9969978001133672,0.10856860619288511,-0.014582321204293251,DEPTH_PROPOSAL_CERTIFIED,0.48295122497781695,0,32,0,0,159,FULL_MOTION_CERTIFICATE,0,0,0,164,0,0,0,0,0,,44.366666666,1.99698526738,0.10881199365,-0.0144841952721,0.966154658017,0.253849209295,0.0458885141657,0.998492633689,0.0544059968252,-0.00724209763606,1.93444475119,0.492760094486,0.114705720796,1.9346796698649433,0.4912998898643678,0.11658512173647688
44.31666666666667,11.57073580906218,8.362479567824174,3.1879110012843204,1.9329012446925964,0.490493157479422,0.13695804114149832,1.9970103247719713,0.10832487030222679,-0.014679415116115443,DEPTH_PROPOSAL_CERTIFIED,0.48568897029485636,0,32,0,0,160,FULL_MOTION_CERTIFICATE,0,0,0,164,0,0,0,0,0,,44.383333333,1.99699780011,0.108568606193,-0.0145823212043,0.966154658017,0.253849209295,0.0458885141657,0.998498900057,0.0542843030964,-0.00729116060215,1.93428297579,0.493891785728,0.112968698605,1.9345048690308333,0.49252402764853653,0.11470572079611581
44.333333333333336,11.60295265062373,8.370658446446624,3.1901633457294354,1.9330104936930284,0.4907327173470548,0.1351406667069119,1.9970228444659406,0.10808072957227272,-0.014775472117313119,DEPTH_PROPOSAL_CERTIFIED,0.487525771057998,0,32,0,0,160,FULL_MOTION_CERTIFICATE,0,0,0,164,0,0,0,0,0,,44.4,1.99701032477,0.108324870302,-0.0146794151161,0.966154658017,0.253849209295,0.0458885141657,0.998505162386,0.0541624351511,-0.00733970755806,1.93413345611,0.494937742784,0.111363269007,1.9343433314982996,0.49365534773217484,0.11296869860495652
44.35,11.635170986576432,8.378842335382862,3.1923856682077574,1.933100157162284,0.49103333617424594,0.13333934869931782,1.9970353617631342,0.10783613617150113,-0.01487049438282467,DEPTH_PROPOSAL_CERTIFIED,0.47873090336525426,0,32,0,0,160,FULL_MOTION_CERTIFICATE,0,0,0,165,0,0,0,0,0,,44.416666666,1.99702284447,0.108080729572,-0.0147754721173,0.966154658017,0.253849209295,0.0458885141657,0.998511422233,0.0540403647861,-0.00738773605866,1.93399526369,0.495904460609,0.109879462954,1.9341940514872007,0.494700885865978,0.11136326900666843
44.36666666666667,11.667390529526998,8.38703207508717,3.1945783696182195,1.9331725770340398,0.49138438225852266,0.1315620846277224,1.9970478787509445,0.10759104986863163,-0.014964490118848614,DEPTH_PROPOSAL_CERTIFIED,0.46960378631856203,0,32,0,0,160,FULL_MOTION_CERTIFICATE,0,0,0,165,0,0,0,0,0,,44.416666666,1.99702284447,0.108080729572,-0.0147754721173,0.966154658017,0.253849209295,0.0458885141657,0.998511422233,0.0540403647861,-0.00738773605866,1.93399526369,0.495904460609,0.109879462954,1.934056099469462,0.4956671444866987,0.10987946295425693
44.38333333333333,11.699611027072683,8.395228349830674,3.1967419624197633,1.9332298527411846,0.4917764846103351,0.12981556809262917,1.9970603970935092,0.10734543715629752,-0.015057472644448835,DEPTH_PROPOSAL_CERTIFIED,0.460138267017443,0,32,0,0,160,FULL_MOTION_CERTIFICATE,0,0,0,165,0,0,0,0,0,,44.45,1.99704787875,0.107591049869,-0.0149644901188,0.966154658017,0.253849209295,0.0458885141657,0.998523939375,0.0537955249343,-0.00748224505942,1.93374949308,0.497623735968,0.107240563458,1.933928616368353,0.49656013330244697,0.10850806636449038
44.4,11.731832258148074,8.403431706546003,3.1988770514275764,1.9332738645236058,0.4922014029197704,0.12810534046878197,1.9970729180830369,0.10709927046354653,-0.015149459577169953,DEPTH_PROPOSAL_CERTIFIED,0.4499032549091002,0,32,0,0,160,FULL_MOTION_CERTIFICATE,0,0,0,165,0,0,0,0,0,,44.466666666,1.99706039709,0.107345437156,-0.0150574726444,0.966154658017,0.253849209295,0.0458885141657,0.998530198547,0.0536727185781,-0.00752873632222,1.93364038876,0.498386969469,0.106069083571,1.9338108082691456,0.4973854062948813,0.10724056345784462
44.416666666666664,11.76405402972464,8.411642571712761,3.2009843168787,1.9333062945940813,0.4926519100054497,0.12643592706742596,1.9970854426858167,0.10685252744878042,-0.015240472112237672,DEPTH_PROPOSAL_CERTIFIED,0.43923921912786545,0,32,0,0,160,FULL_MOTION_CERTIFICATE,0,0,0,165,0,0,0,0,0,,44.483333333,1.99707291808,0.107099270464,-0.0151494595772,0.966154658017,0.253849209295,0.0458885141657,0.998536459042,0.0535496352318,-0.00757472978858,1.93353954992,0.499092382295,0.104986352092,1.9337019414538819,0.4981480964507379,0.10606908357088128
44.43333333333333,11.796276173830533,8.419861266472692,3.2030644995331374,1.9333286463536823,0.4931216855959111,0.12481095926623387,1.9970979715834136,0.1066051903654772,-0.015330534385859651,DEPTH_PROPOSAL_CERTIFIED,0.42898978160466805,0,32,0,0,160,FULL_MOTION_CERTIFICATE,0,0,0,165,0,0,0,0,0,,44.5,1.99708544269,0.106852527449,-0.0152404721122,0.964940559644,0.258723869361,0.0441777746899,0.998542721343,0.0534262637244,-0.00762023605612,1.93326239607,0.500482939628,0.10372644277,1.9336013378208148,0.49885294779954015,0.10498635209168922
44.45,11.828498312711359,8.428088952731022,3.2051180603233127,1.933328332848865,0.49366117549966076,0.12321364741046804,1.997110505209516,0.10635724549373914,-0.015419672914044507,DEPTH_PROPOSAL_CERTIFIED,0.41902870363366274,0,32,0,0,160,FULL_MOTION_CERTIFICATE,0,0,0,165,0,0,0,0,0,,44.516666666,1.99709797158,0.106605190365,-0.0153305343859,0.964924676219,0.258786927862,0.0441553529208,0.998548985792,0.0533025951827,-0.00766526719293,1.93300383217,0.501777705947,0.102558583959,1.9333245080900945,0.5002429523254045,0.10372644277013283
44.46666666666667,11.86072012070327,8.436326583362353,3.2071455414879164,1.9333084795148465,0.4942578378799007,0.12164886987623723,1.9971230457966862,0.10610864656686866,-0.015507903517702785,DEPTH_PROPOSAL_CERTIFIED,0.4093479775747314,0,32,0,0,160,FULL_MOTION_CERTIFICATE,0,0,0,165,0,0,0,0,0,,44.533333333,1.99711050521,0.106357245494,-0.015419672914,0.964925570121,0.258783863765,0.0441537765197,0.998555252605,0.0531786227469,-0.00770983645702,1.93276499187,0.502973919727,0.101478960383,1.9330662688398204,0.5015371189188282,0.10255858395862015
44.483333333333334,11.892941321715204,8.444574914569134,3.2091475555950786,1.9332720607161507,0.49489987240689043,0.12012084642974546,1.9971355951021739,0.10585935529570514,-0.015595245181273393,DEPTH_PROPOSAL_CERTIFIED,0.39993969552080966,0,32,0,0,160,FULL_MOTION_CERTIFICATE,0,0,0,165,0,0,0,0,0,,44.533333333,1.99711050521,0.106357245494,-0.015419672914,0.964925570121,0.258783863765,0.0441537765197,0.998555252605,0.0531786227469,-0.00770983645702,1.93276499187,0.502973919727,0.101478960383,1.9328277513720618,0.5027326936361657,0.10147896038254486
44.5,11.925161683630282,8.452834530041129,3.211124771826334,1.9332217149047948,0.4955769283196864,0.11863297387531355,1.997148154439337,0.10560934091559908,-0.015681719641769173,DEPTH_PROPOSAL_CERTIFIED,0.39079605956350905,0,32,0,0,160,FULL_MOTION_CERTIFICATE,0,0,0,165,0,0,0,0,0,,44.566666666,1.9971355951,0.105859355296,-0.0155952451813,0.964927832546,0.258775870264,0.0441511828535,0.998567797551,0.0529296776479,-0.00779762259064,1.93234072322,0.505099576617,0.0995583103387,1.9326074960062516,0.5038370104557979,0.10048092871124303
44.516666666666666,11.957381013227355,8.461105862754298,3.213077903886457,1.9331597758244508,0.4962799627901572,0.11718792360739129,1.9971607247339525,0.1053585792742146,-0.015767350870461654,DEPTH_PROPOSAL_CERTIFIED,0.38190938919966777,0,32,0,0,160,FULL_MOTION_CERTIFICATE,0,0,0,165,0,0,0,0,0,,44.583333333,1.99714815444,0.105609340916,-0.0156817196418,0.964928969146,0.25877184961,0.0441499077384,0.99857407722,0.0528046704578,-0.00784085982088,1.93215263345,0.506042313196,0.0987053940443,1.9324041190442542,0.5048569833299013,0.0995583103387387
44.53333333333333,11.989599151619078,8.469389214459008,3.215007699419354,1.9330883035034663,0.4970011022826818,0.11578773197382042,1.997173306574905,0.10510705200735396,-0.01585216461507498,DEPTH_PROPOSAL_CERTIFIED,0.3732721261801386,0,32,0,0,160,FULL_MOTION_CERTIFICATE,0,0,0,165,0,0,0,0,0,,44.6,1.99716072473,0.105358579274,-0.0157673508705,0.965113879367,0.25808161123,0.0441484065183,0.998580362367,0.0526792896371,-0.00788367543523,1.9320068096,0.506809048762,0.0979168651643,1.9322163411874569,0.5057990040914823,0.09870539404425473
44.55,12.021816005298195,8.477684641799453,3.2169149307264813,1.9330112207471457,0.49772564042664275,0.11443387842764256,1.9971859002594226,0.10485474580126296,-0.015936187998159535,DEPTH_PROPOSAL_CERTIFIED,0.37102877153458347,0,32,0,0,160,FULL_MOTION_CERTIFICATE,0,0,0,165,0,0,0,0,0,,44.616666666,1.99717330657,0.105107052007,-0.0158521646151,0.965117545597,0.25806811336,0.0441471635185,0.998586653287,0.0525535260037,-0.00792608230754,1.93187258852,0.507515653125,0.0971878850323,1.9320708111200346,0.5065650057829671,0.09791686516427178
44.56666666666667,12.05403150248365,8.485992121199002,3.218800386789423,1.9329298311265481,0.4984487639728009,0.11312736377647756,1.9971985055661705,0.10460165683418578,-0.016019449172753445,DEPTH_PROPOSAL_CERTIFIED,0.3716570303034019,0,32,0,0,160,FULL_MOTION_CERTIFICATE,0,0,0,165,0,0,0,0,0,,44.616666666,1.99717330657,0.105107052007,-0.0158521646151,0.965117545597,0.25806811336,0.0441471635185,0.998586653287,0.0525535260037,-0.00792608230754,1.93187258852,0.507515653125,0.0971878850323,1.9319368777552592,0.5072708712359268,0.09718788503227094
44.583333333333336,12.086245589888348,8.494311562474245,3.2206648663111803,1.932845244282032,0.49916647651456175,0.11186877130544354,1.9972111220970459,0.10434778439561727,-0.016101977008559816,DEPTH_PROPOSAL_CERTIFIED,0.3721684259521565,0,32,0,0,160,FULL_MOTION_CERTIFICATE,0,0,0,165,0,0,0,0,0,,44.65,1.99719850557,0.104601656834,-0.0160194491728,0.965119867541,0.258059851002,0.0441447004515,0.998599252783,0.0523008284171,-0.00800972458638,1.93163439739,0.508770486895,0.0958908717633,1.9318132847789362,0.5079225695240446,0.09651394315882757
44.6,12.118458230322243,8.502642819087407,3.222509171717354,1.932758426033858,0.4998753967897474,0.11065832437043652,1.997223749308328,0.10409313036706176,-0.01618380082586856,DEPTH_PROPOSAL_CERTIFIED,0.37256535160451043,0,32,0,0,160,FULL_MOTION_CERTIFICATE,0,0,0,166,0,0,0,0,0,,44.666666666,1.9972111221,0.104347784396,-0.0161019770086,0.965121015191,0.258055766622,0.0441434859196,0.998605561049,0.0521738921978,-0.00805098850428,1.93152891505,0.509326626748,0.0953148187618,1.931699243406133,0.5085242241470133,0.09589087176334989
44.61666666666667,12.150669400558852,8.510985697203179,3.224334104010386,1.932670214196684,0.5005726869462961,0.1094959375819059,1.9972363865345206,0.10383769883159868,-0.016264950165603056,DEPTH_PROPOSAL_CERTIFIED,0.37285012649448446,0,32,0,0,160,FULL_MOTION_CERTIFICATE,0,0,0,166,0,0,0,0,0,,44.683333333,1.99722374931,0.104093130367,-0.0161838008259,0.965122165725,0.258051669532,0.0441422822031,0.998611874654,0.0520465651835,-0.00809190041293,1.93143159811,0.509840014055,0.0947822237242,1.9315940297831613,0.5090796268561908,0.09531481876183157
44.63333333333333,12.182879089432829,8.519339963696313,3.22614045838188,1.9325813324387435,0.5012559895880362,0.10838126228965896,1.997249033009368,0.10358149572845589,-0.016345454591399775,DEPTH_PROPOSAL_CERTIFIED,0.3730250056128753,0,32,0,0,160,FULL_MOTION_CERTIFICATE,0,0,0,166,0,0,0,0,0,,44.7,1.99723638653,0.103837698832,-0.0162649501656,0.966625966532,0.25305039333,0.0399967406323,0.998618193267,0.0519188494158,-0.0081324750828,1.93156950227,0.509556739246,0.0936618644246,1.9314969749918687,0.5095922818172659,0.09478222372424544
44.65,12.21508758348971,8.52770439718712,3.2279282276550596,1.9325096434129818,0.5018660094485197,0.10726615639079076,1.9972616878843807,0.10332452854709376,-0.0164253435201964,DEPTH_PROPOSAL_CERTIFIED,0.3730909053111475,0,32,0,0,160,FULL_MOTION_CERTIFICATE,0,0,0,166,0,0,0,0,0,,44.716666666,1.99724903301,0.103581495728,-0.0163454545914,0.966660323048,0.252929366249,0.0399318861781,0.998624516505,0.0517907478642,-0.0081727272957,1.93170216468,0.509276587231,0.0926165544612,1.931635037298689,0.5093082517464185,0.09366186442459795
44.666666666666664,12.24729514093404,8.536077872824661,3.229697499956106,1.9324534466599792,0.5024085382524675,0.10615633806279368,1.9972743485693498,0.1030668434150169,-0.016504615577020845,DEPTH_PROPOSAL_CERTIFIED,0.3730488702313868,0,32,0,0,160,FULL_MOTION_CERTIFICATE,0,0,0,166,0,0,0,0,0,,44.716666666,1.99724903301,0.103581495728,-0.0163454545914,0.966660323048,0.252929366249,0.0399318861781,0.998624516505,0.0517907478642,-0.0081727272957,1.93170216468,0.509276587231,0.0926165544612,1.931767846273347,0.5090273896606312,0.09261655446122845
44.68333333333333,12.279501988204798,8.544459376003669,3.2314484562580645,1.932410836245542,0.5028901907404584,0.10505737811751148,1.997287012654725,0.1028084827994994,-0.01658327305538296,DEPTH_PROPOSAL_CERTIFIED,0.37290008191829427,0,32,0,0,160,FULL_MOTION_CERTIFICATE,0,0,0,166,0,0,0,0,0,,44.75,1.99727434857,0.103066843415,-0.016504615577,0.966664805703,0.25291284805,0.0399279940232,0.998637174285,0.0515334217075,-0.00825230778851,1.93193914236,0.508774510402,0.0907565759537,1.9318909891894096,0.5087663510939475,0.0916500667850679
44.7,12.311708323173077,8.552847992597492,3.233181355991635,1.932380098096083,0.5033169956291647,0.10397398401418892,1.9972996779374221,0.10254948496141743,-0.016661321832869957,DEPTH_PROPOSAL_CERTIFIED,0.37264584063856554,0,32,0,0,160,FULL_MOTION_CERTIFICATE,0,0,0,166,0,0,0,0,0,,44.766666666,1.99728701265,0.102808482799,-0.0165832730554,0.966666685884,0.252905888735,0.039926555627,0.998643506327,0.0514042413997,-0.00829163652769,1.9320447658,0.508550060947,0.0899305559337,1.9320050926726813,0.5085240152713786,0.09075657595365899
44.71666666666667,12.343914318169054,8.56124289956351,3.234896524124093,1.932359699758704,0.5036944179610925,0.10291008794748546,1.9973123424031323,0.10228988432544052,-0.016738770827067335,DEPTH_PROPOSAL_CERTIFIED,0.37228754898582983,0,32,0,0,160,FULL_MOTION_CERTIFICATE,0,0,0,166,0,0,0,0,0,,44.783333333,1.99729967794,0.102549484961,-0.0166613218329,0.966668569709,0.252898913396,0.0399251291712,0.998649838969,0.0512747424807,-0.00833066091643,1.93214267289,0.508341558355,0.08916689701,1.9321108400426803,0.508298970410612,0.08993055593370246
44.733333333333334,12.376120122717278,8.569643356384754,3.2365943397427412,1.9323482728935788,0.5040274092746738,0.10186893711888789,1.9973250042092647,0.10202971183684408,-0.016815631506168754,DEPTH_PROPOSAL_CERTIFIED,0.37182669758016185,0,32,0,0,160,FULL_MOTION_CERTIFICATE,0,0,0,166,0,0,0,0,0,,44.8,1.9973123424,0.102289884325,-0.0167387708271,0.950780720398,0.309520859863,0.0145896891016,0.998656171202,0.0511449421627,-0.00836938541353,1.93182548436,0.509610566452,0.087753287484,1.9322088651390519,0.5080899033003663,0.08916689700999673
44.75,12.408325351138444,8.578050544290099,3.2382743325714465,1.9323137052700838,0.5044312743207372,0.10079956972230752,1.9973376616694005,0.1017689952867522,-0.016891917455890436,DEPTH_PROPOSAL_CERTIFIED,0.37122776715028083,0,32,0,0,160,FULL_MOTION_CERTIFICATE,0,0,0,166,0,0,0,0,0,,44.816666666,1.99732500421,0.102029711837,-0.0168156315062,0.950780720398,0.309520859863,0.0145896891016,0.998662502105,0.0510148559184,-0.00840781575308,1.93109129385,0.512361632173,0.0857014056574,1.9318919802634456,0.5093584278827106,0.08775328748402624
44.766666666666666,12.440529120714677,8.586467426317473,3.2399352620616857,1.9322261745741183,0.5050129216425132,0.09965576941435872,1.9973503172093807,0.10150768729087367,-0.016967609273090833,DEPTH_PROPOSAL_CERTIFIED,0.37005111725590345,0,32,0,0,160,FULL_MOTION_CERTIFICATE,0,0,0,166,0,0,0,0,0,,44.816666666,1.99732500421,0.102029711837,-0.0168156315062,0.950780720398,0.309520859863,0.0145896891016,0.998662502105,0.0510148559184,-0.00840781575308,1.93109129385,0.512361632173,0.0857014056574,1.9311583000833392,0.5121090189681811,0.08570140565738243
44.78333333333333,12.472730086180823,8.594898619794082,3.2415751956468752,1.9320579279689014,0.5058716085965819,0.09839601511138871,1.9973629770326746,0.10124567054158173,-0.017042657532123976,DEPTH_PROPOSAL_CERTIFIED,0.36819716013078896,0,32,0,0,160,FULL_MOTION_CERTIFICATE,0,0,0,166,0,0,0,0,0,,44.85,1.99735031721,0.101507687291,-0.0169676092731,0.950780720398,0.309520859863,0.0145896891016,0.998675158605,0.0507538436454,-0.00848380463655,1.92836040741,0.522337056426,0.0797552874519,1.9300053193852562,0.5163475894362202,0.08302701261515366
44.8,12.50492646983897,8.603350282525469,3.2431915929597674,1.9317830194889634,0.5070997638832985,0.09698383877354581,1.9973756508125422,0.10098276259200661,-0.01711698572936252,DEPTH_PROPOSAL_CERTIFIED,0.36567821166585046,0,32,0,0,160,FULL_MOTION_CERTIFICATE,0,0,0,166,0,0,0,0,0,,44.866666666,1.99736297703,0.101245670542,-0.0170426575321,0.950780720398,0.309520859863,0.0145896891016,0.998681488516,0.0506228352708,-0.00852132876606,1.92635059327,0.529591545804,0.0759489979679,1.92842913603372,0.5220832583812423,0.07975528745186142
44.81666666666667,12.537116082736395,8.611830022473313,3.244781431130229,1.9313767738446845,0.50878439687051,0.09539029022766055,1.9973883514108932,0.10071872011873591,-0.01719049346929459,DEPTH_PROPOSAL_CERTIFIED,0.3625061943942993,0,32,0,0,160,FULL_MOTION_CERTIFICATE,0,0,0,166,0,0,0,0,0,,44.883333333,1.99737565081,0.100982762592,-0.0171169857294,0.950780720398,0.309520859863,0.0145896891016,0.998687825406,0.050491381296,-0.00855849286468,1.92447262714,0.536368074267,0.0724058448845,1.9264205769844849,0.529336919314483,0.07594899796786805
44.833333333333336,12.569297068257086,8.62034426736728,3.2463422485363678,1.9308591312416201,0.5108546936380577,0.09364904436833248,1.997401094630965,0.10045324227289597,-0.01726306125477403,DEPTH_PROPOSAL_CERTIFIED,0.35869125006509683,0,32,0,0,160,FULL_MOTION_CERTIFICATE,0,0,0,166,0,0,0,0,0,,44.9,1.99738835141,0.100718720119,-0.0171904934693,0.950780720398,0.309520859863,0.0145896891016,0.998694175705,0.0503593600594,-0.00859524673465,1.92273693117,0.542631229351,0.0691311124947,1.9245438914842332,0.5361123142021409,0.07240584488452868
44.85,12.601467890085038,8.628898309458283,3.2478721089578175,1.93024930967723,0.5132425254602275,0.091791625286996,1.9974138936532753,0.10018607383300443,-0.017334591163068357,DEPTH_PROPOSAL_CERTIFIED,0.35424192072910565,0,32,0,0,160,FULL_MOTION_CERTIFICATE,0,0,0,167,0,0,0,0,0,,44.916666666,1.99740109463,0.100453242273,-0.0172630612548,0.950780720398,0.309520859863,0.0145896891016,0.998700547315,0.0502266211364,-0.00863153062739,1.92113272741,0.548419902633,0.0661044660785,1.9228094865916683,0.5423740736907018,0.06913111249468949
44.86666666666667,12.633627294323265,8.637496440700797,3.2493695360974386,1.929564254293769,0.5158878745508646,0.08984562837726306,1.9974267591521462,0.0999170035869307,-0.017405005520336265,DEPTH_PROPOSAL_CERTIFIED,0.34916536432307754,0,32,0,0,160,FULL_MOTION_CERTIFICATE,0,0,0,167,0,0,0,0,0,,44.916666666,1.99740109463,0.100453242273,-0.0172630612548,0.950780720398,0.309520859863,0.0145896891016,0.998700547315,0.0502266211364,-0.00863153062739,1.92113272741,0.548419902633,0.0661044660785,1.9212065786155443,0.5481611334566383,0.06610446607851984
44.88333333333333,12.665774275513684,8.646142073968628,3.250833455007897,1.928818871425262,0.5187379960698792,0.08783513462750853,1.9974396995995594,0.09964585915064499,-0.017474244411509025,DEPTH_PROPOSAL_CERTIFIED,0.34346754566836746,0,32,0,0,160,FULL_MOTION_CERTIFICATE,0,0,0,167,0,0,0,0,0,,44.95,1.99742675915,0.0999170035869,-0.0174050055203,0.950780720398,0.309520859863,0.0145896891016,0.998713379576,0.0499585017935,-0.00870250276017,1.91827970463,0.558714864689,0.0607216765351,1.9197252004294787,0.5535094786018595,0.0633071108805016
44.9,12.697908046184981,8.65483785164201,3.2522631397540973,1.9280262402780035,0.5217466604030098,0.08578108477201986,1.9974527215371625,0.09937250231744217,-0.017542263450093906,DEPTH_PROPOSAL_CERTIFIED,0.3371534054144729,0,32,0,0,160,FULL_MOTION_CERTIFICATE,0,0,0,167,0,0,0,0,0,,44.966666666,1.9974396996,0.0996458591506,-0.0174742444115,0.950780720398,0.309520859863,0.0145896891016,0.9987198498,0.0498229295753,-0.00873712220575,1.91701316954,0.563285080797,0.0583321085752,1.918356140281448,0.5584523652672049,0.06072167653505649
44.916666666666664,12.730028009588668,8.66358574278539,3.253658166702069,1.9271978042213798,0.5248734686027319,0.08370161687832105,1.997465829819609,0.09909682488722163,-0.017609031782934173,DEPTH_PROPOSAL_CERTIFIED,0.3302270092713234,0,32,0,0,160,FULL_MOTION_CERTIFICATE,0,0,0,167,0,0,0,0,0,,44.983333333,1.99745272154,0.0993725023174,-0.0175422634501,0.950780720398,0.309520859863,0.0145896891016,0.998726360769,0.0496862511587,-0.00877113172505,1.91584258401,0.567509068679,0.0561235683513,1.917090884330568,0.5630205286393443,0.05833210857519408
44.93333333333333,12.76213373531483,8.672387130022475,3.255018372881699,1.9263435435697946,0.5280832342251816,0.08161237077779118,1.9974790278320604,0.09881874492983837,-0.01767453030716692,DEPTH_PROPOSAL_CERTIFIED,0.32269167967455603,0,32,0,0,160,FULL_MOTION_CERTIFICATE,0,0,0,167,0,0,0,0,0,,45,1.99746582982,0.0990968248872,-0.0176090317829,0.950780720398,0.309520859863,0.0145896891016,0.99873291491,0.0495484124436,-0.00880451589147,1.9147606792,0.571413057473,0.0540823417841,1.915921563620457,0.5672423748190705,0.0561235683513253
44.95,12.794224937508364,8.68124288710997,3.2563438189237113,1.9254721316113768,0.531345425249487,0.07952676252069457,1.9974923176844286,0.0985382034407677,-0.01773875007872652,DEPTH_PROPOSAL_CERTIFIED,0.3145501118266334,0,32,0,0,160,FULL_MOTION_CERTIFICATE,0,0,0,167,0,0,0,0,0,,45.016666666,1.99747902783,0.0988187449298,-0.0176745303072,0.950780720398,0.309520859863,0.0145896891016,0.998739513916,0.0494093724649,-0.00883726515358,1.91376073694,0.575021289318,0.0521957537095,1.9148409057186815,0.5711441557459973,0.05408234178412619
44.96666666666667,12.8263014554313,8.690153448121876,3.2576347561162136,1.9245910753763278,0.5346336607143373,0.07745623155015102,1.9975057003846473,0.09825516135127499,-0.01780169089371181,DEPTH_PROPOSAL_CERTIFIED,0.3082892474427834,0,32,0,0,160,FULL_MOTION_CERTIFICATE,0,0,0,167,0,0,0,0,0,,45.016666666,1.99747902783,0.0988187449298,-0.0176745303072,0.950780720398,0.309520859863,0.0145896891016,0.998739513916,0.0494093724649,-0.00883726515358,1.91376073694,0.575021289318,0.0521957537095,1.9138421893087307,0.5747501333855123,0.052195753709518095
44.983333333333334,12.858363236140748,8.699118869071235,3.2588915971689603,1.9237068425669674,0.5379252569616059,0.07541046316480324,1.9975191759930497,0.09796959685863252,-0.017863360025597772,DEPTH_PROPOSAL_CERTIFIED,0.302856505916386,0,32,0,0,160,FULL_MOTION_CERTIFICATE,0,0,0,167,0,0,0,0,0,,45.05,1.99750570038,0.0982551613513,-0.0178016908937,0.950780720398,0.309520859863,0.0145896891016,0.998752850192,0.0491275806756,-0.00890084544686,1.91198237302,0.581438409117,0.0488405198419,1.9129192022927717,0.5780827311782846,0.05045208886355864
45.0,12.890410319073704,8.708138882716497,3.260114890313471,1.9228249759774174,0.5412008187157437,0.07339758867064437,1.997532743759736,0.09768150304511508,-0.01792377110286348,DEPTH_PROPOSAL_CERTIFIED,0.29779096220329226,0,32,0,0,161,FULL_MOTION_CERTIFICATE,0,0,0,167,0,0,0,0,0,,45.066666666,1.99751917599,0.0979695968586,-0.0178633600256,0.950780720398,0.309520859863,0.0145896891016,0.998759587997,0.0489847984293,-0.0089316800128,1.91119290849,0.584287144655,0.0473510394743,1.9120662035849072,0.5811626721162272,0.0488405198419047
45.016666666666666,12.922442822349163,8.717212947232502,3.261305296400916,1.9219501965276806,0.5444438709603111,0.0714243652466796,1.9975464022466063,0.09739088575750146,-0.017982943113095815,DEPTH_PROPOSAL_CERTIFIED,0.29308948849465644,0,32,0,0,161,FULL_MOTION_CERTIFICATE,0,0,0,167,0,0,0,0,0,,45.083333333,1.99753274376,0.0976815030451,-0.0179237711029,0.950780720398,0.309520859863,0.0145896891016,0.99876637188,0.0488407515226,-0.00896188555143,1.91046325184,0.586920067062,0.0459743984414,1.9112778872408904,0.5840091083440371,0.04735103947430786
45.03333333333333,12.954460930615578,8.726340289361824,3.262463568691889,1.9210864959849803,0.5476405277593116,0.06949633745839993,1.9975601494356023,0.09709776172132746,-0.01804089952088092,DEPTH_PROPOSAL_CERTIFIED,0.2887491095781465,0,32,0,0,161,FULL_MOTION_CERTIFICATE,0,0,0,167,0,0,0,0,0,,45.1,1.99754640225,0.0973908857575,-0.0179829431131,0.950780720398,0.309520859863,0.0145896891016,0.998773201123,0.0486954428788,-0.00899147155655,1.9097888722,0.589353525646,0.0447020483979,1.9105493493640349,0.5866397407071194,0.04597439844138663
45.05,12.986464884288488,8.735519942602236,3.2635905350623315,1.9202372203746325,0.5507791944247689,0.06761798222654351,1.9975739828245356,0.09680215686654865,-0.018097667487993598,DEPTH_PROPOSAL_CERTIFIED,0.2847669876886636,0,32,0,0,161,FULL_MOTION_CERTIFICATE,0,0,0,167,0,0,0,0,0,,45.116666666,1.99756014944,0.0970977617213,-0.0180408995209,0.950780720398,0.309520859863,0.0145896891016,0.998780074718,0.0485488808607,-0.00902044976044,1.90916558196,0.591602631168,0.0435260885817,1.909876057928389,0.5890709277433503,0.04470204839789374
45.06666666666667,13.018454970037261,8.744750780935533,3.264687082375142,1.919405144925756,0.5538502999976125,0.06579283876859987,1.9975878995117522,0.0965041048435315,-0.018153277185518495,DEPTH_PROPOSAL_CERTIFIED,0.281140408631145,0,32,0,0,161,FULL_MOTION_CERTIFICATE,0,0,0,167,0,0,0,0,0,,45.116666666,1.99756014944,0.0970977617213,-0.0180408995209,0.950780720398,0.309520859863,0.0145896891016,0.998780074718,0.0485488808607,-0.00902044976044,1.90916558196,0.591602631168,0.0435260885817,1.909253824449469,0.5913177879862892,0.043526088581696314
45.083333333333336,13.05043151239325,8.754031548554602,3.2657541427912262,1.9185925413593479,0.5568460571442176,0.06402362496503836,1.9976018962707691,0.09620364571018744,-0.01820776118847636,DEPTH_PROPOSAL_CERTIFIED,0.27786676903485086,0,32,0,0,162,FULL_MOTION_CERTIFICATE,0,0,0,167,0,0,0,0,0,,45.15,1.99758789951,0.0965041048435,-0.0181532771855,0.954446864927,0.297675789579,-0.0205013738187,0.998793949756,0.0482520524218,-0.00907663859276,1.90819115473,0.595180995287,0.0397996472183,1.9086787778491658,0.5933942943328022,0.042439216561586494
45.1,13.08239503556866,8.763360353658138,3.266790617376822,1.9178113905246907,0.5597283062121564,0.0621884751357392,1.9976159696159064,0.09590082477288372,-0.01826115394443107,DEPTH_PROPOSAL_CERTIFIED,0.27494169719682804,0,32,0,0,162,FULL_MOTION_CERTIFICATE,0,0,0,168,0,0,0,0,0,,45.166666666,1.99760189627,0.0962036457102,-0.0182077611885,0.954446864927,0.297675789579,-0.0205013738187,0.998800948135,0.0481018228551,-0.00910388059424,1.90799019638,0.596030756755,0.0356380850209,1.9082813503418727,0.5948917448410114,0.03979964721828807
45.11666666666667,13.114346273154485,8.772734627251227,3.2677935687425754,1.9170742551496613,0.5624564155853232,0.060177081945218064,1.9976301155877934,0.0955957127553015,-0.01831341037342864,DEPTH_PROPOSAL_CERTIFIED,0.2723590872948505,0,32,0,0,162,FULL_MOTION_CERTIFICATE,0,0,0,168,0,0,0,0,0,,45.183333333,1.99761596962,0.0959008247729,-0.0182611539444,0.954446864927,0.297675789579,-0.0205013738187,0.998807984808,0.0479504123864,-0.00913057697222,1.90802623955,0.596087708546,0.0300297810578,1.908081203574303,0.5957393499379607,0.03563808502085875
45.13333333333333,13.146286202222555,8.782150994010003,3.2687584553344813,1.9163957440843367,0.5649820055265754,0.057893195514355414,1.9976443296352846,0.0952884075032251,-0.01836441318126287,DEPTH_PROPOSAL_CERTIFIED,0.270111156241579,0,32,0,0,162,FULL_MOTION_CERTIFICATE,0,0,0,168,0,0,0,0,0,,45.2,1.99763011559,0.0955957127553,-0.0183134103734,0.954446864927,0.297675789579,-0.0205013738187,0.998815057794,0.0477978563777,-0.00915670518671,1.90809195851,0.596031941167,0.0246485287763,1.9081179090873746,0.5957942028098543,0.030029781057829403
45.15,13.178215763222658,8.791606192145814,3.2696813663370716,1.9157736600062802,0.5673118881486938,0.055374660155413875,1.9976586063158572,0.09497903918669659,-0.018413981844196802,DEPTH_PROPOSAL_CERTIFIED,0.26819069429145403,0,32,0,0,162,FULL_MOTION_CERTIFICATE,0,0,0,168,0,0,0,0,0,,45.216666666,1.99764432964,0.0952884075032,-0.0183644131813,0.954446864927,0.297675789579,-0.0205013738187,0.998822164818,0.0476442037516,-0.00918220659063,1.90815269876,0.595980398592,0.0196749474288,1.9081842342539903,0.5957364561385401,0.02464852877632518
45.166666666666664,13.210135819025405,8.801097212462244,3.270559201944805,1.915203348164866,0.5694612189858713,0.052670136464002065,1.997672940251061,0.09466773376163547,-0.018461960164569195,DEPTH_PROPOSAL_CERTIFIED,0.26867620275100856,0,32,0,0,162,FULL_MOTION_CERTIFICATE,0,0,0,168,0,0,0,0,0,,45.216666666,1.99764432964,0.0952884075032,-0.0183644131813,0.954446864927,0.297675789579,-0.0205013738187,0.998822164818,0.0476442037516,-0.00918220659063,1.90815269876,0.595980398592,0.0196749474288,1.9082455436996124,0.5956830551994391,0.01967494742877595
45.18333333333333,13.242047161279315,8.81062127880341,3.271389572926013,1.9146805352347211,0.5714439804699537,0.049822258872492295,1.9976873263161548,0.09435460742034833,-0.018508223425387847,DEPTH_PROPOSAL_CERTIFIED,0.27402724207953577,0,32,0,0,162,FULL_MOTION_CERTIFICATE,0,0,0,168,0,0,0,0,0,,45.25,1.99767294025,0.0946677337616,-0.0184619601646,0.954446864927,0.297675789579,-0.0205013738187,0.998836470126,0.0473338668808,-0.00923098008228,1.90826072327,0.595888731846,0.0108295991489,1.9083022174869542,0.5956336705757601,0.015078152256070983
45.2,13.27395051624995,8.820175830014977,3.2721707107510047,1.9142012982373924,0.5732730726937683,0.04686826949948945,1.9977017596291815,0.09403976734289539,-0.01855267453944227,DEPTH_PROPOSAL_CERTIFIED,0.2793863004077872,0,32,0,0,162,FULL_MOTION_CERTIFICATE,0,0,0,168,0,0,0,0,0,,45.266666666,1.99768732632,0.0943546074203,-0.0185082234254,0.954446864927,0.297675789579,-0.0205013738187,0.998843663158,0.0471773037102,-0.00925411171269,1.90830867831,0.595848038462,0.00690290636758,1.9083546068699824,0.5955879978242964,0.01082959914886911
45.21666666666667,13.305846550183011,8.829758503300882,3.2729013872589103,1.9137620359836969,0.5749603971543223,0.04384059047434534,1.9977162355403644,0.09372331239067712,-0.018595240599528405,DEPTH_PROPOSAL_CERTIFIED,0.2847546081469886,0,32,0,0,162,FULL_MOTION_CERTIFICATE,0,0,0,168,0,0,0,0,0,,45.283333333,1.99770175963,0.0940397673429,-0.0185526745394,0.954446864927,0.297675789579,-0.0205013738187,0.998850879815,0.0470198836714,-0.00927633726972,1.9083530004,0.595810427908,0.0032736900825,1.9084030364886126,0.5955457555730834,0.006902906367584946
45.233333333333334,13.337735874230225,8.839367118867862,3.273580842932988,1.9133594428329053,0.5765169340188764,0.04076734044466054,1.9977307496218795,0.09340533374668096,-0.01863586979120135,DEPTH_PROPOSAL_CERTIFIED,0.29013368525198313,0,32,0,0,163,FULL_MOTION_CERTIFICATE,0,0,0,168,0,0,0,0,0,,45.3,1.99771623554,0.0937233123907,-0.0185952405995,0.99885811777,0.0468616561953,-0.00929762029976,0.99885811777,0.0468616561953,-0.00929762029976,1.90868741791,0.594133798057,-0.000270447480693,1.9084478063932464,0.595506683766437,0.003273690082503601
45.25,13.369619419163437,8.84899759263253,3.274208483218271,1.9130126959928624,0.5778284258800764,0.037658417116982444,1.9977452976580008,0.09308591550648408,-0.01867452863301959,DEPTH_PROPOSAL_CERTIFIED,0.29552381599619226,0,32,0,0,163,FULL_MOTION_CERTIFICATE,0,0,0,168,0,0,0,0,0,,45.316666666,1.99773074962,0.0934053337467,-0.0186358697912,0.998865374811,0.0467026668733,-0.0093179348956,0.998865374811,0.0467026668733,-0.0093179348956,1.9093115506,0.590818760964,-0.00371730268819,1.9087823845443403,0.5938286265867182,-0.0002704474806926025
45.266666666666666,13.401498410648507,8.858644081349341,3.274783881433093,1.9127394891043221,0.5787893230087368,0.034523892889317884,1.9977598719014438,0.09276521752949494,-0.018711190155408036,DEPTH_PROPOSAL_CERTIFIED,0.30092410094028454,0,32,0,0,163,FULL_MOTION_CERTIFICATE,0,0,0,168,0,0,0,0,0,,45.333333333,1.99774529766,0.0930859155065,-0.018674528633,0.998872648829,0.0465429577532,-0.00933726431651,0.998872648829,0.0465429577532,-0.00933726431651,1.91022497916,0.585866058407,-0.00705398366699,1.9094063650641315,0.5905122679783928,-0.0037173026881921253
45.28333333333333,13.433374346346609,8.868299116901426,3.2753067823290305,1.9125561418861812,0.5793021331250606,0.03137405375626433,1.9977744613887203,0.09244346991267416,-0.018745834030896653,DEPTH_PROPOSAL_CERTIFIED,0.3063325060567521,0,32,0,0,163,FULL_MOTION_CERTIFICATE,0,0,0,168,0,0,0,0,0,,45.333333333,1.99774529766,0.0930859155065,-0.018674528633,0.998872648829,0.0465429577532,-0.00933726431651,0.998872648829,0.0465429577532,-0.00933726431651,1.91022497916,0.585866058407,-0.00705398366699,1.9103193058248609,0.5855584165442124,-0.007053983666991413
45.3,13.465248974693276,8.877953730613628,3.2757771064774466,1.9124777008001201,0.5792768227321816,0.028219448904964816,1.9977890522315798,0.09212096787392582,-0.01877844673069956,DEPTH_PROPOSAL_CERTIFIED,0.3117459098553057,0,32,0,0,163,FULL_MOTION_CERTIFICATE,0,0,0,168,0,0,0,0,0,,45.366666666,1.99777446139,0.0924434699127,-0.0187458340309,0.998887230694,0.0462217349563,-0.00937291701545,0.998887230694,0.0462217349563,-0.00937291701545,1.91291779263,0.571051461535,-0.0133406836753,1.911520719550176,0.5789680359390571,-0.010266730280891584
45.31666666666667,13.497124275213274,8.887597568393927,3.276194955710989,1.9125180311991659,0.578630266817718,0.025070954012521997,1.9978036278860931,0.09179806701286314,-0.018809021714775966,DEPTH_PROPOSAL_CERTIFIED,0.31716014931596104,0,32,0,0,164,FULL_MOTION_CERTIFICATE,0,0,0,168,0,0,0,0,0,,45.383333333,1.99778905223,0.0921209678739,-0.0187784467307,0.998894526116,0.046060483937,-0.00938922336535,0.998894526116,0.046060483937,-0.00938922336535,1.91469604422,0.561192021512,-0.0162595793601,1.9130100620675239,0.5707422846612658,-0.013340683675265025
45.333333333333336,13.529002440234452,8.897218997467366,3.276560619927646,1.9126899012707892,0.5772857444063567,0.02193985299944218,1.9978181694007324,0.09147517891860711,-0.01883755966453747,DEPTH_PROPOSAL_CERTIFIED,0.3225700654248792,0,32,0,0,164,FULL_MOTION_CERTIFICATE,0,0,0,168,0,0,0,0,0,,45.4,1.99780362789,0.0917980670129,-0.0188090217148,0.998901813943,0.0458990335064,-0.00940451085739,0.998901813943,0.0458990335064,-0.00940451085739,1.91676128382,0.549699965647,-0.0190053236877,1.9147867161445933,0.5608825709877475,-0.0162595793601339
45.35,13.560885857863957,8.9068052054492,3.2768745856888906,1.9130050577703601,0.575172478910051,0.01883794567466167,1.9978326556446615,0.09115276709579698,-0.018864068770550736,DEPTH_PROPOSAL_CERTIFIED,0.32796954913958476,0,32,0,0,164,FULL_MOTION_CERTIFICATE,0,0,0,169,0,0,0,0,0,,45.416666666,1.9978181694,0.0914751789186,-0.0188375596645,0.9989090847,0.0457375894593,-0.00941877983227,0.9989090847,0.0457375894593,-0.00941877983227,1.9191126672,0.536577453935,-0.0215573916045,1.916849967065127,0.5493906398551188,-0.0190053236876629
45.36666666666667,13.592777096086163,8.916342292497136,3.2771375472363986,1.9134742933324622,0.5722252228762716,0.01577769285048204,1.9978470635173164,0.09083134318053453,-0.018888565092555775,DEPTH_PROPOSAL_CERTIFIED,0.333351588691737,0,32,0,0,164,FULL_MOTION_CERTIFICATE,0,0,0,169,0,0,0,0,0,,45.416666666,1.9978181694,0.0914751789186,-0.0188375596645,0.9989090847,0.0457375894593,-0.00941877983227,0.9989090847,0.0457375894593,-0.00941877983227,1.9191126672,0.536577453935,-0.0215573916045,1.9191989671901084,0.5362686992641611,-0.02155739160451175
45.38333333333333,13.624678887827601,8.925815357321639,3.277350420880395,1.9141075044863909,0.568383889470219,0.012772418639788778,1.9978613681402582,0.09051146341810211,-0.018911073016854973,DEPTH_PROPOSAL_CERTIFIED,0.34402159925283815,0,32,0,0,164,FULL_MOTION_CERTIFICATE,0,0,0,169,0,0,0,0,0,,45.45,1.99784706352,0.0908313431805,-0.0188885650926,0.998923531759,0.0454156715903,-0.00944428254628,0.998923531759,0.0454156715903,-0.00944428254628,1.92466942876,0.505453394473,-0.0259803173091,1.9218326805643224,0.5215196219163741,-0.02389192673067125
45.4,13.656594116796661,8.935208577967474,3.2775143643022338,1.9149137381437242,0.5635932387501441,0.00983660531032761,1.9978755430321782,0.09019372537257325,-0.018931625849281493,DEPTH_PROPOSAL_CERTIFIED,0.3561192392963044,0,32,0,0,164,FULL_MOTION_CERTIFICATE,0,0,0,169,0,0,0,0,0,,45.466666666,1.99786136814,0.0905114634181,-0.0189110730169,0.99893068407,0.0452557317091,-0.00945553650843,0.99893068407,0.0452557317091,-0.00945553650843,1.92787170145,0.487461215859,-0.0277867745923,1.924749788763191,0.5051472999652269,-0.02598031730910084
45.416666666666664,13.688525803826705,8.944505288581992,3.277630803456519,1.9159012218026892,0.5578026368710506,0.006986349257100438,1.9978895602679578,0.08987876483289081,-0.018950266605536215,DEPTH_PROPOSAL_CERTIFIED,0.3680688740429936,0,32,0,0,164,FULL_MOTION_CERTIFICATE,0,0,0,169,0,0,0,0,0,,45.483333333,1.99787554303,0.0901937253726,-0.0189316258493,0.998937771516,0.0450968626863,-0.00946581292464,0.998937771516,0.0450968626863,-0.00946581292464,1.93135339578,0.467859328799,-0.0292637720498,1.9279485224420623,0.4871572939461055,-0.0277867745922732
45.43333333333333,13.720477093252516,8.953688054192181,3.2777014722556186,1.917077365548767,0.550965936611405,0.004240127945974263,1.997903390622764,0.08956725286766687,-0.018967049106349495,DEPTH_PROPOSAL_CERTIFIED,0.3798622082700792,0,32,0,0,164,FULL_MOTION_CERTIFICATE,0,0,0,169,0,0,0,0,0,,45.5,1.99788956027,0.0898787648329,-0.0189502666055,0.998944780134,0.0449393824164,-0.00947513330277,0.998944780134,0.0449393824164,-0.00947513330277,1.93511030564,0.4466627375,-0.0303420806547,1.9314263192509165,0.46755819344372423,-0.029263772049767132
45.45,13.752451238272643,8.962738747962758,3.2777284766499193,1.9184487012068963,0.5430416262344372,0.0016202636580410542,1.9979170037026208,0.08925989294833743,-0.018982039584651576,DEPTH_PROPOSAL_CERTIFIED,0.3914910150802312,0,32,0,0,164,FULL_MOTION_CERTIFICATE,0,0,0,169,0,0,0,0,0,,45.516666666,1.99790339062,0.0895672528677,-0.0189670491063,0.998951695311,0.0447836264338,-0.00948352455317,0.998951695311,0.0447836264338,-0.00948352455317,1.93913393529,0.423904431032,-0.0309030116476,1.9351789962360681,0.446365039635468,-0.030342080654731318
45.46666666666667,13.7844515820144,8.971638645307651,3.2777144163026724,1.920020624505516,0.5339938406936627,-0.0008436208348097242,1.9979303680647893,0.08895741796154027,-0.018995319268493467,DEPTH_PROPOSAL_CERTIFIED,0.4029472860379305,0,32,0,0,164,FULL_MOTION_CERTIFICATE,0,0,0,169,0,0,0,0,0,,45.533333333,1.9979170037,0.0892598929483,-0.0189820395847,0.998958501851,0.0446299464742,-0.00949101979233,0.998958501851,0.0446299464742,-0.00949101979233,1.94339553084,0.399709603465,-0.0306530410765,1.9391980887486782,0.42361085709620827,-0.030903011647591065
45.483333333333334,13.81648151447882,8.980368627292544,3.2776627177985547,1.9217959478653088,0.5237989190936144,-0.0031019102470603395,1.9979434513405778,0.0886605865332615,-0.019006989263928045,DEPTH_PROPOSAL_CERTIFIED,0.4142235802676052,0,32,0,0,164,FULL_MOTION_CERTIFICATE,0,0,0,169,0,0,0,0,0,,45.55,1.99793036806,0.0889574179615,-0.0189953192685,0.998965184032,0.0444787089808,-0.00949765963425,0.998965184032,0.0444787089808,-0.00949765963425,1.94752695799,0.376167770759,-0.0297698803158,1.9434548928547832,0.3994208755730172,-0.030653041076519536
45.5,13.848544004603,8.98891184888539,3.277577347615057,1.923749407450911,0.5125932955708561,-0.005122211009845354,1.9979562204654777,0.0883701749513774,-0.019017183870545372,DEPTH_PROPOSAL_CERTIFIED,0.42531437160299956,0,32,0,0,164,FULL_MOTION_CERTIFICATE,0,0,0,169,0,0,0,0,0,,45.566666666,1.99794345134,0.0886605865333,-0.0190069892639,0.99897172567,0.0443302932666,-0.00950349463196,0.99897172567,0.0443302932666,-0.00950349463196,1.95136783642,0.35426587041,-0.028949849768,1.947581614395258,0.37588468859319546,-0.02976988031582405
45.516666666666666,13.880641429881782,8.997254812747489,3.277461892029087,1.9258455167270936,0.5005778317259685,-0.006927335158190356,1.997968646488676,0.08808687031848224,-0.01902605912170695,DEPTH_PROPOSAL_CERTIFIED,0.43621602595536246,0,32,0,0,164,FULL_MOTION_CERTIFICATE,0,0,0,169,0,0,0,0,0,,45.583333333,1.99795622047,0.0883701749514,-0.0190171838705,0.998978110233,0.0441850874757,-0.00950859193527,0.998978110233,0.0441850874757,-0.00950859193527,1.95491822217,0.334003914398,-0.0281928281857,1.9514180498965248,0.35398917281833,-0.028949849768000736
45.53333333333333,13.912775621279113,9.005387115472868,3.277319586073133,1.9280514838400056,0.48793816352280606,-0.008538357357246744,1.997980706736932,0.08781122726921933,-0.019033756131208578,DEPTH_PROPOSAL_CERTIFIED,0.4469266236719268,0,32,0,0,164,FULL_MOTION_CERTIFICATE,0,0,0,169,0,0,0,0,0,,45.6,1.99796864649,0.0880868703185,-0.0190260591217,0.998984323244,0.0440434351592,-0.00951302956085,0.998984323244,0.0440434351592,-0.00951302956085,1.95817961802,0.315373834928,-0.02749837597,1.9549642826175337,0.3337342114442149,-0.02819282818573589
45.55,13.944947906549876,9.013301202860234,3.2771533406997384,1.9303371162458984,0.4748452432419522,-0.009974722403669369,1.9979923842627918,0.08754367773577525,-0.01904040221160171,DEPTH_PROPOSAL_CERTIFIED,0.4574457897318722,0,32,0,0,164,FULL_MOTION_CERTIFICATE,0,0,0,169,0,0,0,0,0,,45.616666666,1.99798070674,0.0878112272692,-0.0190337561312,0.998990353368,0.0439056136346,-0.0095168780656,0.998990353368,0.0439056136346,-0.0095168780656,1.96119485189,0.298134244129,-0.026857116917,1.9582218315977917,0.3151116158155252,-0.027498375970026467
45.56666666666667,13.977159202409489,9.0209918491323,3.2769657791716553,1.9326777515760278,0.4614387763237806,-0.01125369168498114,1.9980036673214598,0.08728454038677105,-0.019046111925183937,DEPTH_PROPOSAL_CERTIFIED,0.46777438020484163,0,32,0,0,164,FULL_MOTION_CERTIFICATE,0,0,0,169,0,0,0,0,0,,45.633333333,1.99799238426,0.0875436777358,-0.0190404022116,0.998996192131,0.0437718388679,-0.0095202011058,0.998996192131,0.0437718388679,-0.0095202011058,1.96398254379,0.282180413022,-0.0262649415487,1.9612335026035947,0.2978798799221525,-0.026857116916978497
45.583333333333336,14.009410069171478,9.02845584818635,3.2767592640452596,1.9350520057195109,0.44783994324313603,-0.01239090758374516,1.9980145483730456,0.08703404119077582,-0.019050988521766565,DEPTH_PROPOSAL_CERTIFIED,0.47960534323722415,0,32,0,0,164,FULL_MOTION_CERTIFICATE,0,0,0,169,0,0,0,0,0,,45.65,1.99800366732,0.0872845403868,-0.0190461119252,0.999001833661,0.0436422701934,-0.00952305596259,0.999001833661,0.0436422701934,-0.00952305596259,1.96655990169,0.267415573891,-0.0257180605056,1.9640179062700045,0.28193417965926215,-0.026264941548667056
45.6,14.041700759459532,9.035691738301844,3.2765359217055785,1.9374414172833823,0.4341534069296541,-0.013400540380858906,1.9980250234768875,0.08679232553390782,-0.019055124995622678,DEPTH_PROPOSAL_CERTIFIED,0.4951820995876075,0,32,0,0,164,FULL_MOTION_CERTIFICATE,0,0,0,170,0,0,0,0,0,,45.666666666,1.99801454837,0.0870340411908,-0.0190509885218,0.999007274187,0.0435170205954,-0.00952549426088,0.999007274187,0.0435170205954,-0.00952549426088,1.96894282937,0.253750306809,-0.025212979315,1.9665922383626164,0.2671776639051644,-0.025718060505647376
45.61666666666667,14.074031261580117,9.042699556994346,3.2762976646702735,1.93983012723526,0.42046912155010063,-0.014295422118290041,1.998035091757322,0.08655946903700919,-0.01905860504710739,DEPTH_PROPOSAL_CERTIFIED,0.5103189617434689,0,32,0,0,164,FULL_MOTION_CERTIFICATE,0,0,0,170,0,0,0,0,0,,45.683333333,1.99802502348,0.0867923255339,-0.0190551249956,0.999012511738,0.043396162767,-0.00952756249781,0.999012511738,0.043396162767,-0.00952756249781,1.97114602594,0.241101974641,-0.0247464751905,1.9689723886481707,0.2535208399195378,-0.02521297931495057
45.63333333333333,14.10640133808693,9.049480623017333,3.2760462118608875,1.9422045904089233,0.40686396137924197,-0.015087168563155893,1.9980447549333886,0.08633548719998939,-0.019061503957340773,DEPTH_PROPOSAL_CERTIFIED,0.5250383246476176,0,32,0,0,164,FULL_MOTION_CERTIFICATE,0,0,0,170,0,0,0,0,0,,45.7,1.99803509176,0.086559469037,-0.0190586050471,0.999017545879,0.0432797345185,-0.00952930252355,0.999017545879,0.0432797345185,-0.00952930252355,1.97318307642,0.229394208831,-0.0243155759286,1.9711730411276163,0.24088100729475626,-0.02474647519051989
45.65,14.138810560016537,9.056037342804713,3.275783107022,1.944553315776529,0.3934031872428528,-0.015786290333266246,1.9980540169056449,0.08612034398901158,-0.019063889383618412,DEPTH_PROPOSAL_CERTIFIED,0.5393625711820305,0,32,0,0,164,FULL_MOTION_CERTIFICATE,0,0,0,170,0,0,0,0,0,,45.716666666,1.99804475493,0.0863354872,-0.0190615039573,0.999022377467,0.0431677436,-0.00953075197867,0.999022377467,0.0431677436,-0.00953075197867,1.97506653684,0.218556427322,-0.0239175401891,1.973207765261318,0.22918174277889472,-0.024315575928613074
45.666666666666664,14.1712583372311,9.062373038892689,3.275509735453496,1.9468666328738342,0.3801417652786531,-0.016402294110225972,1.9980628833938954,0.0859139594710373,-0.01906582208253873,DEPTH_PROPOSAL_CERTIFIED,0.5533138719035859,0,32,0,0,164,FULL_MOTION_CERTIFICATE,0,0,0,170,0,0,0,0,0,,45.733333333,1.99805401691,0.086120343989,-0.0190638893836,0.999027008453,0.0430601719945,-0.00953194469181,0.999027008453,0.0430601719945,-0.00953194469181,1.97680801263,0.208523390506,-0.0235498393632,1.9750891014609593,0.2183524173154072,-0.023917540189135094
45.68333333333333,14.20374394526254,9.068491798094175,3.2752273392066424,1.9491364818864585,0.36712555208920844,-0.01694377481120741,1.998071361620222,0.08571621659085743,-0.01906735656724675,DEPTH_PROPOSAL_CERTIFIED,0.566914021993673,0,32,0,0,164,FULL_MOTION_CERTIFICATE,0,0,0,170,0,0,0,0,0,,45.75,1.99806288339,0.085913959471,-0.0190658220825,0.999031441697,0.0429569797355,-0.00953291104127,0.999031441697,0.0429569797355,-0.00953291104127,1.97841823015,0.19923479706,-0.0232101410776,1.9768286398404762,0.2083277511779739,-0.02354983936318132
45.7,14.236266549013731,9.074398337418124,3.2749370308811696,1.9513562250707839,0.35439235943683417,-0.01741849952835481,1.9980794600322596,0.085526967176745,-0.01906854170463764,DEPTH_PROPOSAL_CERTIFIED,0.5801843104655926,0,32,0,0,164,FULL_MOTION_CERTIFICATE,0,0,0,170,0,0,0,0,0,,45.766666666,1.99807136162,0.0857162165909,-0.0190673565672,0.99903568081,0.0428581082954,-0.00953367828362,0.99903568081,0.0428581082954,-0.00953367828362,1.97990710369,0.190634904944,-0.0228962937787,1.9784370919195422,0.19904740907793006,-0.023210141077550792
45.71666666666667,14.268825223639638,9.080097885910057,3.2746398061488153,1.9535204775545536,0.34197290951600157,-0.017833483941261087,1.9980871880621716,0.08534603725244257,-0.01906942125784467,DEPTH_PROPOSAL_CERTIFIED,0.5931454172011694,0,32,0,0,164,FULL_MOTION_CERTIFICATE,0,0,0,170,0,0,0,0,0,,45.783333333,1.99807946003,0.0855269671767,-0.0190685417046,0.999039730016,0.0427634835884,-0.00953427085232,0.999039730016,0.0427634835884,-0.00953427085232,1.98128379738,0.182672182227,-0.0226063125552,1.9799243578565444,0.19045562048183456,-0.022896293778718022
45.733333333333334,14.301418972900457,9.085596080766022,3.274336555117706,1.9556249556492824,0.32989169135795315,-0.018195061866558337,1.9980945559172398,0.08517323172614909,-0.019070034378885638,DEPTH_PROPOSAL_CERTIFIED,0.6058173338805979,0,32,0,0,164,FULL_MOTION_CERTIFICATE,0,0,0,170,0,0,0,0,0,,45.8,1.99808718806,0.0853460372524,-0.0190694212578,0.999043594031,0.0426730186262,-0.00953471062892,0.999043594031,0.0426730186262,-0.00953471062892,1.98255678154,0.175298989278,-0.0223383662394,1.9812995884049767,0.18250082982975324,-0.022606312555185044
45.75,14.334046745249273,9.090898876236656,3.2740280726416815,1.9576663409290886,0.3181677282380305,-0.0185089485614722,1.998101574398422,0.085008338520408,-0.019070416055915418,DEPTH_PROPOSAL_CERTIFIED,0.6182193053239953,0,32,0,0,164,FULL_MOTION_CERTIFICATE,0,0,0,170,0,0,0,0,0,,45.816666666,1.99809455592,0.0851732317261,-0.0190700343789,0.999047277959,0.0425866158631,-0.00953501718944,0.999047277959,0.0425866158631,-0.00953501718944,1.98373388562,0.168471280646,-0.0220907653508,1.9825712413427277,0.17513537817496586,-0.02233836623942155
45.766666666666666,14.366707447892882,9.096012463975368,3.273715067669711,1.9596421586166297,0.30681526432281236,-0.018780298318239453,1.9981082547436122,0.08485113220045688,-0.019070597519135497,DEPTH_PROPOSAL_CERTIFIED,0.6303697881733734,0,32,0,0,164,FULL_MOTION_CERTIFICATE,0,0,0,170,0,0,0,0,0,,45.833333333,1.9981015744,0.0850083385204,-0.0190704160559,0.999050787199,0.0425041692602,-0.00953520802796,0.999050787199,0.0425041692602,-0.00953520802796,1.98482234691,0.162148330358,-0.0218619510057,1.9837471344046325,0.16831520455714202,-0.022090765350800144
45.78333333333333,14.399399959040858,9.100943203616268,3.2733981717221248,1.9615506688786528,0.29584437845394684,-0.019013756855168443,1.9981146084926888,0.08470137715332522,-0.019070606609066645,DEPTH_PROPOSAL_CERTIFIED,0.6422864242179842,0,32,0,0,164,FULL_MOTION_CERTIFICATE,0,0,0,170,0,0,0,0,0,,45.85,1.99810825474,0.0848511322005,-0.0190705975191,0.999054127372,0.0424255661002,-0.00953529875957,0.999054127372,0.0424255661002,-0.00953529875957,1.9858288551,0.156292481896,-0.0216504848282,1.9848344940753366,0.16199957085377942,-0.021861951005702283
45.8,14.432123138536259,9.105697562490612,3.2730779465725526,1.9633907697241668,0.28526153246061564,-0.01921350897434114,1.998120647371766,0.08455883036489295,-0.019070468110565453,DEPTH_PROPOSAL_CERTIFIED,0.6407530694372647,0,32,0,0,164,FULL_MOTION_CERTIFICATE,0,0,0,170,0,0,0,0,0,,45.866666666,1.99811460849,0.0847013771533,-0.0190706066091,0.999060323686,0.0422794151824,-0.00953523405528,0.999057304246,0.0423506885767,-0.00953530330453,1.98676005145,0.150858114573,-0.0214550290241,1.9858400000394376,0.15615081134196723,-0.021650484828248207
45.81666666666667,14.464875837619962,9.11028204985766,3.272754891220897,1.9651619450214382,0.2750692420228583,-0.01938332109932451,1.9981263831943292,0.08442324383736227,-0.019070204055661486,DEPTH_PROPOSAL_CERTIFIED,0.6385694836609295,0,32,0,0,164,FULL_MOTION_CERTIFICATE,0,0,0,170,0,0,0,0,0,,45.883333333,1.99812064737,0.0845588303649,-0.0190704681106,0.999060323686,0.0422794151824,-0.00953523405528,0.999060323686,0.0422794151824,-0.00953523405528,1.98762070267,0.145835441426,-0.0212743804665,1.9867702836481411,0.15072329868226875,-0.021455029024120772
45.833333333333336,14.497656905592175,9.114703201366284,3.2724294481680207,1.9668640783329185,0.26526909051742487,-0.01952658317259163,1.998131827754016,0.08429436723567228,-0.01906983399856437,DEPTH_PROPOSAL_CERTIFIED,0.6360022984803586,0,32,0,0,164,FULL_MOTION_CERTIFICATE,0,0,0,170,0,0,0,0,0,,45.9,1.99812638319,0.0844232438374,-0.0190702040557,0.999063191597,0.0422116219187,-0.00953510202783,0.999063191597,0.0422116219187,-0.00953510202783,1.98841658757,0.141183002122,-0.0211073974017,1.9876301047329816,0.14570724215112918,-0.021274380466450575
45.85,14.530465197245338,9.118967524702954,3.272102009137582,1.9684974991898532,0.2558594002002359,-0.019646341826311003,1.9981369928036024,0.08417194851521392,-0.019069375263187367,DEPTH_PROPOSAL_CERTIFIED,0.6330717021885868,0,32,0,0,164,FULL_MOTION_CERTIFICATE,0,0,0,171,0,0,0,0,0,,45.916666666,1.99813182775,0.0842943672357,-0.0190698339986,0.999065913877,0.0421471836178,-0.00953491699928,0.999065913877,0.0421471836178,-0.00953491699928,1.98915259059,0.136873257227,-0.020953036544,1.988425233644457,0.14106117833052353,-0.02110739740168749
45.86666666666667,14.563299578606378,9.123081466937181,3.2717729202400756,1.9700628816624903,0.24683653405359499,-0.019745333850377512,1.9981418899682293,0.08405573611829789,-0.019068843168976772,DEPTH_PROPOSAL_CERTIFIED,0.6297968407207712,0,32,0,0,164,FULL_MOTION_CERTIFICATE,0,0,0,171,0,0,0,0,0,,45.933333333,1.9981369928,0.0841719485152,-0.0190693752632,0.999068496402,0.0420859742576,-0.00953468763159,0.999068496402,0.0420859742576,-0.00953468763159,1.98983322713,0.13288073376,-0.020810334929,1.9891605478286654,0.13675756706456904,-0.020953036543988966
45.88333333333333,14.596158931778904,9.127051386951766,3.2714424866442378,1.9715611903517098,0.2381952008750967,-0.01982601575026959,1.9981465306958492,0.08394548030113846,-0.019068251234785442,DEPTH_PROPOSAL_CERTIFIED,0.6261958335654496,0,32,0,0,164,FULL_MOTION_CERTIFICATE,0,0,0,171,0,0,0,0,0,,45.95,1.99814188997,0.0840557361183,-0.019068843169,0.999070944984,0.0420278680591,-0.00953442158449,0.999070944984,0.0420278680591,-0.00953442158449,1.9904626713,0.129181870229,-0.0206784037324,1.9898405563601902,0.1327709360974112,-0.020810334928952987
45.9,14.629042158988328,9.130883532376737,3.271110976800948,1.9729936325655932,0.22992872549825089,-0.019890590597398918,1.9981509262163883,0.08384093425937436,-0.019067611363357922,DEPTH_PROPOSAL_CERTIFIED,0.6222857946132359,0,32,0,0,164,FULL_MOTION_CERTIFICATE,0,0,0,171,0,0,0,0,0,,45.966666666,1.9981465307,0.0839454803011,-0.0190682512348,0.999073265348,0.0419727401506,-0.00953412561739,0.999073265348,0.0419727401506,-0.00953412561739,1.99104478184,0.125754871129,-0.0205564224874,1.9904694275749708,0.12907772590072544,-0.02067840373237678
45.916666666666664,14.66194818592306,9.134584020501816,3.270778626260827,1.9743616160841002,0.22202928750475298,-0.0199410324072504,1.998155087508512,0.0837418550748608,-0.01906693400819443,DEPTH_PROPOSAL_CERTIFIED,0.6180828570522272,0,32,0,0,164,FULL_MOTION_CERTIFICATE,0,0,0,171,0,0,0,0,0,,45.983333333,1.99815092622,0.0838409342594,-0.0190676113634,0.999075463108,0.0419204671297,-0.00953380568168,0.999075463108,0.0419204671297,-0.00953380568168,1.99158312612,0.122579572817,-0.0204436337637,1.991051015009885,0.12565614398407263,-0.02055642248743851
45.93333333333333,14.694875964455322,9.13815882269646,3.2704456411230343,1.9756667119357667,0.21448813167857633,-0.01997910826758457,1.9981590252729964,0.08364800450430136,-0.019066228324408643,DEPTH_PROPOSAL_CERTIFIED,0.6136022015253804,0,32,0,0,164,FULL_MOTION_CERTIFICATE,0,0,0,171,0,0,0,0,0,,46,1.99815508751,0.0837418550749,-0.0190669340082,0.999077543754,0.0418709275374,-0.0095334670041,0.999077543754,0.0418709275374,-0.0095334670041,1.99208100199,0.119637321415,-0.0203393383256,1.991588881326098,0.1224860305992157,-0.020443633763661484
45.95,14.727824474816101,9.141613751917385,3.2701122011493093,1.9769106216460284,0.20729575325550248,-0.02000639842349146,1.9981627499118464,0.08355914962818545,-0.019065502305049813,DEPTH_PROPOSAL_CERTIFIED,0.6088580868602185,0,32,0,0,164,FULL_MOTION_CERTIFICATE,0,0,0,171,0,0,0,0,0,,46.016666666,1.99815902527,0.0836480045043,-0.0190662283244,0.999079512636,0.0418240022522,-0.0095331141622,0.999079512636,0.0418240022522,-0.0095331141622,1.99254145828,0.116910858121,-0.0202428906021,1.9920863201112142,0.11954873649403641,-0.020339338325555345
45.96666666666667,14.76079272729139,9.14495445292473,3.269778462574349,1.9780951485174258,0.2004420604407269,-0.020024314497624957,1.9981662715123814,0.08347506337651704,-0.01906476290422511,DEPTH_PROPOSAL_CERTIFIED,0.6038638827664891,0,32,0,0,164,FULL_MOTION_CERTIFICATE,0,0,0,171,0,0,0,0,0,,46.033333333,1.99816274991,0.0835591496282,-0.019065502305,0.999081374956,0.0417795748141,-0.00953275115252,0.999081374956,0.0417795748141,-0.00953275115252,1.99296731372,0.114384213488,-0.0201536945172,1.9925463763484768,0.11682700810045972,-0.02024289060205365
45.983333333333334,14.793779763499986,9.148186394867992,3.2694445606407783,1.9792221725158599,0.19391651659560563,-0.020034116014256656,1.9981695998356206,0.08339552494622193,-0.019064016148242584,DEPTH_PROPOSAL_CERTIFIED,0.598632103974233,0,32,0,0,164,FULL_MOTION_CERTIFICATE,0,0,0,171,0,0,0,0,0,,46.05,1.99816627151,0.0834750633765,-0.0190647629042,0.999083135756,0.0417375316883,-0.00953238145211,0.999083135756,0.0417375316883,-0.00953238145211,1.99336117416,0.11204261116,-0.0200711996964,1.9929718652967563,0.11430488168512122,-0.020153694517163374
46.0,14.826784657306034,9.151314865940543,3.2691106118843765,1.9802936283629589,0.18770826435307278,-0.020036925384112326,1.998172744308359,0.08332032012356556,-0.01906326723588508,DEPTH_PROPOSAL_CERTIFIED,0.5937054986178365,0,32,0,0,165,FULL_MOTION_CERTIFICATE,0,0,0,171,0,0,0,0,0,,46.066666666,1.99816959984,0.0833955249462,-0.0190640161482,0.999084799918,0.0416977624731,-0.00953200807412,0.999084799918,0.0416977624731,-0.00953200807412,1.99372544882,0.109872377443,-0.0199948979155,1.9933653896975685,0.11196758699416735,-0.020071199696351485
46.016666666666666,14.859806515414567,9.154344969831751,3.2687767161929604,1.9813114865121304,0.1818062334724128,-0.02003374148497169,1.998175714018426,0.0832492415234427,-0.01906252062882352,DEPTH_PROPOSAL_CERTIFIED,0.588790705608708,0,32,0,0,165,FULL_MOTION_CERTIFICATE,0,0,0,171,0,0,0,0,0,,46.083333333,1.99817274431,0.0833203201236,-0.0190632672359,0.999086372154,0.0416601600618,-0.00953163361794,0.999086372154,0.0416601600618,-0.00953163361794,1.99406236515,0.107860857909,-0.0199243198323,1.9937293559320246,0.10980145672835652,-0.01999489791545591
46.03333333333333,14.892844477692813,9.157281623735079,3.268442958660197,1.9822777366948856,0.17619923419964476,-0.020025451965826762,1.9981785177126465,0.08318208875622815,-0.019061780133089647,DEPTH_PROPOSAL_CERTIFIED,0.5837798403483896,0,32,0,0,165,FULL_MOTION_CERTIFICATE,0,0,0,171,0,0,0,0,0,,46.1,1.99817571402,0.0832492415234,-0.0190625206288,0.999087857009,0.0416246207617,-0.00953126031441,0.999087857009,0.0416246207617,-0.00953126031441,1.9943739825,0.105996341478,-0.0198590320125,1.994065988924499,0.10779384307187057,-0.01992431983225867
46.05,14.92589771725519,9.160129557698388,3.268109411253637,1.9831943737427158,0.17087603779857577,-0.02001284439360586,1.998181163797112,0.08311866853173042,-0.019061048972445503,DEPTH_PROPOSAL_CERTIFIED,0.5786769177369051,0,32,0,0,165,FULL_MOTION_CERTIFICATE,0,0,0,171,0,0,0,0,0,,46.116666666,1.99817851771,0.0831820887562,-0.0190617801331,0.999089258856,0.0415910443781,-0.00953089006654,0.999089258856,0.0415910443781,-0.00953089006654,1.99466220485,0.104267989069,-0.0197986341453,1.9943773457262435,0.10593304170553004,-0.019859032012510863
46.06666666666667,14.958965440346025,9.162893315124572,3.2677761343145617,1.9840633854494314,0.16582544557099735,-0.01999661634448978,1.998183660339404,0.08305879470870296,-0.01906032985440888,DEPTH_PROPOSAL_CERTIFIED,0.5734856550412444,0,32,0,0,166,FULL_MOTION_CERTIFICATE,0,0,0,171,0,0,0,0,0,,46.133333333,1.9981811638,0.0831186685317,-0.0190610489724,0.999090581899,0.0415593342659,-0.00953052448622,0.999090581899,0.0415593342659,-0.00953052448622,1.99492879266,0.102665767784,-0.0197427564795,1.9946653282713565,0.10420822039456526,-0.01979863414527365
46.083333333333336,14.992046886050097,9.16557725425222,3.2674431779056192,1.984886742244473,0.16103634765883282,-0.019977384536539636,1.9981860150724473,0.08300228829751251,-0.019059625029627502,DEPTH_PROPOSAL_CERTIFIED,0.5682094875096617,0,32,0,0,166,FULL_MOTION_CERTIFICATE,0,0,0,171,0,0,0,0,0,,46.15,1.99818366034,0.0830587947087,-0.0190603298544,0.99909183017,0.0415293973544,-0.0095301649272,0.99909183017,0.0415293973544,-0.0095301649272,1.99517537355,0.101180391006,-0.0196910574918,1.994931695143981,0.10260935313042191,-0.019742756479547905
46.1,15.02514132585778,9.168185550466378,3.2671105830207234,1.9856663884610717,0.15649777284950384,-0.019955693093753373,1.9981882353997367,0.08294897742272186,-0.01905893634523178,DEPTH_PROPOSAL_CERTIFIED,0.5628515836936208,0,32,0,0,166,FULL_MOTION_CERTIFICATE,0,0,0,172,0,0,0,0,0,,46.166666666,1.99818601507,0.0830022882975,-0.0190596250296,0.999093007536,0.0415011441488,-0.00952981251481,0.999093007536,0.0415011441488,-0.00952981251481,1.99540345244,0.099803262068,-0.0196432217011,1.9951780723035775,0.10112716017568693,-0.019691057491760967
46.11666666666667,15.05824806310826,9.170722199305347,3.2667783826704144,1.9864042350289897,0.15219893033817053,-0.01993202101855149,1.9981903284016838,0.08289869725154408,-0.019058265292736538,DEPTH_PROPOSAL_CERTIFIED,0.5574148604112381,0,32,0,0,166,FULL_MOTION_CERTIFICATE,0,0,0,172,0,0,0,0,0,,46.183333333,1.9981882354,0.0829489774227,-0.0190589363452,0.9990941177,0.0414744887114,-0.00952946817262,0.9990941177,0.0414744887114,-0.00952946817262,1.99561442085,0.0985264222966,-0.0195989576581,1.9954059631575902,0.09975305169990092,-0.01964322170108853
46.13333333333333,15.091366432332006,9.17319102004514,3.2664466028546513,1.9871021534248094,0.1481292443876098,-0.01990678894578948,1.9981923008428846,0.08285128989350518,-0.019057613051012334,DEPTH_PROPOSAL_CERTIFIED,0.5519019972984451,0,32,0,0,166,FULL_MOTION_CERTIFICATE,0,0,0,172,0,0,0,0,0,,46.2,1.9981903284,0.0828986972515,-0.0190582652927,0.999095164201,0.0414493486258,-0.00952913264637,0.999095164201,0.0414493486258,-0.00952913264637,1.99580956537,0.0973425037089,-0.0195579961144,1.9956167578538113,0.09847907579076573,-0.019598957658092896
46.15,15.124495798510706,9.175595659758084,3.266115263433877,1.9877619707221803,0.14427838277670715,-0.0198803652464451,1.9981941591801209,0.08280660427603773,-0.019056980524798886,DEPTH_PROPOSAL_CERTIFIED,0.5463154509049819,0,32,0,0,166,FULL_MOTION_CERTIFICATE,0,0,0,172,0,0,0,0,0,,46.216666666,1.99819230084,0.0828512898935,-0.019057613051,0.999096150421,0.0414256449468,-0.00952880652551,0.999096150421,0.0414256449468,-0.00952880652551,1.99599007562,0.0962446845244,-0.0195200883081,1.995811741750106,0.09729787112369197,-0.019557996114443647
46.166666666666664,15.157635556271032,9.177939597753447,3.265784378908227,1.988385465619699,0.14063627972175782,-0.019853071538996552,1.9981959095709407,0.08276449600014138,-0.019056368379188494,DEPTH_PROPOSAL_CERTIFIED,0.5406574683021899,0,32,0,0,166,FULL_MOTION_CERTIFICATE,0,0,0,172,0,0,0,0,0,,46.233333333,1.99819415918,0.082806604276,-0.0190569805248,0.99909707959,0.041403302138,-0.0095284902624,0.99909707959,0.041403302138,-0.0095284902624,1.99615705165,0.0952266481216,-0.0194850043844,1.9959921033694277,0.09620262245137327,-0.019520088308124253
46.18333333333333,15.190785129026459,9.180226150319289,3.2654539591138327,1.9889743653256973,0.1371931539505639,-0.019825187663651617,1.9981975578826816,0.08272482717980095,-0.019055777070469418,DEPTH_PROPOSAL_CERTIFIED,0.5349301001781379,0,32,0,0,166,FULL_MOTION_CERTIFICATE,0,0,0,172,0,0,0,0,0,,46.25,1.99819590957,0.0827644960001,-0.0190563683792,0.999097954785,0.0413822480001,-0.00952818418959,0.999097954785,0.0413822480001,-0.00952818418959,1.99631151059,0.0942825456692,-0.0194525319592,1.9961589417388745,0.09518701954199542,-0.01948500438444338
46.2,15.223943968079569,9.182458475695542,3.265124009844318,1.989530343185806,0.13393952257517203,-0.01979695617088659,1.9981991097018115,0.08268746626840581,-0.019055206873682975,DEPTH_PROPOSAL_CERTIFIED,0.5327940048508046,0,32,0,0,166,FULL_MOTION_CERTIFICATE,0,0,0,172,0,0,0,0,0,,46.266666666,1.99819755788,0.0827248271798,-0.0190557770705,0.999098778941,0.0413624135899,-0.00952788853523,0.999098778941,0.0413624135899,-0.00952788853523,1.99645439295,0.0934069609702,-0.0194224747718,1.9963132730791298,0.09424521979540716,-0.019452531959153408
46.21666666666667,15.25711155169567,9.184639579216364,3.2647945334048525,1.9900550169662634,0.13086621124940007,-0.01976858636792693,1.9982005703434949,0.08265228787498836,-0.01905465790721449,DEPTH_PROPOSAL_CERTIFIED,0.5320775157610911,0,32,0,0,166,FULL_MOTION_CERTIFICATE,0,0,0,172,0,0,0,0,0,,46.283333333,1.9981991097,0.0826874662684,-0.0190552068737,0.999099554851,0.0413437331342,-0.00952760343684,0.999099554851,0.0413437331342,-0.00952760343684,1.99658656847,0.092594878022,-0.0193946514456,1.9964560370878448,0.09337181307497978,-0.019422474771819027
46.233333333333334,15.290287384157443,9.186772318568007,3.2644655291054403,1.990549947706449,0.12796436109861498,-0.019740257964723847,1.9982019448612882,0.08261917257278212,-0.019054130154709394,DEPTH_PROPOSAL_CERTIFIED,0.5313837279925442,0,32,0,0,167,FULL_MOTION_CERTIFICATE,0,0,0,172,0,0,0,0,0,,46.3,1.99820057034,0.082652287875,-0.0190546579072,0.999100285172,0.0413261439375,-0.00952732895361,0.999100285172,0.0413261439375,-0.00952732895361,1.99670884134,0.0918416514807,-0.0193688943589,1.9965881027367125,0.09256178925903455,-0.019394651445646192
46.25,15.32347099480842,9.188859409116114,3.26413699369947,1.991016639058647,0.1252254328864255,-0.019712124358221,1.998203238056893,0.08258800670227673,-0.019053623484578744,DEPTH_PROPOSAL_CERTIFIED,0.5307113570604687,0,32,0,0,167,FULL_MOTION_CERTIFICATE,0,0,0,172,0,0,0,0,0,,46.316666666,1.99820194486,0.0826191725728,-0.0190541301547,0.999100972431,0.0413095862864,-0.00952706507735,0.999100972431,0.0413095862864,-0.00952706507735,1.99682195524,0.0911429788641,-0.0193450485868,1.9967102735554643,0.09181050869771155,-0.019368894358886227
46.266666666666666,15.356661937092648,9.190903429262107,3.263808921773009,1.991456537053861,0.12264120875953953,-0.019684315587658527,1.9982044544898994,0.08255868217064156,-0.019053137667332763,DEPTH_PROPOSAL_CERTIFIED,0.5300591858392538,0,32,0,0,167,FULL_MOTION_CERTIFICATE,0,0,0,172,0,0,0,0,0,,46.333333333,1.99820323806,0.0825880067023,-0.0190536234846,0.999101619028,0.0412940033511,-0.00952681174229,0.999101619028,0.0412940033511,-0.00952681174229,1.99692659788,0.0904948748995,-0.0193229709271,1.996823292595472,0.09111367441152893,-0.019345048586796358
46.28333333333333,15.389859787596517,9.192906825794054,3.2634813060898065,1.9918710302323066,0.12020379191682341,-0.019656940992161358,1.9982055984874714,0.08253109624916413,-0.01905267239095951,DEPTH_PROPOSAL_CERTIFIED,0.5294260616643982,0,32,0,0,167,FULL_MOTION_CERTIFICATE,0,0,0,172,0,0,0,0,0,,46.35,1.99820445449,0.0825586821706,-0.0190531376673,0.999102799244,0.0412655481246,-0.00952633619548,0.999102227245,0.0412793410853,-0.00952656883367,1.99702349187,0.089891558323,-0.0193024937649,1.9969278470093434,0.09046730643568504,-0.019322970927095888
46.3,15.423064145207245,9.194871916564258,3.263154137940982,1.9922614566438417,0.11790544621229578,-0.01963008892948685,1.9982066741539202,0.0825051513701198,-0.019052227274545357,DEPTH_PROPOSAL_CERTIFIED,0.5288108946805319,0,32,0,0,167,FULL_MOTION_CERTIFICATE,0,0,0,172,0,0,0,0,0,,46.366666666,1.99820559849,0.0825310962492,-0.019052672391,0.999102799244,0.0412655481246,-0.00952633619548,0.999102799244,0.0412655481246,-0.00952633619548,1.99711304539,0.0893339475821,-0.019283567904,1.997024658864571,0.08986562861705685,-0.019302493764857834
46.31666666666667,15.456274629938312,9.196800901423122,3.2628274073187042,1.9926290838632972,0.11573909153178005,-0.019603837336643587,1.998207685375637,0.08248075503281274,-0.019051801882145426,DEPTH_PROPOSAL_CERTIFIED,0.5282126524996469,0,32,0,0,168,FULL_MOTION_CERTIFICATE,0,0,0,172,0,0,0,0,0,,46.383333333,1.99820667415,0.0825051513701,-0.0190522272745,0.999103842688,0.0412403775164,-0.00952590094107,0.999103337077,0.0412525756851,-0.00952611363727,1.99719597267,0.088814766318,-0.0192660098716,1.9971141359406532,0.08930956442949886,-0.019283567903955905
46.333333333333336,15.489490882230104,9.198695861977157,3.2625011032462563,1.9929751375076248,0.11369763324204678,-0.0195782443468713,1.9982086358400113,0.08245781936941926,-0.01905139572946835,DEPTH_PROPOSAL_CERTIFIED,0.5276303599362353,0,32,0,0,168,FULL_MOTION_CERTIFICATE,0,0,0,172,0,0,0,0,0,,46.4,1.99820768538,0.0824807550328,-0.0190518018821,0.999103842688,0.0412403775164,-0.00952590094107,0.999103842688,0.0412403775164,-0.00952590094107,1.99727261757,0.0883349169686,-0.0192497819933,1.997196991968422,0.08879184210729929,-0.019266009871649406
46.35,15.522712561836261,9.200558771692142,3.262175213899002,1.9933007763695683,0.11177458289906698,-0.019553360835239546,1.9982095290352486,0.08243626116943872,-0.01905100829703415,DEPTH_PROPOSAL_CERTIFIED,0.5272266465642981,0,32,0,0,168,FULL_MOTION_CERTIFICATE,0,0,0,173,0,0,0,0,0,,46.416666666,1.99820863584,0.0824578193694,-0.0190513957295,0.99910431792,0.0412289096847,-0.00952569786473,0.99910431792,0.0412289096847,-0.00952569786473,1.99734352804,0.0878896823198,-0.0192347527315,1.99727357048528,0.0883133687147121,-0.01924978199333213
46.36666666666667,15.555939347051867,9.20239149813486,3.2618497268347073,1.993607112936482,0.10996358656303101,-0.01952922385768499,1.9982103682677574,0.08241600147786894,-0.019050639034772214,DEPTH_PROPOSAL_CERTIFIED,0.5272098280133393,0,32,0,0,168,FULL_MOTION_CERTIFICATE,0,0,0,173,0,0,0,0,0,,46.433333333,1.99820952904,0.0824362611694,-0.019051008297,0.999104764518,0.0412181305847,-0.00952550414852,0.999104764518,0.0412181305847,-0.00952550414852,1.99740913418,0.0874765443456,-0.0192208326983,1.9973444190528298,0.08786943126339077,-0.019234752731519374
46.38333333333333,15.589170933851443,9.204195807821662,3.2615246291531896,1.9938952079746843,0.10825858120814709,-0.01950586089106684,1.9982111566660878,0.08239696551604068,-0.01905028737115444,DEPTH_PROPOSAL_CERTIFIED,0.5271978025250488,0,32,0,0,168,FULL_MOTION_CERTIFICATE,0,0,0,173,0,0,0,0,0,,46.45,1.99821036827,0.0824160014779,-0.0190506390348,0.999105184134,0.0412080007389,-0.00952531951739,0.999105184134,0.0412080007389,-0.00952531951739,1.99746983373,0.0870931698783,-0.0192079392387,1.9974099674407524,0.08745751587856201,-0.019220832698325425
46.4,15.622407035051431,9.205973370932899,3.2611999076353744,1.9941660719993541,0.10665378667418457,-0.019483291068918406,1.998211897189269,0.08237908249457397,-0.01904995271945544,DEPTH_PROPOSAL_CERTIFIED,0.5308546791267235,0,32,0,0,168,FULL_MOTION_CERTIFICATE,0,0,0,173,0,0,0,0,0,,46.466666666,1.99821115667,0.082396965516,-0.0190502873712,0.999105578333,0.041198482758,-0.00952514368558,0.999105578333,0.041198482758,-0.00952514368558,1.99752599456,0.0867373968348,-0.0191959959159,1.9974706131003266,0.0870752933598407,-0.019207939238707464
46.416666666666664,15.655647379498404,9.207725765885977,3.2608755488639645,1.9944206668185285,0.10514369718463407,-0.019461526284597748,1.9982125926348815,0.08236228543115157,-0.019049634483194865,DEPTH_PROPOSAL_CERTIFIED,0.5362872559286607,0,32,0,0,168,FULL_MOTION_CERTIFICATE,0,0,0,173,0,0,0,0,0,,46.483333333,1.99821189719,0.0823790824946,-0.0190499527195,0.999105948595,0.0411895412473,-0.00952497635973,0.999105948595,0.0411895412473,-0.00952497635973,1.99757795688,0.0864072214994,-0.0191849320371,1.9975267236124545,0.08672060541211682,-0.019195995915885732
46.43333333333333,15.688891711283924,9.209454483761716,3.2605515393277154,1.994659907131255,0.10372307254435353,-0.01944057217494239,1.9982132456468549,0.08234651097343162,-0.01904933206084958,DEPTH_PROPOSAL_CERTIFIED,0.5417241845442795,0,32,0,0,168,FULL_MOTION_CERTIFICATE,0,0,0,173,0,0,0,0,0,,46.5,1.99821259263,0.0823622854312,-0.0190496344832,0.999106296317,0.0411811427156,-0.0095248172416,0.999106296317,0.0411811427156,-0.0095248172416,1.99762603535,0.0861007869426,-0.0191746822222,1.997578638946517,0.08639145193292999,-0.019184932037147003
46.45,15.722139788986613,9.211160932580501,3.260227865511103,1.9948846621606553,0.10238692912709277,-0.019420428996708008,1.9982138587229956,0.08233169922734482,-0.019049044849914938,DEPTH_PROPOSAL_CERTIFIED,0.5471651284518146,0,32,0,0,168,FULL_MOTION_CERTIFICATE,0,0,0,173,0,0,0,0,0,,46.516666666,1.99821324565,0.0823465109734,-0.0190493320608,0.999106622823,0.0411732554867,-0.00952466603042,0.999106622823,0.0411732554867,-0.00952466603042,1.99767052097,0.0858163721078,-0.0191651859983,1.9976266735193369,0.08608597943651804,-0.01917468222224866
46.46666666666667,15.755391384941776,9.212846441425825,3.2599045139710046,1.9950957573098356,0.10113053071940464,-0.019401092405918016,1.998214434222231,0.08231779359094551,-0.019048772250386172,DEPTH_PROPOSAL_CERTIFIED,0.5526097717948684,0,32,0,0,168,FULL_MOTION_CERTIFICATE,0,0,0,173,0,0,0,0,0,,46.533333333,1.99821385872,0.0823316992273,-0.0190490448499,0.999106929361,0.0411658496137,-0.00952452242496,0.999106929361,0.0411658496137,-0.00952452242496,1.99771168293,0.0855523817328,-0.0191563874263,1.9976711181298363,0.08580247014560849,-0.019165185998280085
46.483333333333334,15.7886462845389,9.214512264414076,3.25958147140184,1.995293975827594,0.09994937929509745,-0.01938255414988319,1.99821497437158,0.08230474059394328,-0.01904851366772428,DEPTH_PROPOSAL_CERTIFIED,0.5580578181588876,0,32,0,0,168,FULL_MOTION_CERTIFICATE,0,0,0,173,0,0,0,0,0,,46.55,1.99821443422,0.0823177935909,-0.0190487722504,0.999107217111,0.0411588967955,-0.00952438612519,0.999107217111,0.0411588967955,-0.00952438612519,1.99774977015,0.0853073371717,-0.0191482347613,1.997712241744249,0.08553933191854884,-0.019156387426258265
46.5,15.821904285546752,9.216159584510637,3.2592587246904894,1.9954800604712126,0.09883920579370861,-0.01936480268104783,1.9982154812728448,0.08229248974298817,-0.01904826851536432,DEPTH_PROPOSAL_CERTIFIED,0.563508989412496,0,32,0,0,168,FULL_MOTION_CERTIFICATE,0,0,0,173,0,0,0,0,0,,46.566666666,1.99821497437,0.0823047405939,-0.0190485136677,0.999107487186,0.041152370297,-0.00952425683386,0.999107487186,0.041152370297,-0.00952425683386,1.99778501289,0.0850798677431,-0.0191406801333,1.9977502931233584,0.08529508907676399,-0.01914823476125642
46.516666666666666,15.85516519746607,9.217789517193012,3.2589362609621535,1.9956547151591209,0.09779596094255011,-0.019347823700154868,1.9982159569090323,0.08228099337273435,-0.019048036216817978,DEPTH_PROPOSAL_CERTIFIED,0.5689630246110613,0,32,0,0,168,FULL_MOTION_CERTIFICATE,0,0,0,173,0,0,0,0,0,,46.583333333,1.99821548127,0.082292489743,-0.0190482685154,0.999107740636,0.0411462448715,-0.00952413425768,0.999107740636,0.0411462448715,-0.00952413425768,1.99781762413,0.0848687027389,-0.019133679253,1.9977855023516027,0.08506837375841561,-0.019140680133260722
46.53333333333333,15.888428840909489,9.219403113962496,3.2586140676182205,1.9958186066052561,0.09681580616909136,-0.01933160063597473,1.9982164031505032,0.08227020650267834,-0.019047816207417325,DEPTH_PROPOSAL_CERTIFIED,0.5744196789599059,0,32,0,0,168,FULL_MOTION_CERTIFICATE,0,0,0,173,0,0,0,0,0,,46.6,1.99821595691,0.0822809933727,-0.0190480362168,0.999107978455,0.0411404966864,-0.00952401810841,0.999107978455,0.0411404966864,-0.00952401810841,1.99784780086,0.0846726641466,-0.019127191144,1.9978180822481055,0.0848579179328938,-0.019133679252977036
46.55,15.92169504700827,9.221001365706677,3.2582921323670804,1.9959723659270436,0.09589510465088857,-0.019316115068404475,1.9982168217608614,0.08226008669973632,-0.01904760793574186,DEPTH_PROPOSAL_CERTIFIED,0.5798787228344631,0,32,0,0,168,FULL_MOTION_CERTIFICATE,0,0,0,173,0,0,0,0,0,,46.616666666,1.99821640315,0.0822702065027,-0.0190478162074,0.999108201575,0.0411351032513,-0.00952390810371,0.999108201575,0.0411351032513,-0.00952390810371,1.99787572527,0.0844906597869,-0.0191211778915,1.9978482296528508,0.08466254612881392,-0.019127191144047345
46.56666666666667,15.954963656845335,9.222585205915411,3.2579704432487393,1.9961165902231297,0.09503041252407014,-0.019301347100458135,1.998217214402578,0.08225059394649141,-0.019047410864766367,DEPTH_PROPOSAL_CERTIFIED,0.5853399408549345,0,32,0,0,168,FULL_MOTION_CERTIFICATE,0,0,0,173,0,0,0,0,0,,46.633333333,1.99821682176,0.0822600866997,-0.0190476079357,0.99910841088,0.0411300433499,-0.00952380396787,0.99910841088,0.0411300433499,-0.00952380396787,1.99790156592,0.0843216769739,-0.0191156044099,1.997876126635378,0.08448116857688946,-0.01912117789151288
46.583333333333336,15.988234520913934,9.224155513753377,3.2576489886539974,1.9962518441160881,0.09421847027799395,-0.019287275684507034,1.9982175826423696,0.08224169051502729,-0.01904722447276357,DEPTH_PROPOSAL_CERTIFIED,0.5908031310128363,0,32,0,0,168,FULL_MOTION_CERTIFICATE,0,0,0,173,0,0,0,0,0,,46.65,1.9982172144,0.0822505939465,-0.0190474108648,0.999108607201,0.0411252969732,-0.00952370543238,0.999108607201,0.0411252969732,-0.00952370543238,1.99792547868,0.0841647767414,-0.0191104382321,1.9979019416101798,0.08431277487586378,-0.01911560440990361
46.6,16.02150749860152,9.225713116992791,3.2573277573388673,1.996378661255279,0.09345619436482737,-0.019273878907812438,1.9982179279563264,0.08223334084624487,-0.019047048253991998,DEPTH_PROPOSAL_CERTIFIED,0.6018932790198257,0,32,0,0,168,FULL_MOTION_CERTIFICATE,0,0,0,174,0,0,0,0,0,,46.666666666,1.99821758264,0.082241690515,-0.0190472244728,0.999108963978,0.0411166704231,-0.009523524127,0.999108791321,0.0411208452575,-0.00952361223638,1.99794763393,0.0840184558461,-0.0191056359613,1.997925830353408,0.08415642822419463,-0.01911043823213837
46.61666666666667,16.054782457730848,9.227258794011325,3.2570067384517,1.9964975477598845,0.0927406211120576,-0.01926113323004322,1.998218251734806,0.08222551143453771,-0.019046881719196048,DEPTH_PROPOSAL_CERTIFIED,0.6159986329674474,0,32,0,0,168,FULL_MOTION_CERTIFICATE,0,0,0,174,0,0,0,0,0,,46.683333333,1.99821792796,0.0822333408462,-0.019047048254,0.999108963978,0.0411166704231,-0.009523524127,0.999108963978,0.0411166704231,-0.009523524127,1.99796811075,0.0838832198586,-0.0191011974985,1.9979479631160713,0.0840106274282659,-0.019105635961258773
46.63333333333333,16.088059274020697,9.22879327817496,3.2566859215035873,1.9966089773911255,0.09206904981814,-0.019249016886744363,1.9982185552857126,0.08221817075098242,-0.01904672439664504,DEPTH_PROPOSAL_CERTIFIED,0.6300287782033436,0,32,0,0,168,FULL_MOTION_CERTIFICATE,0,0,0,174,0,0,0,0,0,,46.7,1.99821825173,0.0822255114345,-0.0190468817192,0.999109125867,0.0411127557173,-0.0095234408596,0.999109125867,0.0411127557173,-0.0095234408596,1.99798706082,0.0837576358845,-0.0190970826667,1.9979684188922664,0.08387588003234478,-0.019101197498498285
46.65,16.121337830679078,9.230317259441021,3.2563652963916114,1.9967133995030075,0.09143887596369188,-0.019237506718555446,1.9982188398418976,0.08221128906677722,-0.01904657583081809,DEPTH_PROPOSAL_CERTIFIED,0.6439843238831939,0,32,0,0,168,FULL_MOTION_CERTIFICATE,0,0,0,174,0,0,0,0,0,,46.716666666,1.99821855529,0.082218170751,-0.0190467243966,0.999109277643,0.0411090853755,-0.00952336219832,0.999109277643,0.0411090853755,-0.00952336219832,1.99800459828,0.0836410097427,-0.0190932676463,1.9979873492679672,0.08375075493942435,-0.01909708266665067
46.666666666666664,16.15461801797986,9.231831386772411,3.256044853399676,1.9968112380470995,0.09084763988346231,-0.019226579516115512,1.9982191065637713,0.08220483839199273,-0.01904643558329589,DEPTH_PROPOSAL_CERTIFIED,0.6578658283975523,0,32,0,0,168,FULL_MOTION_CERTIFICATE,0,0,0,174,0,0,0,0,0,,46.733333333,1.99821883984,0.0822112890668,-0.0190465758308,0.999109419921,0.0411056445334,-0.00952328791541,0.999109419921,0.0411056445334,-0.00952328791541,1.9980208287,0.0835326975681,-0.0190897303875,1.9980048682850222,0.0836345597046612,-0.019093267646348305
46.68333333333333,16.187899751507548,9.23333615105114,3.2557245873383445,1.9969040116612606,0.0902858567236546,-0.019215963679898303,1.99821935654332,0.08219879238021995,-0.01904630323272669,DEPTH_PROPOSAL_CERTIFIED,0.671673842862242,0,32,0,0,168,FULL_MOTION_CERTIFICATE,0,0,0,174,0,0,0,0,0,,46.75,1.99821910656,0.082204838392,-0.0190464355833,0.999109553282,0.041102419196,-0.00952321779165,0.999109553282,0.041102419196,-0.00952321779165,1.99803584975,0.083432102174,-0.019086450478,1.9980358497540278,0.08343210217400022,-0.01908645047804836
46.7,16.22118291442219,9.23483225445208,3.255404484803783,1.9969897748777143,0.08976620405637294,-0.019206152073697545,1.9982195906000242,0.08219313125066847,-0.019046178553227325,DEPTH_PROPOSAL_CERTIFIED,0.6854087985235331,0,32,0,0,168,FULL_MOTION_CERTIFICATE,0,0,0,174,0,0,0,0,0,,46.766666666,1.99821935654,0.0821987923802,-0.0190463032327,0.999109678272,0.0410993961901,-0.00952315161636,0.999109678272,0.0410993961901,-0.00952315161636,1.99804975178,0.0833386696176,-0.0190834090202,1.998036086118448,0.08342644151553903,-0.01908645047804836
46.71666666666667,16.254467415970847,9.236320235581562,3.255084537247824,1.9970700929194758,0.08927886776891508,-0.019196853357522813,1.9982198099236754,0.08218782629012031,-0.01904606096532454,DEPTH_PROPOSAL_CERTIFIED,0.6990711236889935,0,32,0,0,168,FULL_MOTION_CERTIFICATE,0,0,0,174,0,0,0,0,0,,46.783333333,1.9982195906,0.0821931312507,-0.0190461785532,0.9991097953,0.0410965656253,-0.00952308927661,0.9991097953,0.0410965656253,-0.00952308927661,1.99806261836,0.0832518864063,-0.0190805885302,1.9980499730289654,0.08333336506192882,-0.019083409020191098
46.733333333333334,16.28775317096967,9.237800600610386,3.25476473649089,1.9971452999294053,0.08882190172944303,-0.01918804541605996,1.9982200154219436,0.08218285558411591,-0.019045950098833236,DEPTH_PROPOSAL_CERTIFIED,0.7126612101465373,0,32,0,0,168,FULL_MOTION_CERTIFICATE,0,0,0,174,0,0,0,0,0,,46.8,1.99821980992,0.0821878262901,-0.0190460609653,0.999109904962,0.0410939131451,-0.00952303048266,0.999109904962,0.0410939131451,-0.00952303048266,1.99807452681,0.0831712757898,-0.0190779728055,1.9980628254505457,0.08324691604788355,-0.019080588530213185
46.75,16.3210400994795,9.239273825130747,3.2544450747145244,1.9972157105898996,0.08839347122165467,-0.019179706581930276,1.9982202079482991,0.08217819852278849,-0.019045845599655817,DEPTH_PROPOSAL_CERTIFIED,0.7261794161056834,0,32,0,0,168,FULL_MOTION_CERTIFICATE,0,0,0,174,0,0,0,0,0,,46.816666666,1.99822001542,0.0821828555841,-0.0190459500988,0.999110007711,0.0410914277921,-0.00952297504942,0.999110007711,0.0410914277921,-0.00952297504942,1.99808554868,0.0830963954742,-0.019075546843,1.9980747206479301,0.08316661902663634,-0.019077972805548096
46.766666666666666,16.354328126498814,9.240740355915896,3.2541255444529806,1.9972816211589064,0.08799184710895445,-0.01917181569261853,1.9982203883050955,0.08217383572715962,-0.019045747129426836,DEPTH_PROPOSAL_CERTIFIED,0.7396260689269405,0,32,0,0,168,FULL_MOTION_CERTIFICATE,0,0,0,174,0,0,0,0,0,,46.833333333,1.99822020795,0.0821781985228,-0.0190458455997,0.999110103974,0.0410890992614,-0.00952292279983,0.999110103974,0.0410890992614,-0.00952292279983,1.99809575014,0.0830268350977,-0.0190732967488,1.9980857301007886,0.0830920329340115,-0.01907554684301522
46.78333333333333,16.387617181673154,9.242200612586727,3.253806138584043,1.9973433104604825,0.08761540024981787,-0.019164352136266848,1.9982205572464953,0.08216974897922903,-0.019045654365121685,DEPTH_PROPOSAL_CERTIFIED,0.7530014676527763,0,32,0,0,168,FULL_MOTION_CERTIFICATE,0,0,0,174,0,0,0,0,0,,46.85,1.99822038831,0.0821738357272,-0.0190457471294,0.999110194153,0.0410869178636,-0.00952287356471,0.999110194153,0.0410869178636,-0.00952287356471,1.99810519242,0.0829622139319,-0.0190712096564,1.9980959199397101,0.08302274856835122,-0.01907329674877633
46.8,16.420907199020323,9.243654989189432,3.2534868503192462,1.997401040830417,0.08726259616234894,-0.019157295887789028,1.9982207154812341,0.08216592115570047,-0.019045566998636694,DEPTH_PROPOSAL_CERTIFIED,0.7660253507280008,0,32,0,0,168,FULL_MOTION_CERTIFICATE,0,0,0,174,0,0,0,0,0,,46.866666666,1.99822055725,0.0821697489792,-0.0190456543651,0.999110278623,0.0410848744896,-0.00952282718256,0.999110278623,0.0410848744896,-0.00952282718256,1.99811393218,0.0829021787107,-0.0190692736495,1.9981053513436167,0.08295838629522766,-0.019071209656359632
46.81666666666667,16.454198116670643,9.245103855688246,3.2531676731936394,1.9974550590185205,0.0869319899288023,-0.019150627536405396,1.9982208636752437,0.08216233616518541,-0.019045484736346884,DEPTH_PROPOSAL_CERTIFIED,0.778878218653392,0,32,0,0,168,FULL_MOTION_CERTIFICATE,0,0,0,174,0,0,0,0,0,,46.883333333,1.99822071548,0.0821659211557,-0.0190455669986,0.999110357741,0.0410829605779,-0.00952278349932,0.999110357741,0.0410829605779,-0.00952278349932,1.99812202183,0.082846401622,-0.0190674776911,1.998114080913384,0.08289859387953497,-0.019069273649525105
46.833333333333336,16.487489876621453,9.24654755937715,3.252848601055211,1.9975055970486841,0.08662222133429934,-0.019144328305699575,1.9982210024541303,0.08215897888873316,-0.019045407298647316,DEPTH_PROPOSAL_CERTIFIED,0.7917410818238599,0,32,0,0,168,FULL_MOTION_CERTIFICATE,0,0,0,174,0,0,0,0,0,,46.9,1.99822086368,0.0821623361652,-0.0190454847363,0.999110431838,0.0410811680826,-0.00952274236817,0.999110431838,0.0410811680826,-0.00952274236817,1.99812950984,0.0827945784803,-0.0190658115581,1.9981221610166815,0.08284304448136305,-0.01906747769108855
46.85,16.52078242450541,9.247986426214409,3.2525296280540905,1.9975528730375949,0.08633201023553225,-0.019138380067246597,1.9982211324055212,0.08215583512353801,-0.019045334419482675,DEPTH_PROPOSAL_CERTIFIED,0.8046136966405397,0,32,0,0,168,FULL_MOTION_CERTIFICATE,0,0,0,175,0,0,0,0,0,,46.916666666,1.99822100245,0.0821589788887,-0.0190454072986,0.999110501227,0.0410794894444,-0.00952270364932,0.999110501227,0.0410794894444,-0.00952270364932,1.9981364411,0.082746426998,-0.0190642657809,1.9981296401023045,0.08279143483057351,-0.01906581155812026
46.86666666666667,16.554075709371638,9.24942076208357,3.252210748631614,1.9975970919738155,0.08606015214966786,-0.01913276534858771,1.9982212540812823,0.08215289152967674,-0.019045265845869654,DEPTH_PROPOSAL_CERTIFIED,0.8174958345931309,0,32,0,0,168,FULL_MOTION_CERTIFICATE,0,0,0,175,0,0,0,0,0,,46.933333333,1.99822113241,0.0821558351235,-0.0190453344195,0.999110566203,0.0410779175618,-0.00952266720974,0.999110566203,0.0410779175618,-0.00952266720974,1.99814285711,0.0827016851885,-0.0190628315869,1.9981365629957086,0.08274348350212223,-0.01906426578094929
46.88333333333333,16.587369690834205,9.250850804970106,3.2518919591895665,1.9976388877542035,0.08580257319215256,-0.01912736652285295,1.9982213679996141,0.08215013557973605,-0.019045201337415576,DEPTH_PROPOSAL_CERTIFIED,0.8303873034894944,0,32,0,0,168,FULL_MOTION_CERTIFICATE,0,0,0,175,0,0,0,0,0,,46.95,1.99822125408,0.0821528915297,-0.0190452658459,0.999110627041,0.0410764457648,-0.00952263292293,0.999110627041,0.0410764457648,-0.00952263292293,1.99814879627,0.0826601099105,-0.0190615008489,1.9981487962749378,0.0826601099104657,-0.019061500848888906
46.9,16.62066431625531,9.25227687684502,3.251573252911249,1.9976775252665904,0.08556431249477617,-0.019122376699067797,1.9982214745610343,0.08214755758612992,-0.0190451407387851,DEPTH_PROPOSAL_CERTIFIED,0.8432878777774353,0,32,0,0,168,FULL_MOTION_CERTIFICATE,0,0,0,175,0,0,0,0,0,,46.966666666,1.998221368,0.0821501355797,-0.0190452013374,0.999110684,0.0410750677899,-0.00952260066871,0.999110684,0.0410750677899,-0.00952260066871,1.99815429413,0.082621475493,-0.0190602660375,1.9981489029177097,0.082657531986784,-0.019061500848888906
46.916666666666664,16.6539595437833,9.253699229969614,3.2512546250554837,1.9977136516794571,0.0853411874756663,-0.01911767134591592,1.9982215743146483,0.08214514427679243,-0.01904508375494777,DEPTH_PROPOSAL_CERTIFIED,0.8561973686343944,0,32,0,0,168,FULL_MOTION_CERTIFICATE,0,0,0,175,0,0,0,0,0,,46.983333333,1.99822147456,0.0821475575861,-0.0190451407388,0.999110737281,0.0410737787931,-0.00952257036939,0.999110737281,0.0410737787931,-0.00952257036939,1.99815938356,0.0825855726206,-0.0190591201815,1.998154393916433,0.08261906224252571,-0.019060266037463042
46.93333333333333,16.68725533422195,9.25511810093034,3.2509360711279562,1.9977474263189887,0.08513225764351087,-0.01911323565164045,1.9982216676886266,0.08214288529809079,-0.01904503018081162,DEPTH_PROPOSAL_CERTIFIED,0.8691155986787307,0,32,0,0,168,FULL_MOTION_CERTIFICATE,0,0,0,175,0,0,0,0,0,,47,1.99822157431,0.0821451442768,-0.0190450837549,0.999110787157,0.0410725721384,-0.00952254187747,0.999110787157,0.0410725721384,-0.00952254187747,1.99816409498,0.0825522068363,-0.0190580568158,1.9981594769212734,0.0825833136912146,-0.01905912018147968
46.95,16.720551650867694,9.256533711581556,3.250617586870676,1.997778998744083,0.08493663907295432,-0.019109055436804964,1.998221755084794,0.08214077093275547,-0.01904497982194009,DEPTH_PROPOSAL_CERTIFIED,0.8820424012026487,0,32,0,0,168,FULL_MOTION_CERTIFICATE,0,0,0,175,0,0,0,0,0,,47.016666666,1.99822166769,0.0821428852981,-0.0190450301808,0.999110833844,0.041071442649,-0.00952251509041,0.999110833844,0.041071442649,-0.00952251509041,1.99816845655,0.0825211976301,-0.0190570699496,1.998164182330233,0.08255009251216537,-0.019058056815812057
46.96666666666667,16.753848459356263,9.25794626993444,3.2502991682516376,1.9978085093142732,0.08475350117300746,-0.019105117142316982,1.9982218368802005,0.08213879206205922,-0.019044932494094367,DEPTH_PROPOSAL_CERTIFIED,0.8949776194544481,0,32,0,0,168,FULL_MOTION_CERTIFICATE,0,0,0,175,0,0,0,0,0,,47.033333333,1.99822175508,0.0821407709328,-0.0190449798219,0.999110877542,0.0410703854664,-0.00952248991097,0.999110877542,0.0410703854664,-0.00952248991097,1.99817249432,0.0824923774252,-0.0190561540308,1.998168538270595,0.08251921879365573,-0.019057069949563625
46.983333333333334,16.787145727518386,9.259355970994834,3.2499808114547095,1.9978360897275622,0.08458206362365583,-0.019101407815685843,1.998221913428601,0.08213694013012683,-0.019044888022785086,DEPTH_PROPOSAL_CERTIFIED,0.9079211059671797,0,32,0,0,168,FULL_MOTION_CERTIFICATE,0,0,0,175,0,0,0,0,0,,47.05,1.99822183688,0.0821387920621,-0.0190449324941,0.99911091844,0.041069396031,-0.00952246624705,0.99911091844,0.041069396031,-0.00952246624705,1.99817623239,0.0824655906547,-0.0190553039144,1.9981725707696885,0.08249052552156588,-0.019056154030785952
47.0,16.820443425243873,9.260762997552746,3.249662512869778,1.9978618635293035,0.084421593474751,-0.019097915095887895,1.998221985061855,0.08213520711026713,-0.019044846242834715,DEPTH_PROPOSAL_CERTIFIED,0.9239627763259683,0,32,0,0,169,FULL_MOTION_CERTIFICATE,0,0,0,175,0,0,0,0,0,,47.066666666,1.99822191343,0.0821369401301,-0.0190448880228,0.999110956714,0.0410684700651,-0.00952244401139,0.999110956714,0.0410684700651,-0.00952244401139,1.99817969307,0.0824406928887,-0.0190545148317,1.9981763039105487,0.08246385765811196,-0.019055303914352926
47.016666666666666,16.853741524353765,9.262167520926058,3.24934426908316,1.9978859465936216,0.0842714023986793,-0.01909462719708502,1.9982220520912395,0.08213358547322135,-0.019044806997951233,DEPTH_PROPOSAL_CERTIFIED,0.9419108944202967,0,32,0,0,169,FULL_MOTION_CERTIFICATE,0,0,0,175,0,0,0,0,0,,47.083333333,1.99822198506,0.0821352071103,-0.0190448462428,0.999110992531,0.0410676035551,-0.00952242312142,0.999110992531,0.0410676035551,-0.00952242312142,1.99818289701,0.0824175500262,-0.0190537823628,1.9981797599783018,0.08243907127060429,-0.019054514831689958
47.03333333333333,16.887039998480073,9.263569701660893,3.249026076868302,1.9979084475785973,0.08413084409010799,-0.019091532891459085,1.9982221148086914,0.08213206815722876,-0.0190447701403141,DEPTH_PROPOSAL_CERTIFIED,0.9598118781679863,0,32,0,0,169,FULL_MOTION_CERTIFICATE,0,0,0,175,0,0,0,0,0,,47.1,1.99822205209,0.0821335854732,-0.019044806998,0.999111026046,0.0410667927366,-0.00952240349898,0.999111026046,0.0410667927366,-0.00952240349898,1.99818586331,0.0823960375596,-0.0190531024109,1.9981829595953002,0.08241603272553792,-0.019053782362822638
47.05,16.920338822952676,9.26496969019101,3.2487079331767785,1.9979294683563023,0.08399931180710372,-0.019088621491418614,1.998222173487977,0.08213064853981383,-0.019044735530172843,DEPTH_PROPOSAL_CERTIFIED,0.9776657629086225,0,32,0,0,169,FULL_MOTION_CERTIFICATE,0,0,0,175,0,0,0,0,0,,47.116666666,1.99822211481,0.0821320681572,-0.0190447701403,0.999111057404,0.0410660340786,-0.00952238507016,0.999111057404,0.0410660340786,-0.00952238507016,1.99818860963,0.0823760398784,-0.0190524711783,1.9981859218443014,0.08239461795445159,-0.01905310241092485
47.06666666666667,16.953637974693006,9.266367627458443,3.2483898351295895,1.9979491044190307,0.08387623604591665,-0.019085882831336,1.9982222283857933,0.08212932041120247,-0.01904470303545883,DEPTH_PROPOSAL_CERTIFIED,0.995472579785573,0,32,0,0,170,FULL_MOTION_CERTIFICATE,0,0,0,175,0,0,0,0,0,,47.133333333,1.99822217349,0.0821306485398,-0.0190447355302,0.999111086744,0.0410653242699,-0.00952236776509,0.999111086744,0.0410653242699,-0.00952236776509,1.99819115235,0.0823574496251,-0.0190518851444,1.998188664384318,0.08237471175943502,-0.01905247117832808
47.083333333333336,16.98693743211405,9.267763645497498,3.248071780008773,1.9979674452628593,0.08376108234324257,-0.019083307248989725,1.9982222797428038,0.08212807794928033,-0.019044672531410296,DEPTH_PROPOSAL_CERTIFIED,1.0132323561540986,0,32,0,0,170,FULL_MOTION_CERTIFICATE,0,0,0,175,0,0,0,0,0,,47.15,1.99822222839,0.0821293204112,-0.0190447030355,0.999111114193,0.0410646602056,-0.00952235151773,0.999111114193,0.0410646602056,-0.00952235151773,1.99819350659,0.0823401671086,-0.0190513410452,1.9981912035575686,0.08235620717061867,-0.019051885144365198
47.1,17.02023717502654,9.269157867984175,3.247753765249325,1.9979845747495342,0.0836533492006381,-0.019080885566884045,1.9982223277846172,0.08212691569601083,-0.01904464390021101,DEPTH_PROPOSAL_CERTIFIED,1.0309451159555623,0,32,0,0,170,FULL_MOTION_CERTIFICATE,0,0,0,176,0,0,0,0,0,,47.166666666,1.99822227974,0.0821280779493,-0.0190446725314,0.999111139871,0.0410640389746,-0.00952233626571,0.999111139871,0.0410640389746,-0.00952233626571,1.99819568638,0.0823240997487,-0.0190508358548,1.9981935544869673,0.08233900486086344,-0.019051341045194736
47.11666666666667,17.05353718455067,9.270550410752913,3.247435788431433,1.9980005714478892,0.08355256612421784,-0.01907860907354258,1.9982223727227053,0.08212582853523179,-0.019044617030642436,DEPTH_PROPOSAL_CERTIFIED,1.0486108800598348,0,32,0,0,170,FULL_MOTION_CERTIFICATE,0,0,0,176,0,0,0,0,0,,47.183333333,1.99822232778,0.082126915696,-0.0190446439002,0.999111163892,0.041063457848,-0.00952232195011,0.999111163892,0.041063457848,-0.00952232195011,1.99819770467,0.0823091615626,-0.0190503667673,1.9981957311678211,0.08232301259189051,-0.01905083585477673
47.13333333333333,17.086837445339967,9.271941366029948,3.2471178478230005,1.9980156473577986,0.08345731662212479,-0.01907643650593944,1.9982224147552679,0.08212481167175602,-0.019044591817749455,DEPTH_PROPOSAL_CERTIFIED,1.0662296760359133,0,32,0,0,170,FULL_MOTION_CERTIFICATE,0,0,0,176,0,0,0,0,0,,47.2,1.99822237272,0.0821258285352,-0.0190446170306,0.999111186361,0.0410629142676,-0.00952230851532,0.999111186361,0.0410629142676,-0.00952230851532,1.99819957346,0.0822952726966,-0.0190499311812,1.9981995734586926,0.0822952726965894,-0.019049931181181094
47.15,17.120137938408607,9.27333085287985,3.246799940680887,1.9980295841184885,0.08336921099418171,-0.01907442852679108,1.9982224540392504,0.08212386130681999,-0.019044568186607498,DEPTH_PROPOSAL_CERTIFIED,1.0838015098386826,0,32,0,0,170,FULL_MOTION_CERTIFICATE,0,0,0,176,0,0,0,0,0,,47.216666666,1.99822241476,0.0821248116718,-0.0190445918177,0.999111207378,0.0410624058359,-0.00952229590887,0.999111207378,0.0410624058359,-0.00952229590887,1.99820130386,0.0822823589831,-0.019049526684,1.9981996125989048,0.08229432233327617,-0.019049931181181094
47.166666666666664,17.153438648341314,9.274718966319607,3.2464820649804946,1.998042595962531,0.08328680638549421,-0.019072542023546878,1.998222490779646,0.08212297248248411,-0.01904454601795928,DEPTH_PROPOSAL_CERTIFIED,1.1013263948977456,0,32,0,0,170,FULL_MOTION_CERTIFICATE,0,0,0,176,0,0,0,0,0,,47.233333333,1.99822245404,0.0821238613068,-0.0190445681866,0.99911122702,0.0410619306534,-0.0095222840933,0.99911122702,0.0410619306534,-0.0095222840933,1.99820290615,0.0822703515831,-0.0190491510402,1.9982013404598484,0.08228147015950663,-0.019049526683967602
47.18333333333333,17.186739562559207,9.27610578225951,3.2461642192546587,1.9980548530737487,0.0832089563941339,-0.019070743550163846,1.9982225251393715,0.08212214125696031,-0.01904452522390262,DEPTH_PROPOSAL_CERTIFIED,1.1188043508657213,0,32,0,0,170,FULL_MOTION_CERTIFICATE,0,0,0,176,0,0,0,0,0,,47.25,1.99822249078,0.0821229724825,-0.019044546018,0.99911124539,0.0410614862412,-0.00952227300898,0.99911124539,0.0410614862412,-0.00952227300898,1.99820438983,0.0822591864995,-0.0190488021749,1.9982043898306063,0.08225918649953809,-0.019048802174890873
47.2,17.220040665626527,9.277491398014241,3.2458464012325794,1.9980661840383915,0.08313694528385149,-0.019069081324764377,1.9982225572478993,0.08212136449639725,-0.019044505740910017,DEPTH_PROPOSAL_CERTIFIED,1.13591030224981,0,32,0,0,170,FULL_MOTION_CERTIFICATE,0,0,0,176,0,0,0,0,0,,47.266666666,1.99822252514,0.082122141257,-0.0190445252239,0.99911126257,0.0410610706285,-0.00952226261195,0.99911126257,0.0410610706285,-0.00952226261195,1.99820576372,0.0822488042846,-0.0190484781635,1.9982044218070332,0.08225840973840637,-0.019048802174890873
47.21666666666667,17.25334194496855,9.278875891461704,3.2455286092245927,1.9980767605214886,0.08306960684775994,-0.019067520479211418,1.9982225872731079,0.08212063814027334,-0.019044487470145022,DEPTH_PROPOSAL_CERTIFIED,1.1528016970816397,0,32,0,0,170,FULL_MOTION_CERTIFICATE,0,0,0,176,0,0,0,0,0,,47.283333333,1.99822255725,0.0821213644964,-0.0190445057409,0.999111278624,0.0410606822482,-0.00952225287046,0.999111278624,0.0410606822482,-0.00952225287046,1.99820703595,0.082239149755,-0.0190481772224,1.9982057936152728,0.08224807792744292,-0.019048478163465322
47.233333333333334,17.28664338883505,9.280259335494668,3.24521084163991,1.9980866319901431,0.08300664197779799,-0.019066055080964844,1.9982226153488087,0.08211995895094493,-0.019044470338167033,DEPTH_PROPOSAL_CERTIFIED,1.1697053610470245,0,32,0,0,170,FULL_MOTION_CERTIFICATE,0,0,0,176,0,0,0,0,0,,47.3,1.99822258727,0.0821206381403,-0.0190444874701,0.999111293637,0.0410603190701,-0.00952224373507,0.999111293637,0.0410603190701,-0.00952224373507,1.99820821408,0.0822301716022,-0.0190478976957,1.9982070639077285,0.08223847056426223,-0.019048177222356633
47.25,17.319944986247293,9.281641798333903,3.244893096981219,1.9980958447347292,0.0829477703541324,-0.019064679521472686,1.9982226416003352,0.08211932389586768,-0.019044454275807258,DEPTH_PROPOSAL_CERTIFIED,1.1866212178323607,0,32,0,0,171,FULL_MOTION_CERTIFICATE,0,0,0,176,0,0,0,0,0,,47.316666666,1.99822261535,0.0821199589509,-0.0190444703382,0.999111307674,0.0410599794755,-0.00952223516908,0.999111307674,0.0410599794755,-0.00952223516908,1.99820930509,0.0822218221593,-0.0190476380474,1.9982082402186785,0.08222953654541207,-0.019047897695668344
47.266666666666666,17.35324672694841,9.283023343822181,3.2445753738395404,1.998104442067073,0.08289272929672176,-0.01906338850070833,1.9982226661450704,0.08211873013485385,-0.019044439217936575,DEPTH_PROPOSAL_CERTIFIED,1.2035491953546333,0,32,0,0,171,FULL_MOTION_CERTIFICATE,0,0,0,176,0,0,0,0,0,,47.333333333,1.9982226416,0.0821193238959,-0.0190444542758,0.9991113208,0.0410596619479,-0.0095222271379,0.9991113208,0.0410596619479,-0.0095222271379,1.99821031543,0.0822140571391,-0.0190473968526,1.9982093295216683,0.08222122839631191,-0.01904763804738318
47.28333333333333,17.386548601356854,9.28440403170025,3.2442576708893367,1.9981124645068051,0.08284127268411395,-0.019062177012212394,1.9982226890929415,0.08211817500809834,-0.019044425103244295,DEPTH_PROPOSAL_CERTIFIED,1.220489225468906,0,32,0,0,171,FULL_MOTION_CERTIFICATE,0,0,0,176,0,0,0,0,0,,47.35,1.99822266615,0.0821187301349,-0.0190444392179,0.999111333073,0.0410593650674,-0.00952221960897,0.999111333073,0.0410593650674,-0.00952221960897,1.99821125109,0.0822068353962,-0.0190471727893,1.998210338271536,0.0822135020102988,-0.019047396852561998
47.3,17.419850600522793,9.285783917865853,3.243939986883859,1.9981199499564954,0.08279316993614162,-0.01906104032866057,1.9982227105468857,0.08211765602493087,-0.019044411874027792,DEPTH_PROPOSAL_CERTIFIED,1.2374412436957096,0,32,0,0,171,FULL_MOTION_CERTIFICATE,0,0,0,176,0,0,0,0,0,,47.366666666,1.99822268909,0.0821181750081,-0.0190444251032,0.999111344546,0.041059087504,-0.00952221255162,0.999111344546,0.041059087504,-0.00952221255162,1.99821211761,0.0822001187004,-0.0190469646313,1.998211272442718,0.08220631641087914,-0.019047172789328312
47.31666666666667,17.453152716087242,9.287163054616798,3.2436223206507266,1.998126933866253,0.0827482050566225,-0.019059973987951433,1.9982227306032871,0.08211717085325085,-0.019044399475992433,DEPTH_PROPOSAL_CERTIFIED,1.2544051889667525,0,32,0,0,172,FULL_MOTION_CERTIFICATE,0,0,0,176,0,0,0,0,0,,47.383333333,1.99822271055,0.0821176560249,-0.019044411874,0.999111355273,0.0410588280125,-0.00952220593701,0.999111355273,0.0410588280125,-0.00952220593701,1.9982129201,0.0821938715279,-0.0190467712406,1.9982121375652955,0.08219963352648955,-0.019046964631299974
47.333333333333336,17.486454940243714,9.28854149087901,3.2433046710877296,1.998133449388376,0.08270617573278531,-0.01905897377981827,1.9982227493523856,0.08211671730960544,-0.019044387858061285,DEPTH_PROPOSAL_CERTIFIED,1.271381003387778,0,32,0,0,172,FULL_MOTION_CERTIFICATE,0,0,0,176,0,0,0,0,0,,47.4,1.9982227306,0.0821171708533,-0.019044399476,0.999111365302,0.0410585854266,-0.009522199738,0.999111365302,0.0410585854266,-0.009522199738,1.99821366332,0.0821880608706,-0.0190465915615,1.9982129387582765,0.08219341798197154,-0.019046771240593674
47.35,17.51975726570242,9.289919272420486,3.2429870371588465,1.998139527522585,0.08266689248852759,-0.01905803573297246,1.9982227668786627,0.08211629334987348,-0.019044376972194608,DEPTH_PROPOSAL_CERTIFIED,1.2883686320177168,0,32,0,0,172,FULL_MOTION_CERTIFICATE,0,0,0,177,0,0,0,0,0,,47.416666666,1.99822274935,0.0821167173096,-0.0190443878581,0.999111374676,0.0410583586548,-0.00952219392903,0.999111374676,0.0410583586548,-0.00952219392903,1.99821435166,0.0821826560556,-0.0190464246142,1.9982136807599344,0.08218763690858322,-0.019046591561453628
47.36666666666667,17.553059685656624,9.291296442051955,3.242669417890467,1.9981451972524165,0.08263017788818129,-0.019057156102764972,1.998222783261204,0.08211589706051912,-0.01904436677321845,DEPTH_PROPOSAL_CERTIFIED,1.3053680226626847,0,32,0,0,172,FULL_MOTION_CERTIFICATE,0,0,0,177,0,0,0,0,0,,47.433333333,1.99822276688,0.0821162933499,-0.0190443769722,0.999111383439,0.0410581466749,-0.0095221884861,0.999111383439,0.0410581466749,-0.0095221884861,1.99821498917,0.0821776285778,-0.0190462694898,1.9982143679563587,0.08218225976395656,-0.019046424614233608
47.38333333333333,17.586362193751178,9.292673039815087,3.242351812367811,1.9981504856732801,0.08259586578797,-0.019056331359361082,1.9982227985740373,0.08211552665038194,-0.019044357218662017,DEPTH_PROPOSAL_CERTIFIED,1.3223791256841084,0,32,0,0,172,FULL_MOTION_CERTIFICATE,0,0,0,177,0,0,0,0,0,,47.45,1.99822278326,0.0821158970605,-0.0190443667732,0.999111391631,0.0410579485303,-0.00952218338661,0.999111391631,0.0410579485303,-0.00952218338661,1.99821557964,0.0821729519476,-0.0190461253446,1.9982150044078166,0.08217725816539227,-0.019046269489833616
47.4,17.619664784053054,9.294049103158965,3.2420342197315373,1.9981554181126366,0.08256380063266693,-0.019055558176427106,1.9982228128864514,0.08211518044297181,-0.01904434826860356,DEPTH_PROPOSAL_CERTIFIED,1.3398920228471294,0,32,0,0,172,FULL_MOTION_CERTIFICATE,0,0,0,177,0,0,0,0,0,,47.466666666,1.99822279857,0.0821155266504,-0.0190443572187,0.999111399287,0.0410577633252,-0.00952217860933,0.999111399287,0.0410577633252,-0.00952217860933,1.99821612652,0.0821686015465,-0.0190459913957,1.9982155938727848,0.08217260573796946,-0.019046125344632618
47.416666666666664,17.652967451023766,9.295424667105543,3.2417166391745322,1.9981600182427828,0.08253383679462904,-0.019054833420311477,1.9982228262632948,0.08211485686923779,-0.01904433988552424,DEPTH_PROPOSAL_CERTIFIED,1.3577904350629693,0,32,0,0,172,FULL_MOTION_CERTIFICATE,0,0,0,177,0,0,0,0,0,,47.483333333,1.99822281289,0.082115180443,-0.0190443482686,0.999111406443,0.0410575902215,-0.0095221741343,0.999111406443,0.0410575902215,-0.0095221741343,1.99821663307,0.0821645544931,-0.0190458669164,1.9982161398305656,0.08216827797056678,-0.0190459913957008
47.43333333333333,17.68627018949354,9.296799764404756,3.2413990699388706,1.9981643081866758,0.08250583795280346,-0.01905415413971006,1.998222838765256,0.08211455446078413,-0.01904433203416989,DEPTH_PROPOSAL_CERTIFIED,1.3757430601830245,0,32,0,0,172,FULL_MOTION_CERTIFICATE,0,0,0,177,0,0,0,0,0,,47.5,1.99822282626,0.0821148568692,-0.0190443398855,0.999111413132,0.0410574284346,-0.00952216994276,0.999111413132,0.0410574284346,-0.00952216994276,1.99821710225,0.0821607895215,-0.0190457512322,1.9982166455021708,0.0821642520825314,-0.019045866916372757
47.45,17.719572994637172,9.298174425679916,3.2410815113129403,1.9981683086171822,0.08247967650957544,-0.01905351755580894,1.9982228504491282,0.08211427184350521,-0.01904432468141998,DEPTH_PROPOSAL_CERTIFIED,1.3937497456799415,0,32,0,0,172,FULL_MOTION_CERTIFICATE,0,0,0,177,0,0,0,0,0,,47.516666666,1.99822283877,0.0821145544608,-0.0190443320342,0.999111419383,0.0410572772304,-0.00952216601708,0.999111419383,0.0410572772304,-0.00952216601708,1.99821753683,0.0821572868656,-0.0190456437172,1.9982171138693607,0.0821605069021938,-0.019045751232215254
47.46666666666667,17.75287586195134,9.299548679563967,3.2407639626287255,1.9981720388501656,0.08245523304306814,-0.019052921052885242,1.9982228613680533,0.08211400773161526,-0.019044317796163765,DEPTH_PROPOSAL_CERTIFIED,1.4118103419207848,0,32,0,0,172,FULL_MOTION_CERTIFICATE,0,0,0,177,0,0,0,0,0,,47.533333333,1.99822285045,0.0821142718435,-0.0190443246814,0.999111425225,0.0410571359218,-0.00952216234071,0.999111425225,0.0410571359218,-0.00952216234071,1.99821793938,0.0821540281517,-0.0190455437903,1.9982175476925625,0.08215702275167908,-0.019045643717216114
47.483333333333334,17.78617878723353,9.300922552827181,3.240446423259236,1.9981755169317754,0.08243239579285253,-0.019052362169353017,1.9982228715717552,0.0821137609220484,-0.01904431134918306,DEPTH_PROPOSAL_CERTIFIED,1.429924701949337,0,32,0,0,172,FULL_MOTION_CERTIFICATE,0,0,0,177,0,0,0,0,0,,47.55,1.99822286137,0.0821140077316,-0.0190443177962,0.999111430684,0.0410570038658,-0.00952215889808,0.999111430684,0.0410570038658,-0.00952215889808,1.99821831226,0.0821509963016,-0.0190454509119,1.9982179495274164,0.08215378134022203,-0.019045543790259863
47.5,17.819481766562202,9.302296070496801,3.240128892616082,1.9981787597202667,0.08241106017725461,-0.01905183858924426,1.9982228811067568,0.0821135302892078,-0.01904430531304147,DEPTH_PROPOSAL_CERTIFIED,1.448092681284403,0,32,0,0,172,FULL_MOTION_CERTIFICATE,0,0,0,177,0,0,0,0,0,,47.566666666,1.99822287157,0.082113760922,-0.0190443113492,0.999111435786,0.041056880461,-0.00952215567459,0.999111435786,0.041056880461,-0.00952215567459,1.99821865766,0.0821481754397,-0.0190453645814,1.9982183217398608,0.08215076566696004,-0.019045450911917394
47.516666666666666,17.852784796278243,9.303669255969139,3.23981137014718,1.9981817829626958,0.08239112834024567,-0.01905134813410535,1.9982228900165817,0.08211331478004107,-0.019044299661979663,DEPTH_PROPOSAL_CERTIFIED,1.4663141377326436,0,32,0,0,172,FULL_MOTION_CERTIFICATE,0,0,0,177,0,0,0,0,0,,47.583333333,1.99822288111,0.0821135302892,-0.019044305313,0.999111440553,0.0410567651446,-0.00952215265652,0.999111440553,0.0410567651446,-0.00952215265652,1.99821897762,0.082145550807,-0.0190452843338,1.9982186665203314,0.08214795992873672,-0.019045364581410675
47.53333333333333,17.88608787296769,9.305042131114575,3.239493855334592,1.9981846013667999,0.08237250872618947,-0.019050888755294745,1.998222898341947,0.08211311340942373,-0.019044294371816463,DEPTH_PROPOSAL_CERTIFIED,1.4845889312154568,0,32,0,0,172,FULL_MOTION_CERTIFICATE,0,0,0,177,0,0,0,0,0,,47.6,1.99822289002,0.08211331478,-0.019044299662,0.999111445008,0.04105665739,-0.00952214983099,0.999111445008,0.04105665739,-0.00952214983099,1.99821927401,0.0821431086837,-0.0190452097375,1.998218985896871,0.08214534943470371,-0.019045284333805344
47.55,17.919390993445493,9.306414716375924,3.2391763476924806,1.9981872286683369,0.08235511568091033,-0.0190504585266704,1.9982229061209418,0.08211292525583135,-0.019044289419855455,DEPTH_PROPOSAL_CERTIFIED,1.502916923608274,0,32,0,0,172,FULL_MOTION_CERTIFICATE,0,0,0,177,0,0,0,0,0,,47.616666666,1.99822289834,0.0821131134094,-0.0190442943718,0.999111449171,0.0410565567047,-0.00952214718591,0.999111449171,0.0410565567047,-0.00952214718591,1.99821954858,0.0821408363145,-0.0190451403916,1.9982192817470874,0.08214292052850493,-0.01904520973745342
47.56666666666667,17.952694154740406,9.307787030860547,3.2388588467651864,1.9981896776941752,0.08233886907739095,-0.019050055637647993,1.9982229133891949,0.08211274945728247,-0.01904428478479677,DEPTH_PROPOSAL_CERTIFIED,1.5212979785919485,0,32,0,0,172,FULL_MOTION_CERTIFICATE,0,0,0,177,0,0,0,0,0,,47.633333333,1.99822290612,0.0821129252558,-0.0190442894199,0.99911145306,0.0410564626279,-0.00952214470993,0.99911145306,0.0410564626279,-0.00952214470993,1.99821980294,0.0821387218403,-0.019045075924,1.9982195558094018,0.0821406605144546,-0.019045140391574605
47.583333333333336,17.985997354080762,9.309159092426624,3.2385413521254094,1.9981919604213925,0.0823236939646453,-0.01904967838661548,1.9982229201800292,0.08211258520753623,-0.019044280446653943,DEPTH_PROPOSAL_CERTIFIED,1.539731961514892,0,32,0,0,172,FULL_MOTION_CERTIFICATE,0,0,0,177,0,0,0,0,0,,47.65,1.99822291339,0.0821127494573,-0.0190442847848,0.999111456695,0.0410563747286,-0.0095221423924,0.999111456695,0.0410563747286,-0.0095221423924,1.99822003858,0.0821367542355,-0.0190450159892,1.9982198096934443,0.08213855758914825,-0.019045075924018832
47.6,18.019300588881304,9.310530917763932,3.238223863372498,1.9981940880326146,0.08230952023847107,-0.019049325174692194,1.9982229265246143,0.08211243175252891,-0.019044276386675364,DEPTH_PROPOSAL_CERTIFIED,1.5447683004923083,0,32,0,0,172,FULL_MOTION_CERTIFICATE,0,0,0,178,0,0,0,0,0,,47.666666666,1.99822292018,0.0821125852075,-0.0190442804467,0.99911146009,0.0410562926038,-0.00952214022333,0.99911146009,0.0410562926038,-0.00952214022333,1.99822025688,0.0821349232486,-0.0190449602663,1.9982200448895249,0.0821366007791455,-0.019045015989228083
47.61666666666667,18.052603856730766,9.311902522469477,3.2379063801308345,1.9981960709678372,0.08229628233266535,-0.019048994499814606,1.998222932452099,0.08211228838703459,-0.019044272587270258,DEPTH_PROPOSAL_CERTIFIED,1.5402001703494412,0,32,0,0,172,FULL_MOTION_CERTIFICATE,0,0,0,178,0,0,0,0,0,,47.683333333,1.99822292652,0.0821124317525,-0.0190442763867,0.999111463262,0.0410562158763,-0.00952213819334,0.999111463262,0.0410562158763,-0.00952213819334,1.99822045913,0.0821332193474,-0.0190449084572,1.9982202627775552,0.08213477988183548,-0.019044960266308024
47.63333333333333,18.085907155609945,9.313273919285294,3.2375889021091386,1.9981979327508004,0.08228380894901838,-0.01904868130174344,1.9982229379897445,0.0821121544515367,-0.019044269031938885,DEPTH_PROPOSAL_CERTIFIED,1.5358128400923707,0,32,0,0,172,FULL_MOTION_CERTIFICATE,0,0,0,178,0,0,0,0,0,,47.7,1.99822293245,0.082112288387,-0.0190442725873,0.999111466226,0.0410561441935,-0.00952213629364,0.999111466226,0.0410561441935,-0.00952213629364,1.9982206465,0.0821316336685,-0.0190448602853,1.9982206465029506,0.08213163366852533,-0.019044860285275245
47.65,18.11921048317459,9.314645123802721,3.2372714289119586,1.9981996538789615,0.0822722710456971,-0.01904839183079888,1.9982229431597278,0.08211202940934509,-0.01904426570791749,DEPTH_PROPOSAL_CERTIFIED,1.531606311189449,0,32,0,0,172,FULL_MOTION_CERTIFICATE,0,0,0,178,0,0,0,0,0,,47.716666666,1.99822293799,0.0821121544515,-0.0190442690319,0.999111468995,0.0410560772258,-0.00952213451597,0.999111468995,0.0410560772258,-0.00952213451597,1.9982208201,0.0821301579703,-0.0190448154934,1.9982206516425265,0.08213150862517751,-0.019044860285275245
47.666666666666664,18.152513837470327,9.316016148736958,3.2369539602303563,1.9982012577443142,0.08226149605417747,-0.019048120896144237,1.9982229479894498,0.0821119125977473,-0.019044262597782583,DEPTH_PROPOSAL_CERTIFIED,1.5275805892033856,0,32,0,0,172,FULL_MOTION_CERTIFICATE,0,0,0,178,0,0,0,0,0,,47.733333333,1.99822294316,0.0821120294093,-0.0190442657079,0.99911147158,0.0410560147047,-0.00952213285396,0.99911147158,0.0410560147047,-0.00952213285396,1.99822098094,0.0821287845945,-0.0190447738429,1.998220824901618,0.08213004115763795,-0.01904481549335762
47.68333333333333,18.18581721667475,9.317387005968442,3.2366364957748313,1.9982027522654437,0.0822514338889848,-0.019047867331507904,1.9982229525011814,0.08211180347794371,-0.019044259687942964,DEPTH_PROPOSAL_CERTIFIED,1.5237356829809419,0,32,0,0,172,FULL_MOTION_CERTIFICATE,0,0,0,178,0,0,0,0,0,,47.75,1.99822294799,0.0821119125977,-0.0190442625978,0.999111473995,0.0410559562989,-0.00952213129889,0.999111473995,0.0410559562989,-0.00952213129889,1.99822112996,0.0821275064129,-0.0190447351122,1.998220985423224,0.0821286754736343,-0.019044773842944663
47.7,18.21912061908863,9.318757706597136,3.2363190352741285,1.9982041448322099,0.08224203772164572,-0.01904763004217017,1.998222956715747,0.08211170154615124,-0.01904425696565616,DEPTH_PROPOSAL_CERTIFIED,1.5200716043864548,0,32,0,0,172,FULL_MOTION_CERTIFICATE,0,0,0,178,0,0,0,0,0,,47.766666666,1.9982229525,0.0821118034779,-0.0190442596879,0.999111476251,0.041055901739,-0.00952212984397,0.999111476251,0.041055901739,-0.00952212984397,1.99822126803,0.0821263167966,-0.0190446990953,1.9982211341467553,0.08212740448010901,-0.019044735112249796
47.71666666666667,18.25242404312764,9.320128260993329,3.236001578474116,1.9982054423405369,0.0822332637715908,-0.019047408000737454,1.998222960652617,0.08211160633134947,-0.01904425441897675,DEPTH_PROPOSAL_CERTIFIED,1.5165883680560077,0,32,0,0,172,FULL_MOTION_CERTIFICATE,0,0,0,178,0,0,0,0,0,,47.783333333,1.99822295672,0.0821117015462,-0.0190442569657,0.999111478358,0.0410558507731,-0.00952212848283,0.999111478358,0.0410558507731,-0.00952212848283,1.99822139596,0.0821252095807,-0.0190446656006,1.9982212719421273,0.08212622158092091,-0.019044699095258303
47.733333333333334,18.28572748731472,9.321498678845165,3.2356841251367303,1.9982066512249614,0.08222507111023003,-0.019047200243150587,1.9982229643299954,0.08211151739317005,-0.019044252036707676,DEPTH_PROPOSAL_CERTIFIED,1.5132859911706869,0,32,0,0,172,FULL_MOTION_CERTIFICATE,0,0,0,178,0,0,0,0,0,,47.8,1.99822296065,0.0821116063313,-0.019044254419,0.999111480326,0.0410558031657,-0.00952212720949,0.999111480326,0.0410558031657,-0.00952212720949,1.9982215145,0.0821241790315,-0.0190446344505,1.9982213996149407,0.0821251206416286,-0.0190446656005908
47.75,18.319030950272868,9.322868969203123,3.2353666750389816,1.9982077774890705,0.0822174214774397,-0.01904700586491705,1.9982229677648995,0.08211143431992034,-0.019044249808354487,DEPTH_PROPOSAL_CERTIFIED,1.510164493247522,0,32,0,0,172,FULL_MOTION_CERTIFICATE,0,0,0,178,0,0,0,0,0,,47.816666666,1.99822296433,0.0821115173932,-0.0190442520367,0.999111482165,0.0410557586966,-0.00952212601835,0.999111482165,0.0410557586966,-0.00952212601835,1.99822162433,0.0821232198165,-0.0190446054797,1.9982215179112028,0.08212409595739759,-0.0190446344504679
47.766666666666666,18.352334430718432,9.324239140521616,3.235049227972022,1.9982088267339722,0.08221027910964311,-0.019046824017554368,1.9982229709732395,0.082111356726733,-0.019044247724082194,DEPTH_PROPOSAL_CERTIFIED,1.5072238959467437,0,32,0,0,172,FULL_MOTION_CERTIFICATE,0,0,0,178,0,0,0,0,0,,47.833333333,1.99822296776,0.0821114343199,-0.0190442498084,0.999111483882,0.04105571716,-0.00952212490418,0.999111483882,0.04105571716,-0.00952212490418,1.99822172611,0.0821223269758,-0.0190445785349,1.998221627521771,0.08212314222252472,-0.019044605479729654
47.78333333333333,18.385637927454844,9.32560920069793,3.2347317837402683,1.9982098041849183,0.08220361057877562,-0.019046653905234186,1.9982229739698871,0.08211128425383347,-0.01904424577467478,DEPTH_PROPOSAL_CERTIFIED,1.50446422289422,0,32,0,0,172,FULL_MOTION_CERTIFICATE,0,0,0,178,0,0,0,0,0,,47.85,1.99822297097,0.0821113567267,-0.0190442477241,0.999111485487,0.0410556783634,-0.00952212386204,0.999111485487,0.0410556783634,-0.00952212386204,1.99822182042,0.0821214958963,-0.0190445534735,1.998221729086463,0.08212225450219231,-0.019044578534927963
47.8,18.41894143936678,9.326979157108621,3.2344143421605747,1.9982107147161972,0.08219738464149924,-0.01904649478161794,1.9982229767687452,0.08211121656491784,-0.019044243951497074,DEPTH_PROPOSAL_CERTIFIED,1.4996669778573073,0,32,0,0,172,FULL_MOTION_CERTIFICATE,0,0,0,178,0,0,0,0,0,,47.866666666,1.99822297397,0.0821112842538,-0.0190442457747,0.999111486985,0.0410556421269,-0.00952212288734,0.999111486985,0.0410556421269,-0.00952212288734,1.99822190781,0.0821207222871,-0.019044530163,1.9982218231978,0.08212142820672742,-0.019044553473499756
47.81666666666667,18.4522449654147,9.328349016643587,3.23409690306146,1.9982115628744042,0.08219157209798814,-0.01904634594687292,1.9982229793828086,0.0821111533456347,-0.019044242246458863,DEPTH_PROPOSAL_CERTIFIED,1.4932594254007643,0,32,0,0,172,FULL_MOTION_CERTIFICATE,0,0,0,178,0,0,0,0,0,,47.883333333,1.99822297677,0.0821112165649,-0.0190442439515,0.999111488384,0.0410556082825,-0.00952212197575,0.999111488384,0.0410556082825,-0.00952212197575,1.99822198879,0.0821200021566,-0.0190445084803,1.9982219104045307,0.08212065906715273,-0.01904453016298365
47.833333333333336,18.4855485046297,9.329718785737915,3.233779466282379,1.9982123529001987,0.08218614565969534,-0.01904620674485943,1.9982229818242236,0.0821110943021638,-0.01904424065198122,DEPTH_PROPOSAL_CERTIFIED,1.4868937683753287,0,32,0,0,172,FULL_MOTION_CERTIFICATE,0,0,0,178,0,0,0,0,0,,47.9,1.99822297938,0.0821111533456,-0.0190442422465,0.999111489691,0.0410555766728,-0.00952212112323,0.999111489691,0.0410555766728,-0.00952212112323,1.99822206383,0.0821193317921,-0.0190444883111,1.9982219912148933,0.08211994311252331,-0.019044508480294844
47.85,18.518852056108845,9.331088470401674,3.233462031673038,1.9982130887486367,0.08218107982557245,-0.01904607656048102,1.9982229841043426,0.08211103915988584,-0.019044239160964826,DEPTH_PROPOSAL_CERTIFIED,1.4805700466266483,0,32,0,0,172,FULL_MOTION_CERTIFICATE,0,0,0,179,0,0,0,0,0,,47.916666666,1.99822298182,0.0821110943022,-0.019044240652,0.999111490912,0.0410555471511,-0.00952212032599,0.999111490912,0.0410555471511,-0.00952212032599,1.99822213338,0.0821187077399,-0.019044469549,1.998222066099581,0.08211927664927313,-0.019044488311064433
47.86666666666667,18.552155619010644,9.332458076247777,3.233144599092751,1.998213774108175,0.08217635076618011,-0.019045954817188022,1.9982229862337766,0.08211098766213756,-0.01904423776676015,DEPTH_PROPOSAL_CERTIFIED,1.4742883001472882,0,32,0,0,172,FULL_MOTION_CERTIFICATE,0,0,0,179,0,0,0,0,0,,47.933333333,1.9982229841,0.0821110391599,-0.019044239161,0.999111492052,0.0410555195799,-0.00952211958048,0.999111492052,0.0410555195799,-0.00952211958048,1.99822219783,0.0821181267868,-0.0190444520954,1.9982221354945424,0.08211865624159369,-0.01904446954901343
47.88333333333333,18.58545919262387,9.333827607895872,3.232827168430342,1.9982144167935334,0.08217189888571455,-0.019045839744549275,1.9982229882224414,0.08211093956904664,-0.019044236463139543,DEPTH_PROPOSAL_CERTIFIED,1.468048568693133,0,32,0,0,172,FULL_MOTION_CERTIFICATE,0,0,0,179,0,0,0,0,0,,47.95,1.99822298623,0.0821109876621,-0.0190442377668,0.999111493117,0.0410554938311,-0.00952211888338,0.999111493117,0.0410554938311,-0.00952211888338,1.99822225755,0.082117585944,-0.0190444358584,1.9982222575549065,0.0821175859440346,-0.019044435858356575
47.9,18.618762776139373,9.335197070910347,3.2325097395405162,1.9982150109303487,0.08216778086849598,-0.019045733389534678,1.9982229900784683,0.08211089468390126,-0.019044235245192713,DEPTH_PROPOSAL_CERTIFIED,1.4618508928826444,0,32,0,0,172,FULL_MOTION_CERTIFICATE,0,0,0,179,0,0,0,0,0,,47.966666666,1.99822298822,0.082110939569,-0.0190442364631,0.999111494111,0.0410554697845,-0.00952211823157,0.999111494111,0.0410554697845,-0.00952211823157,1.99822231291,0.0821170824308,-0.0190444207527,1.9982222593994945,0.08211754105842943,-0.019044435858356575
47.916666666666664,18.65206636887672,9.336566469858719,3.2321923123080603,1.9982155642410095,0.0821639369022594,-0.01904563394734712,1.9982229918117396,0.08211085276770735,-0.019044234106468116,DEPTH_PROPOSAL_CERTIFIED,1.4556953130618435,0,32,0,0,172,FULL_MOTION_CERTIFICATE,0,0,0,179,0,0,0,0,0,,47.983333333,1.99822299008,0.0821108946839,-0.0190442352452,0.999111495039,0.041055447342,-0.0095221176226,0.999111495039,0.041055447342,-0.0095221176226,1.99822236421,0.0821166136621,-0.0190444066991,1.9982223146310718,0.08211704051417315,-0.019044420752658914
47.93333333333333,18.68536997020192,9.337935809006101,3.2318748866251603,1.998216079511982,0.0821603488429084,-0.01904554097399224,1.9982229934303408,0.08211081362485322,-0.019044233041857372,DEPTH_PROPOSAL_CERTIFIED,1.4495818696696101,0,32,0,0,172,FULL_MOTION_CERTIFICATE,0,0,0,179,0,0,0,0,0,,48,1.99822299181,0.0821108527677,-0.0190442341065,0.999111495906,0.0410554263839,-0.00952211705323,0.999111495906,0.0410554263839,-0.00952211705323,1.99822241175,0.0821161772307,-0.0190443936239,1.9982223658178464,0.08211657451882634,-0.0190444066990627
47.95,18.718673579524282,9.339305092335094,3.231557462390935,1.9982165593411518,0.08215699973950627,-0.019045454053528123,1.9982229949418304,0.08211077707254853,-0.019044232046577673,DEPTH_PROPOSAL_CERTIFIED,1.4435106032272262,0,32,0,0,172,FULL_MOTION_CERTIFICATE,0,0,0,179,0,0,0,0,0,,48.016666666,1.99822299343,0.0821108136249,-0.0190442330419,0.999111496715,0.0410554068124,-0.00952211652093,0.999111496715,0.0410554068124,-0.00952211652093,1.99822245582,0.0821157708969,-0.0190443814586,1.9982224132570228,0.08211614067800031,-0.019044393623865872
47.96666666666667,18.751977196293453,9.340674323564368,3.231240039510996,1.9982170061504505,0.08215387375651421,-0.01904537279633377,1.9982229963532696,0.08211074293998952,-0.0190442311161513,DEPTH_PROPOSAL_CERTIFIED,1.437481554328719,0,32,0,0,172,FULL_MOTION_CERTIFICATE,0,0,0,179,0,0,0,0,0,,48.033333333,1.99822299494,0.0821107770725,-0.0190442320466,0.999111497471,0.0410553885363,-0.00952211602329,0.999111497471,0.0410553885363,-0.00952211602329,1.99822249666,0.0821153925769,-0.0190443701395,1.9982224572238954,0.08211573676401113,-0.019044381458562687
47.983333333333334,18.785280819996746,9.342043506166052,3.230922617897038,1.9982174221976496,0.08215095610103172,-0.019045296837480657,1.9982229976712558,0.0821107110675783,-0.01904423024638648,DEPTH_PROPOSAL_CERTIFIED,1.4314947636322126,0,32,0,0,172,FULL_MOTION_CERTIFICATE,0,0,0,179,0,0,0,0,0,,48.05,1.99822299635,0.08211074294,-0.0190442311162,0.999111498177,0.04105537147,-0.00952211555808,0.999111498177,0.04105537147,-0.00952211555808,1.99822253452,0.0821150403317,-0.0190443596074,1.99822249797348,0.08211536070414534,-0.01904437013947269
48.0,18.818584450156536,9.343412643381964,3.2306051974664514,1.9982178095873728,0.0821482329547388,-0.01904522583520202,1.9982229989019549,0.0821106813061924,-0.01904422943335947,DEPTH_PROPOSAL_CERTIFIED,1.4277507196662214,0,32,0,0,173,FULL_MOTION_CERTIFICATE,0,0,0,179,0,0,0,0,0,,48.066666666,1.99822299767,0.0821107110676,-0.0190442302464,0.999111498836,0.0410553555338,-0.00952211512319,0.999111498836,0.0410553555338,-0.00952211512319,1.99822256961,0.0821147123571,-0.0190443498073,1.9982225357419945,0.08211501056996515,-0.019044359607402674
48.016666666666666,18.85188808632789,9.344781738238801,3.2302877781419603,1.9982181702813793,0.08214569141022386,-0.019045159469453843,1.9982230000511276,0.08211065351650182,-0.019044228673397598,DEPTH_PROPOSAL_CERTIFIED,1.4257613833439082,0,32,0,0,173,FULL_MOTION_CERTIFICATE,0,0,0,179,0,0,0,0,0,,48.083333333,1.9982229989,0.0821106813062,-0.0190442294334,0.999111499451,0.0410553406531,-0.00952211471668,0.999111499451,0.0410553406531,-0.00952211471668,1.99822260213,0.0821144069745,-0.0190443406881,1.998222570748257,0.08211468456714155,-0.019044349807326083
48.03333333333333,18.885191728096355,9.346150793562325,3.229970359851284,1.9982185061081672,0.08214331941142101,-0.01904509744056234,1.9982230011241553,0.08211062756832971,-0.019044227963063463,DEPTH_PROPOSAL_CERTIFIED,1.4237752939331036,0,32,0,0,173,FULL_MOTION_CERTIFICATE,0,0,0,179,0,0,0,0,0,,48.1,1.99822300005,0.0821106535165,-0.0190442286734,0.999111500026,0.0410553267583,-0.0095221143367,0.999111500026,0.0410553267583,-0.0095221143367,1.99822263227,0.0821141226216,-0.0190443322021,1.9982226031949795,0.08211438102602626,-0.019044340688086008
48.05,18.918495375075885,9.347519811990624,3.229652942526818,1.9982188187719379,0.08214110569790875,-0.01904503946795342,1.9982230021260667,0.08211060334005509,-0.01904422729914009,DEPTH_PROPOSAL_CERTIFIED,1.4217923960977266,0,32,0,0,173,FULL_MOTION_CERTIFICATE,0,0,0,179,0,0,0,0,0,,48.116666666,1.99822300112,0.0821106275683,-0.0190442279631,0.999111500562,0.0410553137842,-0.00952211398153,0.999111500562,0.0410553137842,-0.00952211398153,1.99822266022,0.0821138578448,-0.0190443243052,1.9982226332699402,0.08211409839305907,-0.01904433220212459
48.06666666666667,18.951799026906915,9.348888795986506,3.229335526105335,1.9982191098609652,0.08213903975280938,-0.01904498528895894,1.9982230030615598,0.08211058071805356,-0.01904422667861698,DEPTH_PROPOSAL_CERTIFIED,1.4198126344012028,0,32,0,0,174,FULL_MOTION_CERTIFICATE,0,0,0,179,0,0,0,0,0,,48.133333333,1.99822300213,0.0821106033401,-0.0190442272991,0.999111501063,0.04105530167,-0.00952211364957,0.999111501063,0.04105530167,-0.00952211364957,1.99822268612,0.0821136112914,-0.0190443169563,1.9982226611470983,0.08211383522259703,-0.019044324305226328
48.083333333333336,18.985102683254503,9.350257747849072,3.229018110527707,1.9982193808554085,0.08213711175406152,-0.019044934657695405,1.9982230039350226,0.0821105595961748,-0.01904422609867701,DEPTH_PROPOSAL_CERTIFIED,1.4178359533126548,0,32,0,0,174,FULL_MOTION_CERTIFICATE,0,0,0,179,0,0,0,0,0,,48.15,1.99822300306,0.0821105807181,-0.0190442266786,0.999111501531,0.041055290359,-0.00952211333931,0.999111501531,0.041055290359,-0.00952211333931,1.99822271013,0.0821133817025,-0.0190443101171,1.9982226869876165,0.08211359016933763,-0.019044316956280262
48.1,19.018406343806745,9.351626669724553,3.22870069573864,1.9982196331346045,0.08213531252886082,-0.01904488734401115,1.9982230047505558,0.08211053987525377,-0.01904422555668423,DEPTH_PROPOSAL_CERTIFIED,1.4158622972128174,0,32,0,0,174,FULL_MOTION_CERTIFICATE,0,0,0,180,0,0,0,0,0,,48.166666666,1.99822300394,0.0821105595962,-0.0190442260987,0.999111501968,0.0410552797981,-0.00952211304934,0.999111501968,0.0410552797981,-0.00952211304934,1.99822273239,0.0821131679066,-0.019044303752,1.9982227109407957,0.08211336198141225,-0.019044310117063215
48.11666666666667,19.05171000827314,9.352995563616403,3.2283832816864315,1.9982198679838736,0.08213363351105454,-0.019044843132497744,1.9982230055119894,0.08211052146265335,-0.019044225050172284,DEPTH_PROPOSAL_CERTIFIED,1.413891610399503,0,32,0,0,174,FULL_MOTION_CERTIFICATE,0,0,0,180,0,0,0,0,0,,48.183333333,1.99822300475,0.0821105398753,-0.0190442255567,0.999111502375,0.0410552699376,-0.00952211277834,0.999111502375,0.0410552699376,-0.00952211277834,1.99822275302,0.0821129688133,-0.0190442978281,1.998222733144956,0.08211314949381797,-0.01904430375203421
48.13333333333333,19.085013676383152,9.354364431394758,3.228065868322739,1.998220086600872,0.08213206670130238,-0.01904480182156185,1.998223006222902,0.0821105042718372,-0.019044224576833718,DEPTH_PROPOSAL_CERTIFIED,1.411923837092746,0,32,0,0,174,FULL_MOTION_CERTIFICATE,0,0,0,180,0,0,0,0,0,,48.2,1.99822300551,0.0821105214627,-0.0190442250502,0.999111502756,0.0410552607313,-0.00952211252509,0.999111502756,0.0410552607313,-0.00952211252509,1.99822277215,0.082112783408,-0.0190442923147,1.9982227537282504,0.08211295162232603,-0.019044297828143947
48.15,19.118317347884844,9.355733274805255,3.227748455602363,1.9982202901015185,0.08213060462983472,-0.01904476322255422,1.998223006886635,0.08211048822197009,-0.01904422413450982,DEPTH_PROPOSAL_CERTIFIED,1.4099589214396926,0,32,0,0,174,FULL_MOTION_CERTIFICATE,0,0,0,180,0,0,0,0,0,,48.216666666,1.99822300622,0.0821105042718,-0.0190442245768,0.999111503111,0.0410552521359,-0.00952211228842,0.999111503111,0.0410552521359,-0.00952211228842,1.99822278988,0.0821126107461,-0.019044287183,1.9982227728094069,0.08211276735792926,-0.019044292314661128
48.166666666666664,19.1516210225436,9.357102095477282,3.227431043483047,1.9982204795255267,0.08212924032163213,-0.019044727158952213,1.9982230075063103,0.08211047323754427,-0.019044223721181096,DEPTH_PROPOSAL_CERTIFIED,1.4079968075191225,0,32,0,0,174,FULL_MOTION_CERTIFICATE,0,0,0,180,0,0,0,0,0,,48.233333333,1.99822300689,0.082110488222,-0.0190442241345,0.999111503443,0.041055244111,-0.00952211206725,0.999111503443,0.041055244111,-0.00952211206725,1.99822280632,0.0821124499489,-0.0190442824066,1.998222790498428,0.08211259576156052,-0.019044287183007744
48.18333333333333,19.184924700140957,9.35847089493168,3.2271136319252873,1.9982206558415654,0.0821279672638716,-0.019044693465592673,1.9982230080848449,0.08211045924803004,-0.019044223334958532,DEPTH_PROPOSAL_CERTIFIED,1.4060374393457253,0,32,0,0,174,FULL_MOTION_CERTIFICATE,0,0,0,180,0,0,0,0,0,,48.25,1.99822300751,0.0821104732375,-0.0190442237212,0.999111503753,0.0410552366188,-0.00952211186059,0.999111503753,0.0410552366188,-0.00952211186059,1.99822282156,0.082112300198,-0.0190442779607,1.9982228068972374,0.08211243595919318,-0.019044282406606286
48.2,19.218228380473505,9.359839674587938,3.2267962208921546,1.9982208199520732,0.08212677937550077,-0.01904466198795237,1.998223008624962,0.08211044618754942,-0.019044222974075133,DEPTH_PROPOSAL_CERTIFIED,1.4075139108222336,0,32,0,0,174,FULL_MOTION_CERTIFICATE,0,0,0,180,0,0,0,0,0,,48.266666666,1.99822300808,0.082110459248,-0.019044223335,0.999111504042,0.041055229624,-0.00952211166748,0.999111504042,0.041055229624,-0.00952211166748,1.99822283569,0.0821121607321,-0.0190442738224,1.9982228221002678,0.0821122871373765,-0.019044277960740652
48.21666666666667,19.2515320633518,9.361208435770918,3.22647881034913,1.998220972697751,0.08212567097879513,-0.01904463258147295,1.9982230091292061,0.08211043399457064,-0.019044222636878168,DEPTH_PROPOSAL_CERTIFIED,1.4118274305971168,0,32,0,0,174,FULL_MOTION_CERTIFICATE,0,0,0,180,0,0,0,0,0,,48.283333333,1.99822300862,0.0821104461875,-0.0190442229741,0.999111504312,0.0410552230938,-0.00952211148704,0.999111504312,0.0410552230938,-0.00952211148704,1.99822284879,0.0821120308424,-0.0190442699703,1.9982228361950174,0.0821121485389864,-0.019044273822423997
48.233333333333334,19.284835748599495,9.36257717971713,3.226161400263948,1.998221114861752,0.08212463677277164,-0.019044605110927745,1.998223009599954,0.08211042261162295,-0.019044222321821902,DEPTH_PROPOSAL_CERTIFIED,1.4161372697464933,0,32,0,0,174,FULL_MOTION_CERTIFICATE,0,0,0,180,0,0,0,0,0,,48.3,1.99822300913,0.0821104339946,-0.0190442226369,0.999111504565,0.0410552169973,-0.00952211131844,0.999111504565,0.0410552169973,-0.00952211131844,1.99822286094,0.082111909869,-0.0190442663844,1.998222849262563,0.08211201945928501,-0.019044269970276275
48.25,19.318139436052387,9.363945907580602,3.225843990606451,1.998221247173591,0.08212367180834408,-0.01904457944982812,1.9982230100394243,0.0821104119850296,-0.019044222027460648,DEPTH_PROPOSAL_CERTIFIED,1.4204434323098996,0,32,0,0,175,FULL_MOTION_CERTIFICATE,0,0,0,180,0,0,0,0,0,,48.316666666,1.9982230096,0.0821104226116,-0.0190442223218,0.9991115048,0.0410552113058,-0.00952211116091,0.9991115048,0.0410552113058,-0.00952211116091,1.9982228722,0.082111797198,-0.0190442630463,1.9982228613780273,0.08211189924232794,-0.0190442663844127
48.266666666666666,19.351443125557598,9.365314620438353,3.2255265813484533,1.9982213703127902,0.08212277146510183,-0.01904455547986673,1.9982230104496905,0.08211040206465885,-0.01904422175244247,DEPTH_PROPOSAL_CERTIFIED,1.4247459222707362,0,32,0,0,175,FULL_MOTION_CERTIFICATE,0,0,0,180,0,0,0,0,0,,48.333333333,1.99822301004,0.082110411985,-0.0190442220275,0.99911150502,0.0410552059925,-0.00952211101373,0.99911150502,0.0410552059925,-0.00952211101373,1.99822288265,0.0821116922576,-0.0190442599388,1.998222872611021,0.08211178727754635,-0.019044263046337773
48.28333333333333,19.3847468169728,9.366683319295513,3.225209172463613,1.9982214849122797,0.0821219314296074,-0.01904453309039554,1.9982230108326882,0.0821103928036906,-0.01904422149550307,DEPTH_PROPOSAL_CERTIFIED,1.4290447435600355,0,32,0,0,175,FULL_MOTION_CERTIFICATE,0,0,0,180,0,0,0,0,0,,48.35,1.99822301045,0.0821104020647,-0.0190442217524,0.999111505225,0.0410552010323,-0.00952211087622,0.999111505225,0.0410552010323,-0.00952211087622,1.99822289233,0.0821115945157,-0.0190442570459,1.9982228830260498,0.08211168299657537,-0.019044259938847025
48.3,19.418050510165493,9.368052005090098,3.2248917639273142,1.998221591561568,0.08212114767511923,-0.0190445121779366,1.9982230111902255,0.0821103841583988,-0.01904422125546021,DEPTH_PROPOSAL_CERTIFIED,1.4333399000600353,0,32,0,0,175,FULL_MOTION_CERTIFICATE,0,0,0,180,0,0,0,0,0,,48.366666666,1.99822301083,0.0821103928037,-0.0190442214955,0.999111505416,0.0410551964018,-0.00952211074775,0.999111505416,0.0410551964018,-0.00952211074775,1.99822290131,0.082111503477,-0.0190442543527,1.9982228926828858,0.08211158587036363,-0.019044257045937527
48.31666666666667,19.451354205012333,9.369420678697475,3.2245743557165523,1.9982216908097006,0.08212041644264216,-0.01904449264572344,1.9982230115239916,0.08211037608794775,-0.01904422103120845,DEPTH_PROPOSAL_CERTIFIED,1.437631395607512,0,32,0,0,176,FULL_MOTION_CERTIFICATE,0,0,0,180,0,0,0,0,0,,48.383333333,1.99822301119,0.0821103841584,-0.0190442212555,0.999111505595,0.0410551920792,-0.00952211062773,0.999111505595,0.0410551920792,-0.00952211062773,1.99822290963,0.0821114186801,-0.0190442518454,1.9982229016369195,0.08211149540642185,-0.019044254352722906
48.333333333333336,19.484657901398464,9.370789340934529,3.224256947809831,1.9982217831680174,0.08211973422322005,-0.019044474403271245,1.9982230118355626,0.08211036855420181,-0.01904422082171416,DEPTH_PROPOSAL_CERTIFIED,1.4419192339968097,0,32,0,0,176,FULL_MOTION_CERTIFICATE,0,0,0,180,0,0,0,0,0,,48.4,1.99822301152,0.0821103760879,-0.0190442210312,0.999111505762,0.041055188044,-0.0095221105156,0.999111505762,0.041055188044,-0.0095221105156,1.99822291735,0.0821113396958,-0.0190442495109,1.9982229099394813,0.0821114111462703,-0.019044251845354472
48.35,19.517961599217006,9.372157992563553,3.223939540187065,1.9982218691127236,0.08211909774139368,-0.019044457365974137,1.9982230121264115,0.08211036152154767,-0.019044220626010903,DEPTH_PROPOSAL_CERTIFIED,1.4462034189828128,0,32,0,0,176,FULL_MOTION_CERTIFICATE,0,0,0,181,0,0,0,0,0,,48.416666666,1.99822301184,0.0821103685542,-0.0190442208217,0.999111505918,0.0410551842771,-0.00952211041086,0.999111505918,0.0410551842771,-0.00952211041086,1.99822292451,0.0821112661245,-0.0190442473375,1.9982229176381394,0.08211133266311205,-0.019044249510949417
48.36666666666667,19.55126529836846,9.373526634295882,3.2236221328294863,1.9982219490872881,0.08211850393974403,-0.019044441454727806,1.9982230123979132,0.08211035495672818,-0.019044220443195155,DEPTH_PROPOSAL_CERTIFIED,1.450483954283522,0,32,0,0,176,FULL_MOTION_CERTIFICATE,0,0,0,181,0,0,0,0,0,,48.433333333,1.99822301213,0.0821103615215,-0.019044220626,0.999111506063,0.0410551807608,-0.00952211031301,0.999111506063,0.0410551807608,-0.00952211031301,1.99822293115,0.082111197594,-0.0190442453139,1.998222924776976,0.0821112595596182,-0.019044247337522583
48.38333333333333,19.584568998767658,9.374895266722426,3.223304725721939,1.9982220239519293,0.08211794559262883,-0.0190444264528376,1.9982230126513523,0.08211034882868716,-0.019044220272422207,DEPTH_PROPOSAL_CERTIFIED,1.4547608435342319,0,32,0,0,176,FULL_MOTION_CERTIFICATE,0,0,0,181,0,0,0,0,0,,48.45,1.9982230124,0.0821103549567,-0.0190442204432,0.999111506199,0.0410551774784,-0.0095221102216,0.999111506199,0.0410551774784,-0.0095221102216,1.9982229373,0.0821111337578,-0.0190442434298,1.9982229373005505,0.08211113375782345,-0.01904424342977707
48.4,19.61787270032037,9.37626389054095,3.2229873188454814,1.998222093162804,0.0821174291114285,-0.019044412587454228,1.9982230128877918,0.08211034311171031,-0.019044220113011285,DEPTH_PROPOSAL_CERTIFIED,1.4622507094680246,0,32,0,0,176,FULL_MOTION_CERTIFICATE,0,0,0,181,0,0,0,0,0,,48.466666666,1.99822301265,0.0821103488287,-0.0190442202724,0.999111506326,0.0410551744143,-0.00952211013621,0.999111506326,0.0410551744143,-0.00952211013621,1.99822294301,0.0821110742935,-0.0190442416754,1.9982229375354756,0.08211112804078448,-0.01904424342977707
48.416666666666664,19.651176402946394,9.377632506328975,3.2226699121848217,1.9982221575617003,0.08211694728154117,-0.019044399639573762,1.998223013108498,0.08211033777518677,-0.019044219964107136,DEPTH_PROPOSAL_CERTIFIED,1.472509644720067,0,32,0,0,176,FULL_MOTION_CERTIFICATE,0,0,0,181,0,0,0,0,0,,48.483333333,1.99822301289,0.0821103431117,-0.019044220113,0.999111506444,0.0410551715559,-0.00952211005651,0.999111506444,0.0410551715559,-0.00952211005651,1.9982229483,0.0821110189009,-0.0190442400419,1.9982229432282352,0.08211106895691576,-0.019044241675432075
48.43333333333333,19.68448010657703,9.37900111456652,3.222352505727595,1.9982222178382623,0.08211649425267442,-0.019044387433611296,1.9982230133145147,0.08211033279384805,-0.019044219825020293,DEPTH_PROPOSAL_CERTIFIED,1.4827591323135128,0,32,0,0,176,FULL_MOTION_CERTIFICATE,0,0,0,181,0,0,0,0,0,,48.5,1.99822301311,0.0821103377752,-0.0190442199641,0.999111506554,0.0410551688876,-0.00952210998205,0.999111506554,0.0410551688876,-0.00952210998205,1.99822295321,0.0821109673005,-0.0190442385209,1.9982229532123192,0.08211096730049995,-0.019044238520869197
48.45,19.717783811136425,9.380369715819723,3.222035099458389,1.9982222735628847,0.08211607519212041,-0.019044376152342956,1.9982230135067087,0.0821103281467603,-0.019044219695194382,DEPTH_PROPOSAL_CERTIFIED,1.4929991806196903,0,32,0,0,176,FULL_MOTION_CERTIFICATE,0,0,0,181,0,0,0,0,0,,48.516666666,1.99822301331,0.0821103327938,-0.019044219825,0.999111506657,0.0410551663969,-0.00952210991251,0.999111506657,0.0410551663969,-0.00952210991251,1.99822295777,0.0821109192318,-0.0190442371045,1.9982229534032794,0.08211096265336157,-0.019044238520869197
48.46666666666667,19.75108751655992,9.381738310557397,3.2217176933647487,1.998222325409921,0.08211568426044782,-0.019044365618416752,1.998223013686109,0.08211032380903369,-0.01904421957393234,DEPTH_PROPOSAL_CERTIFIED,1.5032297979424114,0,32,0,0,176,FULL_MOTION_CERTIFICATE,0,0,0,181,0,0,0,0,0,,48.533333333,1.99822301351,0.0821103281468,-0.0190442196952,0.999111506753,0.0410551640734,-0.0095221098476,0.999111506753,0.0410551640734,-0.0095221098476,1.99822296199,0.0821108744526,-0.0190442357856,1.9982229579437636,0.08211091489404224,-0.019044237104517067
48.483333333333334,19.784391222787388,9.383106899216969,3.2214002874350385,1.9982223736481628,0.08211531957432892,-0.019044355782599495,1.998223013853565,0.08211031976011189,-0.019044219460671554,DEPTH_PROPOSAL_CERTIFIED,1.5134509925609776,0,32,0,0,176,FULL_MOTION_CERTIFICATE,0,0,0,181,0,0,0,0,0,,48.55,1.99822301369,0.082110323809,-0.0190442195739,0.999111506843,0.0410551619045,-0.00952210978697,0.999111506843,0.0410551619045,-0.00952210978697,1.9982229659,0.0821108327372,-0.0190442345575,1.9982229621547136,0.0821108704036784,-0.019044235785628954
48.5,19.81769492976285,9.384475482206572,3.2210828816583907,1.9982224185278574,0.08211497937611206,-0.01904434659887757,1.998223014009872,0.08211031598080107,-0.01904421935488622,DEPTH_PROPOSAL_CERTIFIED,1.5236627727317802,0,32,0,0,176,FULL_MOTION_CERTIFICATE,0,0,0,181,0,0,0,0,0,,48.566666666,1.99822301385,0.0821103197601,-0.0190442194607,0.999111506927,0.0410551598801,-0.00952210973034,0.999111506927,0.0410551598801,-0.00952210973034,1.99822296954,0.0821107938753,-0.0190442334138,1.9982229660601325,0.08211082895786635,-0.019044234557470088
48.516666666666666,19.850998637434216,9.385844059906995,3.220765476024653,1.9982224602819796,0.08211466202547162,-0.019044338024248455,1.9982230141557693,0.0821103124531798,-0.01904421925608488,DEPTH_PROPOSAL_CERTIFIED,1.5338651466900024,0,32,0,0,176,FULL_MOTION_CERTIFICATE,0,0,0,181,0,0,0,0,0,,48.583333333,1.99822301401,0.0821103159808,-0.0190442193549,0.999111507005,0.0410551579904,-0.00952210967744,0.999111507005,0.0410551579904,-0.00952210967744,1.99822297291,0.0821107576712,-0.0190442323487,1.9982229696822698,0.0821107903476582,-0.019044233413773277
48.53333333333333,19.884302345753003,9.387212632673522,3.2204480705243443,1.9982224991274167,0.08211436599160912,-0.019044330018525544,1.9982230142919495,0.0821103091605153,-0.019044219163808204,DEPTH_PROPOSAL_CERTIFIED,1.5440581226510308,0,32,0,0,176,FULL_MOTION_CERTIFICATE,0,0,0,181,0,0,0,0,0,,48.6,1.99822301416,0.0821103124532,-0.0190442192561,0.999111507078,0.0410551562266,-0.00952210962804,0.999111507078,0.0410551562266,-0.00952210962804,1.99822297603,0.0821107239425,-0.0190442313568,1.998222973041748,0.08211075437848671,-0.01904423234870605
48.55,19.917606054674103,9.388581200837622,3.2201306651486084,1.9982225352660734,0.08211408984597093,-0.019044322544155487,1.9982230144190591,0.08211030608718438,-0.019044219077626944,DEPTH_PROPOSAL_CERTIFIED,1.5542417088119143,0,32,0,0,176,FULL_MOTION_CERTIFICATE,0,0,0,181,0,0,0,0,0,,48.616666666,1.99822301429,0.0821103091605,-0.0190442191638,0.999111507146,0.0410551545803,-0.0095221095819,0.999111507146,0.0410551545803,-0.0095221095819,1.99822297893,0.0821106925197,-0.0190442304331,1.9982229761576842,0.08211072086918503,-0.01904423135684079
48.56666666666667,19.950909764155547,9.389949764708547,3.219813259889174,1.998222568885901,0.08211383225544694,-0.019044315566047212,1.9982230145377011,0.08211030321860048,-0.019044218997139938,DEPTH_PROPOSAL_CERTIFIED,1.5644159133525872,0,32,0,0,176,FULL_MOTION_CERTIFICATE,0,0,0,181,0,0,0,0,0,,48.633333333,1.99822301442,0.0821103060872,-0.0190442190776,0.99911150721,0.0410551530436,-0.00952210953881,0.99911150721,0.0410551530436,-0.00952210953881,1.99822298162,0.0821106632445,-0.0190442295729,1.9982229790477972,0.08211068965105416,-0.019044230433126235
48.583333333333336,19.984213474158242,9.391318324574813,3.2194958547383172,1.9982226001618566,0.08211359197601882,-0.0190443090514119,1.9982230146484385,0.08211030054114496,-0.019044218921972295,DEPTH_PROPOSAL_CERTIFIED,1.5745807444371067,0,32,0,0,176,FULL_MOTION_CERTIFICATE,0,0,0,181,0,0,0,0,0,,48.65,1.99822301454,0.0821103032186,-0.0190442189971,0.999111507269,0.0410551516093,-0.00952210949857,0.999111507269,0.0410551516093,-0.00952210949857,1.99822298411,0.0821106359698,-0.0190442287717,1.9982229817285142,0.08211066056699574,-0.019044229572861126
48.6,20.017517184645854,9.392686880705593,3.219178449688824,1.9982226292567964,0.08211336784682972,-0.01904430296961328,1.9982230147517976,0.08211029804210297,-0.019044218851773705,DEPTH_PROPOSAL_CERTIFIED,1.5874429859032118,0,32,0,0,176,FULL_MOTION_CERTIFICATE,0,0,0,182,0,0,0,0,0,,48.666666666,1.99822301465,0.0821103005411,-0.019044218922,0.999111507324,0.0410551502706,-0.00952210946099,0.999111507324,0.0410551502706,-0.00952210946099,1.99822298643,0.0821106105585,-0.0190442280255,1.9982229842150625,0.08211063347072277,-0.01904422877167011
48.61666666666667,20.050820895584557,9.394055433352005,3.2188610447339565,1.9982226563223087,0.0821131587846462,-0.019044297292027494,1.998223014848269,0.08211029570960382,-0.019044218786216805,DEPTH_PROPOSAL_CERTIFIED,1.6027325853648775,0,32,0,0,176,FULL_MOTION_CERTIFICATE,0,0,0,182,0,0,0,0,0,,48.683333333,1.99822301475,0.0821102980421,-0.0190442188518,0.999111507376,0.0410551490211,-0.00952210942589,0.999111507376,0.0410551490211,-0.00952210942589,1.99822298857,0.082110586883,-0.0190442273305,1.998222986521557,0.08211060822600728,-0.019044228025480912
48.63333333333333,20.08412460694288,9.395423982748316,3.2185436398674248,1.9982226814994888,0.08211296377868676,-0.01904429199191201,1.9982230149383102,0.08211029353256481,-0.01904421872499568,DEPTH_PROPOSAL_CERTIFIED,1.618009380673239,0,32,0,0,176,FULL_MOTION_CERTIFICATE,0,0,0,182,0,0,0,0,0,,48.7,1.99822301485,0.0821102957096,-0.0190442187862,0.999111507424,0.0410551478548,-0.00952210939311,0.999111507424,0.0410551478548,-0.00952210939311,1.99822299056,0.0821105648245,-0.0190442266832,1.9982229886610852,0.0821105847059816,-0.019044227330503087
48.65,20.117428318691537,9.396792529113078,3.2182262350833533,1.9982227049196621,0.08211278188579402,-0.019044287044282966,1.9982230150223503,0.08211029150063956,-0.019044218667824537,DEPTH_PROPOSAL_CERTIFIED,1.6332733813668643,0,32,0,0,176,FULL_MOTION_CERTIFICATE,0,0,0,182,0,0,0,0,0,,48.716666666,1.99822301494,0.0821102935326,-0.019044218725,0.999111507511,0.0410551457503,-0.00952210933391,0.999111507469,0.0410551467663,-0.0095221093625,1.99822299242,0.0821105441181,-0.019044226076,1.998222990645777,0.08211056279250252,-0.01904422668320865
48.666666666666664,20.150732030803294,9.398161072649982,3.217908830376262,1.9982227267055397,0.08211261221426493,-0.019044282425472334,1.9982230151007885,0.08211028960416872,-0.019044218614436295,DEPTH_PROPOSAL_CERTIFIED,1.6485245969726483,0,32,0,0,176,FULL_MOTION_CERTIFICATE,0,0,0,182,0,0,0,0,0,,48.733333333,1.99822301502,0.0821102915006,-0.0190442186678,0.999111507511,0.0410551457503,-0.00952210933391,0.999111507511,0.0410551457503,-0.00952210933391,1.99822299413,0.0821105249804,-0.0190442255148,1.9982229924932462,0.08211054222160993,-0.019044226075982613
48.68333333333333,20.184035743252796,9.399529613549255,3.217591425741028,1.9982227469703249,0.0821124539563941,-0.01904427811405462,1.9982230151739964,0.08211028783414352,-0.01904421856458168,DEPTH_PROPOSAL_CERTIFIED,1.6637630370068641,0,32,0,0,176,FULL_MOTION_CERTIFICATE,0,0,0,182,0,0,0,0,0,,48.75,1.9982230151,0.0821102896042,-0.0190442186144,0.99911150755,0.0410551448021,-0.00952210930722,0.99911150755,0.0410551448021,-0.00952210930722,1.99822299572,0.0821105071489,-0.019044224992,1.9982229942007042,0.08211052321037009,-0.01904422551475851
48.7,20.21733945601647,9.400898151988352,3.2172740211728668,1.998222765819899,0.08211230634582357,-0.01904427408965706,1.998223015242324,0.08211028618214428,-0.01904421851802754,DEPTH_PROPOSAL_CERTIFIED,1.6789887109758679,0,32,0,0,176,FULL_MOTION_CERTIFICATE,0,0,0,182,0,0,0,0,0,,48.766666666,1.99822301517,0.0821102878341,-0.0190442185646,0.999111507587,0.0410551439171,-0.00952210928229,0.999111507587,0.0410551439171,-0.00952210928229,1.99822299719,0.0821104905341,-0.0190442245051,1.9982229957847042,0.08211050549686316,-0.019044224992006826
48.71666666666667,20.25064316907235,9.40226668813281,3.2169566166673125,1.998222783352801,0.08211216866752467,-0.01904427033324976,1.9982230153060947,0.08211028464031099,-0.019044218474556007,DEPTH_PROPOSAL_CERTIFIED,1.6942016283766952,0,32,0,0,176,FULL_MOTION_CERTIFICATE,0,0,0,182,0,0,0,0,0,,48.783333333,1.99822301524,0.0821102861821,-0.019044218518,0.999111507621,0.0410551430911,-0.00952210925901,0.999111507621,0.0410551430911,-0.00952210925901,1.99822299856,0.0821104750529,-0.0190442240515,1.9982229972542056,0.08211048899227817,-0.0190442245050807
48.733333333333334,20.283946882400027,9.40363522213705,3.216639212220195,1.998222799660734,0.08211204025437102,-0.019044266827057812,1.9982230153656126,0.08211028320130606,-0.019044218433963544,DEPTH_PROPOSAL_CERTIFIED,1.7094017986978653,0,32,0,0,176,FULL_MOTION_CERTIFICATE,0,0,0,182,0,0,0,0,0,,48.8,1.99822301531,0.0821102846403,-0.0190442184746,0.999111507653,0.0410551423202,-0.00952210923728,0.999111507653,0.0410551423202,-0.00952210923728,1.99822299983,0.0821104606277,-0.019044223629,1.9982229986175164,0.08211047361389641,-0.019044224051516057
48.75,20.31725059598051,9.405003754145115,3.2163218078276206,1.9982228148290373,0.08211192048393977,-0.01904426355447912,1.9982230154211609,0.08211028185827986,-0.019044218396060044,DEPTH_PROPOSAL_CERTIFIED,1.7245892314198508,0,32,0,0,176,FULL_MOTION_CERTIFICATE,0,0,0,182,0,0,0,0,0,,48.816666666,1.99822301537,0.0821102832013,-0.019044218434,0.999111507683,0.0410551416007,-0.00952210921698,0.999111507683,0.0410551416007,-0.00952210921698,1.998223001,0.0821104471863,-0.0190442232355,1.9982229998823384,0.08211045928467846,-0.019044223629019075
48.766666666666666,20.350554309796127,9.406372284291374,3.216004403485954,1.9982228289371264,0.08211180877552536,-0.019044260500007543,1.9982230154730043,0.0821102806048382,-0.01904421836066786,DEPTH_PROPOSAL_CERTIFIED,1.7397639360157804,0,32,0,0,176,FULL_MOTION_CERTIFICATE,0,0,0,182,0,0,0,0,0,,48.833333333,1.99822301542,0.0821102818583,-0.0190442183961,0.999111507711,0.0410551409291,-0.00952210919803,0.999111507711,0.0410551409291,-0.00952210919803,1.9982230021,0.0821104346615,-0.0190442228688,1.998223001055813,0.08211044593286958,-0.019044223235454277
48.78333333333333,20.38385802383044,9.407740812701164,3.215686999191801,1.9982228420589019,0.08211170458735177,-0.019044257649161025,1.9982230155213894,0.08211027943501224,-0.01904421832762104,DEPTH_PROPOSAL_CERTIFIED,1.7549259219518643,0,32,0,0,176,FULL_MOTION_CERTIFICATE,0,0,0,182,0,0,0,0,0,,48.85,1.99822301547,0.0821102806048,-0.0190442183607,0.999111507737,0.0410551403024,-0.00952210918033,0.999111507737,0.0410551403024,-0.00952210918033,1.99822300311,0.0821104229905,-0.0190442225273,1.9982230021445633,0.08211043349163401,-0.0190442228688335
48.8,20.41716173806816,9.409109339491396,3.2153695949419943,1.998222854263131,0.08211160741397068,-0.019044254988414416,1.9982230155665464,0.08211027834323016,-0.019044218296764576,DEPTH_PROPOSAL_CERTIFIED,1.7722068105235262,0,32,0,0,176,FULL_MOTION_CERTIFICATE,0,0,0,182,0,0,0,0,0,,48.866666666,1.99822301552,0.082110279435,-0.0190442183276,0.999111507783,0.0410551391716,-0.00952210914838,0.999111507761,0.0410551397175,-0.00952210916381,1.99822300405,0.0821104120324,-0.0190442222068,1.9982230031547283,0.08211042189872136,-0.0190442225273058
48.81666666666667,20.450465452495074,9.410477864771023,3.2150521907335783,1.9982228656140621,0.08211151677756667,-0.019044252504959558,1.998223015608691,0.08211027732429095,-0.01904421826795367,DEPTH_PROPOSAL_CERTIFIED,1.7914790518934214,0,32,0,0,176,FULL_MOTION_CERTIFICATE,0,0,0,182,0,0,0,0,0,,48.883333333,1.99822301557,0.0821102783432,-0.0190442182968,0.999111507783,0.0410551391716,-0.00952210914838,0.999111507783,0.0410551391716,-0.00952210914838,1.99822300493,0.0821104019044,-0.0190442219106,1.9982230040954228,0.08211041101343777,-0.01904422220681027
48.833333333333336,20.483769167097922,9.41184638864178,3.2147347865637914,1.9982228761709382,0.08211143224543771,-0.019044250187204643,1.9982230156480232,0.0821102763733443,-0.019044218241053196,DEPTH_PROPOSAL_CERTIFIED,1.810737417587784,0,32,0,0,176,FULL_MOTION_CERTIFICATE,0,0,0,182,0,0,0,0,0,,48.9,1.99822301561,0.0821102773243,-0.019044218268,0.999111507804,0.0410551386621,-0.00952210913398,0.999111507804,0.0410551386621,-0.00952210913398,1.99822300574,0.0821103924665,-0.0190442216346,1.9982230049648253,0.08211040095346436,-0.019044221910594687
48.85,20.517072881864404,9.413214911198565,3.2144173824300557,1.9982228859891649,0.08211135340707396,-0.01904424802413134,1.9982230156847307,0.08211027548585763,-0.019044218215936763,DEPTH_PROPOSAL_CERTIFIED,1.8299819160985917,0,32,0,0,176,FULL_MOTION_CERTIFICATE,0,0,0,183,0,0,0,0,0,,48.916666666,1.99822301565,0.0821102763733,-0.0190442182411,0.999111507824,0.0410551381867,-0.00952210912053,0.999111507824,0.0410551381867,-0.00952210912053,1.99822300649,0.0821103836716,-0.0190442213775,1.9982230057715318,0.0821103915790362,-0.019044221634637024
48.86666666666667,20.550376596783074,9.414583432529891,3.214099978329965,1.9982228951202947,0.08211127987951743,-0.019044246005450734,1.9982230157189886,0.08211027465760012,-0.019044218192486344,DEPTH_PROPOSAL_CERTIFIED,1.8492125559130002,0,32,0,0,176,FULL_MOTION_CERTIFICATE,0,0,0,183,0,0,0,0,0,,48.933333333,1.99822301568,0.0821102754859,-0.0190442182159,0.999111507842,0.0410551377429,-0.00952210910797,0.999111507842,0.0410551377429,-0.00952210910797,1.99822300718,0.0821103754757,-0.019044221138,1.9982230065200792,0.08211038284332783,-0.01904422137754735
48.88333333333333,20.583680311844056,9.41595195270965,3.2137825742615544,1.9982229036588774,0.08211121078546078,-0.019044244104650224,1.9982230157509604,0.08211027388462254,-0.01904421817059171,DEPTH_PROPOSAL_CERTIFIED,1.868429345509266,0,32,0,0,176,FULL_MOTION_CERTIFICATE,0,0,0,183,0,0,0,0,0,,48.95,1.99822301572,0.0821102746576,-0.0190442181925,0.999111507859,0.0410551373288,-0.00952210909624,0.999111507859,0.0410551373288,-0.00952210909624,1.99822300783,0.082110367838,-0.0190442209149,1.998223007829587,0.08211036783796978,-0.019044220914884023
48.9,20.6169840270366,9.41732047182417,3.2134651702224235,1.9982229115528423,0.08211114687118176,-0.019044242347849755,1.9982230157807817,0.08211027316363842,-0.01904421815016301,DEPTH_PROPOSAL_CERTIFIED,1.8876322933709964,0,32,0,0,176,FULL_MOTION_CERTIFICATE,0,0,0,183,0,0,0,0,0,,48.966666666,1.99822301575,0.0821102738846,-0.0190442181706,0.999111507875,0.0410551369423,-0.0095221090853,0.999111507875,0.0410551369423,-0.0095221090853,1.99822300843,0.0821103607203,-0.019044220707,1.9982230078592138,0.08211036711697767,-0.019044220914884023
48.916666666666664,20.6502877423515,9.418688989945224,3.213147766210617,1.998222918894092,0.08211108726332132,-0.01904424070839016,1.9982230158086125,0.0821102724907776,-0.01904421813108991,DEPTH_PROPOSAL_CERTIFIED,1.906821407973017,0,32,0,0,176,FULL_MOTION_CERTIFICATE,0,0,0,183,0,0,0,0,0,,48.983333333,1.99822301578,0.0821102731636,-0.0190442181502,0.99911150789,0.0410551365818,-0.00952210907508,0.99911150789,0.0410551365818,-0.00952210907508,1.99822300899,0.0821103540872,-0.0190442205133,1.99822300845734,0.08211036004742393,-0.01904422070698309
48.93333333333333,20.683591457780807,9.420057507132746,3.2128303622245373,1.9982229257584345,0.08211103125137759,-0.019044239164786002,1.9982230158345855,0.08211027186283075,-0.019044218113282677,DEPTH_PROPOSAL_CERTIFIED,1.9259966977830567,0,32,0,0,176,FULL_MOTION_CERTIFICATE,0,0,0,183,0,0,0,0,0,,49,1.99822301581,0.0821102724908,-0.0190442181311,0.999111507904,0.0410551362454,-0.00952210906554,0.999111507904,0.0410551362454,-0.00952210906554,1.9982230095,0.0821103479057,-0.0190442203328,1.9982230095034113,0.08211034790566406,-0.019044220332815297
48.95,20.716895173315894,9.42142602345672,3.212512958262235,1.9982229321045744,0.0821109794383909,-0.019044237738121556,1.9982230158588112,0.08211027127712639,-0.019044218096668133,DEPTH_PROPOSAL_CERTIFIED,1.945158171273072,0,32,0,0,176,FULL_MOTION_CERTIFICATE,0,0,0,183,0,0,0,0,0,,49.016666666,1.99822301583,0.0821102718628,-0.0190442181133,0.999111507917,0.0410551359314,-0.00952210905664,0.999111507917,0.0410551359314,-0.00952210905664,1.99822300998,0.0821103421448,-0.0190442201647,1.998223009527479,0.0821103473199532,-0.019044220332815297
48.96666666666667,20.750198888949328,9.422794538975339,3.212195554322122,1.9982229380061602,0.08211093111716669,-0.019044236406799385,1.99822301588142,0.08211027073052031,-0.019044218081156514,DEPTH_PROPOSAL_CERTIFIED,1.9643058369080304,0,32,0,0,176,FULL_MOTION_CERTIFICATE,0,0,0,183,0,0,0,0,0,,49.033333333,1.99822301586,0.0821102712771,-0.0190442180967,0.999111507929,0.0410551356386,-0.00952210904833,0.999111507929,0.0410551356386,-0.00952210904833,1.99822301043,0.0821103367761,-0.019044220008,1.998223010005507,0.08211034159823144,-0.019044220164668887
48.983333333333334,20.78350260467423,9.424163053742884,3.2118781504027143,1.9982229434942649,0.082110886052681,-0.019044235164466263,1.9982230159025196,0.08211027022040458,-0.019044218066674768,DEPTH_PROPOSAL_CERTIFIED,1.9834397031501125,0,32,0,0,176,FULL_MOTION_CERTIFICATE,0,0,0,183,0,0,0,0,0,,49.05,1.99822301588,0.0821102707305,-0.0190442180812,0.999111507951,0.0410551351102,-0.00952210903334,0.999111507941,0.0410551353653,-0.00952210904058,1.99822301084,0.082110331734,-0.0190442198609,1.998223010449141,0.08211033626595564,-0.019044220008002162
49.0,20.816806320484194,9.42553156780993,3.211560746502629,1.9982229485979164,0.08211084402277455,-0.0190442340051076,1.9982230159222103,0.08211026974434496,-0.019044218053154646,DEPTH_PROPOSAL_CERTIFIED,2.0041038468036407,0,32,0,0,177,FULL_MOTION_CERTIFICATE,0,0,0,183,0,0,0,0,0,,49.066666666,1.9982230159,0.0821102702204,-0.0190442180667,0.999111507951,0.0410551351102,-0.00952210903334,0.999111507951,0.0410551351102,-0.00952210903334,1.99822301123,0.0821103270739,-0.019044219725,1.9982230108624641,0.08211033125791567,-0.019044219860931893
49.016666666666666,20.850110036373255,9.426900081223701,3.211243342620574,1.998222953343867,0.08211080482632066,-0.01904423292328152,1.998223015940587,0.08211026930007187,-0.01904421804053248,DEPTH_PROPOSAL_CERTIFIED,2.0262760668426116,0,32,0,0,177,FULL_MOTION_CERTIFICATE,0,0,0,183,0,0,0,0,0,,49.083333333,1.99822301592,0.0821102697443,-0.0190442180532,0.999111507961,0.0410551348722,-0.00952210902658,0.999111507961,0.0410551348722,-0.00952210902658,1.99822301158,0.0821103227307,-0.0190442195983,1.9982230112444628,0.0821103266295833,-0.019044219725003322
49.03333333333333,20.883413752335873,9.428268594028243,3.210925938755344,1.9982229577571347,0.08211076827251636,-0.019044231913816868,1.9982230159577359,0.08211026888546431,-0.019044218028748734,DEPTH_PROPOSAL_CERTIFIED,2.0484427111909094,0,32,0,0,177,FULL_MOTION_CERTIFICATE,0,0,0,183,0,0,0,0,0,,49.1,1.99822301594,0.0821102693001,-0.0190442180405,0.99911150797,0.04105513465,-0.00952210902027,0.99911150797,0.04105513465,-0.00952210902027,1.99822301191,0.0821103186829,-0.0190442194803,1.9982230115990012,0.0821103223161039,-0.01904421959834812
49.05,20.916717468366887,9.429637106264632,3.2106085349058127,1.9982229618609928,0.0821107341833874,-0.019044230971886178,1.9982230159737402,0.08211026849854276,-0.019044218017747853,DEPTH_PROPOSAL_CERTIFIED,2.0706037802978896,0,32,0,0,177,FULL_MOTION_CERTIFICATE,0,0,0,183,0,0,0,0,0,,49.116666666,1.99822301596,0.0821102688855,-0.0190442180287,0.999111507979,0.0410551344427,-0.00952210901437,0.999111507979,0.0410551344427,-0.00952210901437,1.99822301222,0.0821103149104,-0.0190442193704,1.9982230119280624,0.08211031829601406,-0.01904421948033178
49.06666666666667,20.950021184461516,9.43100561797118,3.2102911310709294,1.9982229656770907,0.0821107023929275,-0.019044230092982936,1.9982230159886754,0.08211026813745959,-0.01904421800747788,DEPTH_PROPOSAL_CERTIFIED,2.092759274611073,0,32,0,0,178,FULL_MOTION_CERTIFICATE,0,0,0,183,0,0,0,0,0,,49.133333333,1.99822301597,0.0821102684985,-0.0190442180177,0.999111507987,0.0410551342493,-0.00952210900887,0.999111507987,0.0410551342493,-0.00952210900887,1.9982230125,0.0821103113944,-0.0190442192679,1.9982230122334839,0.08211031454931683,-0.01904421937036338
49.083333333333336,20.983324900615273,9.43237412918362,3.2099737272497144,1.9982229692255664,0.08211067274629519,-0.019044229272900327,1.9982230160026133,0.08211026780049044,-0.019044217997890356,DEPTH_PROPOSAL_CERTIFIED,2.1149091945762755,0,32,0,0,178,FULL_MOTION_CERTIFICATE,0,0,0,183,0,0,0,0,0,,49.15,1.99822301599,0.0821102681375,-0.0190442180075,0.999111507994,0.0410551340687,-0.00952210900374,0.999111507994,0.0410551340687,-0.00952210900374,1.99822301277,0.0821103081173,-0.0190442191724,1.9982230125169695,0.082110311057381,-0.0190442192678925
49.1,21.016628616824022,9.43374263993527,3.2096563234412527,1.9982229725251524,0.08211064509906435,-0.019044228507711404,1.9982230160156205,0.08211026748602576,-0.01904421798894,DEPTH_PROPOSAL_CERTIFIED,2.1370535406377824,0,32,0,0,178,FULL_MOTION_CERTIFICATE,0,0,0,184,0,0,0,0,0,,49.166666666,1.998223016,0.0821102678005,-0.0190442179979,0.999111508001,0.0410551339002,-0.00952210899895,0.999111508001,0.0410551339002,-0.00952210899895,1.99822301301,0.082110305063,-0.0190442190834,1.9982230127801015,0.08211030780284817,-0.01904421917240654
49.11666666666667,21.04993233308391,9.435111150257212,3.2093389196446904,1.9982229755932732,0.08211061931652508,-0.019044227793750545,1.998223016027759,0.08211026719256359,-0.019044217980584553,DEPTH_PROPOSAL_CERTIFIED,2.159192313238384,0,32,0,0,178,FULL_MOTION_CERTIFICATE,0,0,0,184,0,0,0,0,0,,49.183333333,1.99822301602,0.082110267486,-0.0190442179889,0.999111508008,0.041055133743,-0.00952210899447,0.999111508008,0.041055133743,-0.00952210899447,1.99822301324,0.0821103022163,-0.0190442190005,1.9982230130243472,0.08211030476954606,-0.01904421908342805
49.13333333333333,21.083236049391342,9.43647966017843,3.2090215158592303,1.9982229784461363,0.08211059527303116,-0.019044227127596132,1.9982230160390868,0.08211026691870187,-0.01904421797278453,DEPTH_PROPOSAL_CERTIFIED,2.1813255128195213,0,32,0,0,178,FULL_MOTION_CERTIFICATE,0,0,0,184,0,0,0,0,0,,49.2,1.99822301603,0.0821102671926,-0.0190442179806,0.999111508014,0.0410551335963,-0.00952210899029,0.999111508014,0.0410551335963,-0.00952210899029,1.99822301345,0.082110299563,-0.0190442189232,1.9982230132510668,0.08211030194240529,-0.019044219000512296
49.15,21.11653976574299,9.437848169725953,3.2087041120841295,1.998222981098817,0.08211057285139141,-0.019044226506054383,1.998223016049658,0.08211026666313218,-0.01904421796550304,DEPTH_PROPOSAL_CERTIFIED,2.203453139821406,0,32,0,0,178,FULL_MOTION_CERTIFICATE,0,0,0,184,0,0,0,0,0,,49.216666666,1.99822301604,0.0821102669187,-0.0190442179728,0.971632476681,0.200025293643,0.126175323107,0.99911150802,0.0410551334594,-0.00952210898639,1.99800576298,0.0833671234363,-0.0179713877515,1.998223013461523,0.08211029930738636,-0.019044218923245045
49.166666666666664,21.14984320782935,9.439218265826945,3.2083880629034156,1.9982065251816565,0.08220576605945684,-0.01896295084283152,1.9982230160595231,0.08211026642463336,-0.019044217958705697,DEPTH_PROPOSAL_CERTIFIED,2.225574939206556,0,32,0,0,178,FULL_MOTION_CERTIFICATE,0,0,0,184,0,0,0,0,0,,49.233333333,1.99822301605,0.0821102666631,-0.0190442179655,0.971632476681,0.200025293643,0.126175323107,0.999111508025,0.0410551333316,-0.00952210898275,1.99757126179,0.0858807740675,-0.0158257252979,1.9980057629922998,0.08336712319785515,-0.01797138775151251
49.18333333333333,21.183145024896415,9.440597762793248,3.2080800386206945,1.9981090240240977,0.08276981797814983,-0.01848145696327869,1.998223018525938,0.08211019177571564,-0.01904428102195249,DEPTH_PROPOSAL_CERTIFIED,2.2476895203086555,0,32,0,0,178,FULL_MOTION_CERTIFICATE,0,0,0,184,0,0,0,0,0,,49.25,1.99822301606,0.0821102664246,-0.0190442179587,0.971632476681,0.200025293643,0.126175323107,0.99911150803,0.0410551332123,-0.00952210897935,1.9969195099,0.0896512513862,-0.0126072316327,1.9969195099018817,0.08965125138620476,-0.012607231632733808
49.2,21.21644534008095,9.441985947787206,3.207779431289148,1.9980189110711584,0.08329109963746889,-0.0180364398927827,1.9982230355638508,0.08210967576327927,-0.01904471811392507,DEPTH_PROPOSAL_CERTIFIED,2.268996209144912,0,32,0,0,178,FULL_MOTION_CERTIFICATE,0,0,0,184,0,0,0,0,0,,49.266666666,1.99822301853,0.0821101917757,-0.019044281022,0.971632476681,0.200025293643,0.126175323107,0.999111509263,0.0410550958879,-0.00952214051098,1.99605050737,0.0946785550211,-0.00831590708457,1.996919533045298,0.08965073588115884,-0.012607231632733808
49.21666666666667,21.24974316996257,9.44338850971522,3.207491097357612,1.9978697928974416,0.08415371568087747,-0.017300035892160944,1.9982230661010123,0.0821087508409466,-0.019045501757872643,DEPTH_PROPOSAL_CERTIFIED,2.289470304501957,0,32,0,0,178,FULL_MOTION_CERTIFICATE,0,0,0,184,0,0,0,0,0,,49.283333333,1.99822303556,0.0821096757633,-0.0190447181139,0.971632476681,0.200025293643,0.126175323107,0.999111517782,0.0410548378816,-0.00952235905696,1.99496425408,0.100962685657,-0.00295175108136,1.9960505511780955,0.0946776314104628,-0.008315907084574956
49.233333333333334,21.283037331336754,9.444812293071134,3.2072208799473017,1.9976496824510623,0.08542700135481053,-0.016213044618615394,1.998223118996616,0.08210714861754603,-0.019046859408647164,DEPTH_PROPOSAL_CERTIFIED,2.3099298775243313,0,32,0,0,178,FULL_MOTION_CERTIFICATE,0,0,0,184,0,0,0,0,0,,49.3,1.9982230661,0.0821087508409,-0.0190455017579,0.971632476681,0.200025293643,0.126175323107,0.999111533051,0.0410543754205,-0.00952275087894,1.99366075008,0.108503643,0.00348523611119,1.9949643350052342,0.10096108657679487,-0.0029517510813588917
49.25,21.316326456358578,9.446265210322666,3.2069755341035693,1.997347501309637,0.08717503509195147,-0.01472075062393318,1.9982232049296118,0.08210454549862796,-0.019049065312864346,DEPTH_PROPOSAL_CERTIFIED,2.330373671368518,0,32,0,0,179,FULL_MOTION_CERTIFICATE,0,0,0,184,0,0,0,0,0,,49.316666666,1.998223119,0.0821071486175,-0.0190468594086,0.971632476681,0.200025293643,0.126175323107,0.999111559498,0.0410535743088,-0.00952342970432,1.99213999549,0.117301426454,0.0109950539686,1.993660891384246,0.10850104668507224,0.003485236111190947
49.266666666666666,21.349609006541602,9.44775616094022,3.20676265771008,1.9969530109815994,0.0894570370531441,-0.01277258360935004,1.9982233362668367,0.08210056659657643,-0.019052437197185874,DEPTH_PROPOSAL_CERTIFIED,2.350800290929098,0,32,0,0,179,FULL_MOTION_CERTIFICATE,0,0,0,184,0,0,0,0,0,,49.333333333,1.99822320493,0.0821045454986,-0.0190490653129,0.971632476681,0.200025293643,0.126175323107,0.999111602465,0.0410522727493,-0.00952453265643,1.9904019901,0.127356037161,0.0195777034449,1.992140228979542,0.117297460979696,0.010995053968565744
49.28333333333333,21.38288328569836,9.449294956567087,3.206590627638629,1.9964567494055634,0.09232773761206749,-0.0103218042870603,1.998223526939186,0.08209478934625766,-0.01905733320572041,DEPTH_PROPOSAL_CERTIFIED,2.371208219115882,0,32,0,0,179,FULL_MOTION_CERTIFICATE,0,0,0,184,0,0,0,0,0,,49.35,1.99822333627,0.0821005665966,-0.0190524371972,0.971632476681,0.200025293643,0.126175323107,0.999111668133,0.0410502832983,-0.00952621859859,1.988446734,0.138667474605,0.0292331840752,1.9904023581779247,0.12735028443093496,0.01957770344487635
49.3,21.41614745190374,9.45089225186125,3.206468540734302,1.995849972322885,0.09583771764975192,-0.007325214259616472,1.99822379232462,0.08208674684827698,-0.019064149067857052,DEPTH_PROPOSAL_CERTIFIED,2.391595831961896,0,32,0,0,179,FULL_MOTION_CERTIFICATE,0,0,0,184,0,0,0,0,0,,49.366666666,1.99822352694,0.0820947893463,-0.0190573332057,0.971632476681,0.200025293643,0.126175323107,0.99911176347,0.0410473946731,-0.00952866660286,1.98627422735,0.151235737973,0.0399614951323,1.9884472919142098,0.13865947410950472,0.02923318407520048
49.31666666666667,21.449399528555254,9.452559480580513,3.2064061592711264,1.9951245990901116,0.1000337231557772,-0.003742887790531925,1.9982241491368264,0.08207593096058272,-0.01907331547896783,DEPTH_PROPOSAL_CERTIFIED,2.4119614126722917,0,32,0,0,180,FULL_MOTION_CERTIFICATE,0,0,0,184,0,0,0,0,0,,49.383333333,1.99822379232,0.0820867468483,-0.0190641490679,0.971632476681,0.200025293643,0.126175323107,0.999111896162,0.0410433734241,-0.00953207453393,1.98388446986,0.165060828872,0.0517626379393,1.9862750456502802,0.15122499032926512,0.039961495132282074
49.333333333333336,21.482637414598177,9.454308796516958,3.206413860542458,1.994273162575479,0.10495895618674939,0.0004620762799123412,1.9982246153184184,0.0820617951573237,-0.019085295677967417,DEPTH_PROPOSAL_CERTIFIED,2.432303164707167,0,32,0,0,180,FULL_MOTION_CERTIFICATE,0,0,0,184,0,0,0,0,0,,49.4,1.99822414914,0.0820759309606,-0.019073315479,0.971632476681,0.200025293643,0.126175323107,0.999112074568,0.0410379654803,-0.00953665773948,1.98127746168,0.180142746595,0.0646366118007,1.9838856370969593,0.16504679916461376,0.05176263793933554
49.35,21.51585889398028,9.456153018907113,3.20650259026773,1.9932887629263099,0.11065334340930817,0.005323783516337765,1.9982252099376077,0.0820437571723657,-0.01910058320698474,DEPTH_PROPOSAL_CERTIFIED,2.452619223977467,0,32,0,0,180,FULL_MOTION_CERTIFICATE,0,0,0,185,0,0,0,0,0,,49.416666666,1.99822461532,0.0820617951573,-0.019085295678,0.971632476681,0.200025293643,0.126175323107,0.999112307659,0.0410308975787,-0.00954264783898,1.97845320298,0.196481490226,0.0785834156499,1.9812790872064445,0.18012486752452966,0.06463661180073157
49.36666666666667,21.549061644394012,9.458105581981211,3.2066838195285245,1.9921650248240297,0.11715378444590621,0.010873755647669063,1.9982259530873234,0.0820212014440146,-0.019119699839126703,DEPTH_PROPOSAL_CERTIFIED,2.4729076702156494,0,32,0,0,180,FULL_MOTION_CERTIFICATE,0,0,0,185,0,0,0,0,0,,49.433333333,1.99822520994,0.0820437571724,-0.019100583207,0.971632476681,0.200025293643,0.126175323107,0.999112604969,0.0410218785862,-0.00955029160349,1.97578742644,0.211903391827,0.0917476000468,1.9784554199762117,0.1964591650924072,0.07858341564991504
49.38333333333333,21.58224060513331,9.460195775336976,3.2069825244737626,1.9907376443580376,0.1254116013459073,0.017922296714284077,1.9982268657858395,0.0819934813758452,-0.019143193661701037,DEPTH_PROPOSAL_CERTIFIED,2.4931641219964744,0,32,0,0,180,FULL_MOTION_CERTIFICATE,0,0,0,185,0,0,0,0,0,,49.45,1.99822595309,0.082021201444,-0.0191196998391,0.971632476681,0.200025293643,0.126175323107,0.999112976544,0.041010600722,-0.00955984991956,1.97332360267,0.226156967526,0.103914497727,1.9733236026729313,0.2261569675259266,0.10391449772699253
49.4,21.615397583343544,9.462413129703448,3.20738980543038,1.9894186926140696,0.13304126198831093,0.02443685739706465,1.9982279937093756,0.08195919715920241,-0.019172249665134387,DEPTH_PROPOSAL_CERTIFIED,2.5145639882976547,0,32,0,0,180,FULL_MOTION_CERTIFICATE,0,0,0,185,0,0,0,0,0,,49.466666666,1.99822686579,0.0819934813758,-0.0191431936617,0.971632476681,0.200025293643,0.126175323107,0.999113432893,0.0409967406879,-0.00957159683085,1.97104643236,0.239330726072,0.115159660041,1.9733274813376582,0.2261231218256409,0.10391449772699253
49.416666666666664,21.648531370357556,9.464764637679838,3.2079116353802357,1.9880272208408016,0.14109047858343438,0.03130979699132489,1.9982293204596953,0.08191882978965705,-0.01920646196146563,DEPTH_PROPOSAL_CERTIFIED,2.537284927490341,0,32,0,0,180,FULL_MOTION_CERTIFICATE,0,0,0,185,0,0,0,0,0,,49.483333333,1.99822799371,0.0819591971592,-0.0191722496651,0.971632476681,0.200025293643,0.126175323107,0.999113996855,0.0409795985796,-0.00958612483257,1.96894177482,0.251506473377,0.125552916777,1.9710512652069316,0.23929092104394634,0.11515966004130498
49.43333333333333,21.681638603508176,9.467269768556458,3.2085645878156615,1.9864339890372602,0.15030785259717686,0.03917714612555066,1.9982308567567144,0.08187203317659393,-0.019246123995718515,DEPTH_PROPOSAL_CERTIFIED,2.5599706248933587,0,32,0,0,180,FULL_MOTION_CERTIFICATE,0,0,0,185,0,0,0,0,0,,49.5,1.99822932046,0.0819188297897,-0.0192064619615,0.971632476681,0.200025293643,0.126175323107,0.99911466023,0.0409594148948,-0.00960323098073,1.96699656103,0.262759815565,0.135158805563,1.9669965610340543,0.26275981556484207,0.13515880556311094
49.45,21.714721303440946,9.469916816935413,3.2093387292150237,1.9849619959655325,0.1588229027372538,0.04644848396173216,1.9982326326322557,0.0818178676527385,-0.01929202986528873,DEPTH_PROPOSAL_CERTIFIED,2.5826233774902243,0,32,0,0,180,FULL_MOTION_CERTIFICATE,0,0,0,185,0,0,0,0,0,,49.516666666,1.99823085676,0.0818720331766,-0.0192461239957,0.971632476681,0.200025293643,0.126175323107,0.999115428378,0.0409360165883,-0.00962306199786,1.96519871204,0.273160631188,0.144036974954,1.9670036804904611,0.26270651444615106,0.13515880556311094
49.46666666666667,21.747779060255652,9.472708155417116,3.210236088406043,1.9834654088825305,0.16748030890218724,0.05384155146116228,1.998234629397863,0.08175687224262895,-0.019343725501748583,DEPTH_PROPOSAL_CERTIFIED,2.6052431082055247,0,32,0,0,180,FULL_MOTION_CERTIFICATE,0,0,0,185,0,0,0,0,0,,49.533333333,1.99823263263,0.0818178676527,-0.0192920298653,0.971632476681,0.200025293643,0.126175323107,0.999116316316,0.0409089338264,-0.00964601493264,1.96353706362,0.282773506843,0.152242556274,1.965207046469907,0.27310066411438166,0.14403697495421536
49.483333333333334,21.780811667154552,9.475644981835705,3.211257691290008,1.9819564139340917,0.1762095851152821,0.06129617303791646,1.998236850184858,0.08168891807584534,-0.019401320235868498,DEPTH_PROPOSAL_CERTIFIED,2.627829943953965,0,32,0,0,180,FULL_MOTION_CERTIFICATE,0,0,0,185,0,0,0,0,0,,49.55,1.9982346294,0.0817568722426,-0.0193437255017,0.971632476681,0.200025293643,0.126175323107,0.999117314699,0.0408784361213,-0.00967186275087,1.96200129766,0.291658134327,0.159826502634,1.963546675563136,0.282706754915046,0.15224255627432298
49.5,21.813819092012398,9.47872748369284,3.212403701155786,1.9804454914709428,0.18495011142808626,0.06876059194667274,1.998239296161353,0.0816139318137547,-0.01946487632840058,DEPTH_PROPOSAL_CERTIFIED,2.650384182642732,0,32,0,0,180,FULL_MOTION_CERTIFICATE,0,0,0,185,0,0,0,0,0,,49.566666666,1.99823685018,0.0816889180758,-0.0194013202359,0.96486778734,0.229112855171,0.128598027005,0.999118425092,0.0408444590379,-0.00970066011793,1.96007206036,0.302159822155,0.167320605993,1.9620122374205253,0.29158453244430355,0.15982650263350492
49.516666666666666,21.846800808497946,9.481957876030966,3.213674155483743,1.9789029891329923,0.19382354028760349,0.07622725967742057,1.9982419667917477,0.08153188803395461,-0.01953441542165532,DEPTH_PROPOSAL_CERTIFIED,2.6729067196253062,0,32,0,0,180,FULL_MOTION_CERTIFICATE,0,0,0,185,0,0,0,0,0,,49.583333333,1.99823929616,0.0816139318138,-0.0194648763284,0.96486778734,0.229112855171,0.128598027005,0.999119648081,0.0408069659069,-0.0097324381642,1.9577738417,0.313982995739,0.174129352191,1.9600844606099943,0.3020793723737202,0.16732060599254966
49.53333333333333,21.879755864460215,9.48533987451552,3.2150682235648733,1.9773033577361714,0.20291990907319818,0.08364408486781633,1.9982448654170961,0.08144266434428772,-0.019609953052336475,DEPTH_PROPOSAL_CERTIFIED,2.695399249619802,0,32,0,0,180,FULL_MOTION_CERTIFICATE,0,0,0,185,0,0,0,0,0,,49.6,1.99824196679,0.081531888034,-0.0195344154217,0.96486778734,0.229112855171,0.128598027005,0.999120983396,0.040765944017,-0.00976720771083,1.95564973052,0.324910474337,0.180422284273,1.957787854694954,0.31389560825746043,0.17412935219065004
49.55,21.91268359980615,9.488875782163884,3.2165844863422217,1.975664120756187,0.21215445890190177,0.09097576664089933,1.9982479985719006,0.0813460661090847,-0.01969146342885207,DEPTH_PROPOSAL_CERTIFIED,2.7178633346909242,0,32,0,0,180,FULL_MOTION_CERTIFICATE,0,0,0,185,0,0,0,0,0,,49.616666666,1.99824486542,0.0814426643443,-0.0196099530523,0.96486778734,0.229112855171,0.128598027005,0.999122432709,0.0407213321721,-0.00980497652617,1.95368653698,0.335010113024,0.186238478717,1.9556654296003746,0.3248159668120924,0.18042228427251744
49.56666666666667,21.94558360770301,9.492566682121645,3.2182210303216867,1.9740004738108192,0.2214539974655669,0.09819263876787547,1.998251370177795,0.08124196563931257,-0.019778892831103,DEPTH_PROPOSAL_CERTIFIED,2.740300413717219,0,32,0,0,180,FULL_MOTION_CERTIFICATE,0,0,0,185,0,0,0,0,0,,49.633333333,1.99824799857,0.0813460661091,-0.0196914634289,0.96486778734,0.229112855171,0.128598027005,0.999123999286,0.0406730330545,-0.00984573171443,1.9518720701,0.344344628159,0.19161405271,1.9537039810773402,0.3349083679422364,0.18623847871694907
49.583333333333336,21.978455699981776,9.496412609334989,3.2199755306318867,1.972325536725942,0.23075563280065925,0.10527001861199776,1.9982549818828785,0.08113029323379656,-0.01987216394998117,DEPTH_PROPOSAL_CERTIFIED,2.7627118109138107,0,32,0,0,180,FULL_MOTION_CERTIFICATE,0,0,0,185,0,0,0,0,0,,49.65,1.99825137018,0.0812419656393,-0.0197788928311,0.96486778734,0.229112855171,0.128598027005,0.999125685089,0.0406209828197,-0.00988944641555,1.95019506284,0.352971983042,0.196582386241,1.951891304290439,0.34423558388879283,0.19161405271029514
49.6,22.011299876329193,9.500412703206306,3.221845324335558,1.9706505808450563,0.24000563227901567,0.11218762222028959,1.9982588333671845,0.08101102918789763,-0.019971179733222575,DEPTH_PROPOSAL_CERTIFIED,2.785777701145146,0,32,0,0,180,FULL_MOTION_CERTIFICATE,0,0,0,186,0,0,0,0,0,,49.666666666,1.99825498188,0.0811302932338,-0.01987216395,0.96486778734,0.229112855171,0.128598027005,0.999127490941,0.0405651466169,-0.00993608197499,1.94864510168,0.360945749943,0.201174330586,1.9502161190982497,0.3528556259149709,0.19658238624145502
49.61666666666667,22.044116296892515,9.504565343131873,3.2238274749942364,1.9689852337994174,0.2491583955339995,0.11892903952069869,1.9982629226173014,0.08088419667508615,-0.020075826787121828,DEPTH_PROPOSAL_CERTIFIED,2.8101134240044536,0,32,0,0,180,FULL_MOTION_CERTIFICATE,0,0,0,186,0,0,0,0,0,,49.683333333,1.99825883337,0.0810110291879,-0.0199711797332,0.96486778734,0.229112855171,0.128598027005,0.999129416684,0.0405055145939,-0.00998558986661,1.94721256172,0.36831544406,0.205418400627,1.9486679998426215,0.360822107244809,0.20117433058569473
49.63333333333333,22.076905257956756,9.508868268641155,3.225918829391685,1.9673376638545332,0.25817553055702136,0.12548126384693026,1.9982672461728657,0.0807498554152723,-0.02018597837915173,DEPTH_PROPOSAL_CERTIFIED,2.834425702975429,0,32,0,0,180,FULL_MOTION_CERTIFICATE,0,0,0,186,0,0,0,0,0,,49.7,1.99826292262,0.0808841966751,-0.0200758267871,0.96486778734,0.229112855171,0.128598027005,0.999131461309,0.0404420983375,-0.0100379133936,1.94588854753,0.375126828006,0.209340950204,1.9472373105269463,0.36818457783789516,0.2054184006269603
49.65,22.10966717038693,9.513318685689631,3.228116067231504,1.9657147458105402,0.26702502290853214,0.13183427038914153,1.9982717993474064,0.08060809605181428,-0.02030149708224959,DEPTH_PROPOSAL_CERTIFIED,2.858715515279134,0,32,0,0,180,FULL_MOTION_CERTIFICATE,0,0,0,186,0,0,0,0,0,,49.716666666,1.99826724617,0.0807498554153,-0.0201859783792,0.96486778734,0.229112855171,0.128598027005,0.999133623086,0.0403749277076,-0.0100929891896,1.94466483751,0.381422197628,0.212966336711,1.945915145673824,0.3749888295969701,0.2093409502041238
49.666666666666664,22.142402540555693,9.517913360515793,3.230415744549002,1.9641222101258324,0.2756804895697501,0.13798063904989305,1.9982765764257915,0.08045903516667305,-0.020422237097516657,DEPTH_PROPOSAL_CERTIFIED,2.882983766957946,0,32,0,0,180,FULL_MOTION_CERTIFICATE,0,0,0,186,0,0,0,0,0,,49.733333333,1.99827179935,0.0806080960518,-0.0203014970822,0.96486778734,0.229112855171,0.128598027005,0.999135899674,0.0403040480259,-0.0101507485411,1.94353383273,0.387240645677,0.216317072937,1.944693274772397,0.3812771828366158,0.21296633671106605
49.68333333333333,22.175111953503343,9.522648702338111,3.232814331505246,1.962564776859085,0.28412050933908184,0.14391521737468024,1.9982815708403485,0.08030281086951535,-0.020548046288732604,DEPTH_PROPOSAL_CERTIFIED,2.907231296611083,0,32,0,0,180,FULL_MOTION_CERTIFICATE,0,0,0,186,0,0,0,0,0,,49.75,1.99827657643,0.0804590351667,-0.0204222370975,0.96486778734,0.229112855171,0.128598027005,0.999138288213,0.0402295175833,-0.0102111185488,1.94248851013,0.392618302199,0.219413965505,1.9435640910047662,0.3870887505249352,0.21631707293708832
49.7,22.207796058102037,9.527520836041555,3.235308245163676,1.9610462759209917,0.2923280222065116,0.14963481950573287,1.998286775327558,0.08013957890263917,-0.020678767958868846,DEPTH_PROPOSAL_CERTIFIED,2.9314588789048037,0,32,0,0,180,FULL_MOTION_CERTIFICATE,0,0,0,186,0,0,0,0,0,,49.766666666,1.99828157084,0.0803028108695,-0.0205480462887,0.96486778734,0.229112855171,0.128598027005,0.99914078542,0.0401514054348,-0.0102740231444,1.94152237869,0.397588560193,0.222276244822,1.9425205644762602,0.39245967918911473,0.2194139655045472
49.71666666666667,22.240455554016847,9.532525665897555,3.237893877793464,1.9595697548887991,0.30028979136002354,0.1551379577872895,1.9982921820670556,0.07996950920929165,-0.020814242395764838,DEPTH_PROPOSAL_CERTIFIED,2.9556672278861758,0,32,0,0,180,FULL_MOTION_CERTIFICATE,0,0,0,186,0,0,0,0,0,,49.783333333,1.99828677533,0.0801395789026,-0.0206787679589,0.96486778734,0.229112855171,0.128598027005,0.999143387664,0.0400697894513,-0.0103393839794,1.94062943898,0.402182283781,0.224921684965,1.94155619829605,0.39742337503287484,0.2222762448222847
49.733333333333334,22.27309118027656,9.53765893126006,3.2405676211898906,1.9581375755827783,0.3079959217502537,0.16042460378561343,1.99829778280456,0.07979278291770109,-0.02095430821162946,DEPTH_PROPOSAL_CERTIFIED,2.97985700012391,0,32,0,0,180,FULL_MOTION_CERTIFICATE,0,0,0,186,0,0,0,0,0,,49.8,1.99829218207,0.0799695092093,-0.0208142423958,0.96486778734,0.229112855171,0.128598027005,0.999146091034,0.0399847546046,-0.0104071211979,1.93980414621,0.406427997999,0.227366712972,1.9406649880493223,0.40201071251106746,0.22492168496516934
49.75,22.305703705285328,9.542916255085613,3.243325887451452,1.9567515005261986,0.3154394295331924,0.1654959756936734,1.998303568960204,0.07960958969771482,-0.0210988034986173,DEPTH_PROPOSAL_CERTIFIED,3.004028797695024,0,32,0,0,180,FULL_MOTION_CERTIFICATE,0,0,0,186,0,0,0,0,0,,49.816666666,1.9982977828,0.0797927829177,-0.0209543082116,0.96486778734,0.229112855171,0.128598027005,0.999148891402,0.0398963914589,-0.0104771541058,1.93904137567,0.410352066959,0.229626511445,1.9398413848359242,0.4062502244850499,0.22736671297200903
49.766666666666666,22.33829391812243,9.548293186046486,3.246165126611689,1.9554127702263364,0.32261585765241746,0.17035434961423565,1.998309531723632,0.07942012545122319,-0.021247566820461604,DEPTH_PROPOSAL_CERTIFIED,3.028183171032448,0,32,0,0,180,FULL_MOTION_CERTIFICATE,0,0,0,186,0,0,0,0,0,,49.833333333,1.99830356896,0.0796095896977,-0.0210988034986,0.96486778734,0.229112855171,0.128598027005,0.99915178448,0.0398047948489,-0.0105494017493,1.93833639073,0.413978858197,0.231715113196,1.939080260568017,0.41016828070696865,0.22962651144509866
49.78333333333333,22.370862620992018,9.553785234930093,3.2490818414835196,1.9541221721752728,0.32952293301644064,0.1750028923098486,1.9983156621371247,0.07922459030110766,-0.021400438058281054,DEPTH_PROPOSAL_CERTIFIED,3.0523206216450016,0,32,0,0,180,FULL_MOTION_CERTIFICATE,0,0,0,186,0,0,0,0,0,,49.85,1.99830953172,0.0794201254512,-0.0212475668205,0.96486778734,0.229112855171,0.128598027005,0.999154765862,0.0397100627256,-0.0106237834102,1.93768481375,0.417330892517,0.233645487539,1.9383768759522972,0.4137892524575284,0.23171511319633034
49.8,22.403410622698875,9.55938790594707,3.252072600036195,1.9528801024115015,0.33616026101859553,0.17944551316054172,1.9983219511679042,0.07902318684688299,-0.02155725912687187,DEPTH_PROPOSAL_CERTIFIED,3.0756771197620205,0,32,0,0,180,FULL_MOTION_CERTIFICATE,0,0,0,186,0,0,0,0,0,,49.866666666,1.99831566214,0.0792245903011,-0.0214004380583,0.96486778734,0.229112855171,0.128598027005,0.999157831069,0.0396122951506,-0.0107002190291,1.93708259869,0.420428984653,0.235429621291,1.9377268512934887,0.4171356626448902,0.23364548753900113
49.81666666666667,22.435938733037908,9.565096723511616,3.255134045594087,1.951686620341368,0.3425290538726468,0.18368673347347148,1.9983283897706896,0.07881611865842414,-0.021717874576100468,DEPTH_PROPOSAL_CERTIFIED,3.0924236394077553,0,32,0,0,180,FULL_MOTION_CERTIFICATE,0,0,0,186,0,0,0,0,0,,49.883333333,1.99832195117,0.0790231868469,-0.0215572591269,0.96486778734,0.229112855171,0.128598027005,0.999160975584,0.0395115934234,-0.0107786295634,1.93652600595,0.42329237302,0.2370785935,1.9371261390857457,0.42022832669204124,0.2354296212911937
49.833333333333336,22.468447757996103,9.570907255001186,3.258262905116658,1.9505414974917963,0.34863188937432305,0.18773157135425655,1.9983349689414798,0.07860358898182637,-0.021882132090624416,DEPTH_PROPOSAL_CERTIFIED,3.1090407908337254,0,32,0,0,180,FULL_MOTION_CERTIFICATE,0,0,0,186,0,0,0,0,0,,49.9,1.99832838977,0.0788161186584,-0.0217178745761,0.96486778734,0.229112855171,0.128598027005,0.999164194885,0.0394080593292,-0.0108589372881,1.93601157933,0.425938838022,0.238602643569,1.9365709987270208,0.42308648249477765,0.23707859349983773
49.85,22.500938495676483,9.57681512994976,3.2614559957910148,1.9494442608229896,0.3544724969144038,0.1915854404614312,1.9983416797634583,0.07838579963401612,-0.0220498828998239,DEPTH_PROPOSAL_CERTIFIED,3.1255347363430066,0,32,0,0,180,FULL_MOTION_CERTIFICATE,0,0,0,187,0,0,0,0,0,,49.916666666,1.99833496894,0.0786035889818,-0.0218821320906,0.950539140747,0.283325025522,0.127288144854,0.999167484471,0.0393017944909,-0.0109410660453,1.9350689397,0.430194785857,0.240063642566,1.9360579734635461,0.42572790890339307,0.2386026435689648
49.86666666666667,22.53341114323686,9.58281834147011,3.2647102963165144,1.948358853622779,0.36019269122104497,0.19525803152998614,1.9983485134458514,0.07816295006514197,-0.022220982108561105,DEPTH_PROPOSAL_CERTIFIED,3.1419125615603183,0,32,0,0,180,FULL_MOTION_CERTIFICATE,0,0,0,187,0,0,0,0,0,,49.933333333,1.99834167976,0.078385799634,-0.0220498828998,0.950539140747,0.283325025522,0.127288144854,0.999170839882,0.039192899817,-0.0110249414499,1.9336949397,0.436057774186,0.241429101357,1.9351168857802081,0.4299790617620717,0.24006364256635915
49.88333333333333,22.56586533848697,9.588917063975682,3.2680228936473514,1.947251715006497,0.3659233503343503,0.19875583985023393,1.9983554656557663,0.07793512549210747,-0.022395291876996418,DEPTH_PROPOSAL_CERTIFIED,3.1581819730970295,0,32,0,0,180,FULL_MOTION_CERTIFICATE,0,0,0,187,0,0,0,0,0,,49.95,1.99834851345,0.0781629500651,-0.0222209821086,0.950539140747,0.283325025522,0.127288144854,0.999174256723,0.0390814750326,-0.0111104910543,1.93188494181,0.443522673937,0.242647714524,1.9337446238878557,0.4358373915166798,0.24142910135725973
49.9,22.59830019645095,9.595113481329797,3.271390910011867,1.946091477838907,0.37178504124689726,0.20208098187093948,1.9983625361571182,0.0777023053164795,-0.022572678888295183,DEPTH_PROPOSAL_CERTIFIED,3.1743510344551282,0,32,0,0,180,FULL_MOTION_CERTIFICATE,0,0,0,187,0,0,0,0,0,,49.966666666,1.99835546566,0.0779351254921,-0.022395291877,0.950539140747,0.283325025522,0.127288144854,0.999177732828,0.0389675627461,-0.0111976459385,1.92962964712,0.452571182331,0.243598614633,1.9319365843943075,0.4432976703799746,0.24264771452354958
49.916666666666664,22.630714337271957,9.6014116113913,3.2748113476298695,1.9448484492606446,0.377887803690227,0.2052262570801495,1.9983697284816435,0.07746437107115824,-0.022753010850254468,DEPTH_PROPOSAL_CERTIFIED,3.1893376896131573,0,32,0,0,180,FULL_MOTION_CERTIFICATE,0,0,0,187,0,0,0,0,0,,49.983333333,1.99836253616,0.0777023053165,-0.0225726788883,0.950539140747,0.283325025522,0.127288144854,0.999181268079,0.0388511526582,-0.0112863394441,1.92746666483,0.461213521042,0.2444302567,1.9296835006058422,0.45234150549885443,0.24359861463251384
49.93333333333333,22.663106602240543,9.607814654542132,3.278281285247392,1.9435358981152608,0.3841825890498782,0.2081962570513753,1.9983770496416364,0.07722111456464935,-0.02293614900070231,DEPTH_PROPOSAL_CERTIFIED,3.2004893502504537,0,32,0,0,180,FULL_MOTION_CERTIFICATE,0,0,0,187,0,0,0,0,0,,50,1.99836972848,0.0774643710712,-0.0227530108503,0.950539140747,0.283325025522,0.127288144854,0.999184864241,0.0387321855356,-0.0113765054251,1.92546754484,0.469201137111,0.24519889558,1.9275227741415777,0.4609789704376273,0.2444302567003322
49.95,22.695476127330465,9.614324741824339,3.281797943368109,1.942171505394659,0.39060523693229754,0.21099948724293385,1.9983845049945335,0.07697236685945129,-0.023121957914695766,DEPTH_PROPOSAL_CERTIFIED,3.211641511629447,0,32,0,0,180,FULL_MOTION_CERTIFICATE,0,0,0,187,0,0,0,0,0,,50.016666666,1.99837704964,0.0772211145646,-0.0229361490007,0.950539140747,0.283325025522,0.127288144854,0.999188524821,0.0386105572823,-0.0114680745004,1.92361987345,0.476583630296,0.245909304198,1.9255259142033252,0.4689615410977825,0.24519889557993454
49.96666666666667,22.727822305188447,9.620943078640408,3.285358679540535,1.940770671478902,0.3971002089642377,0.21364417034555963,1.9983920977470344,0.07671801072685813,-0.02331030871353741,DEPTH_PROPOSAL_CERTIFIED,3.222785117724786,0,32,0,0,180,FULL_MOTION_CERTIFICATE,0,0,0,187,0,0,0,0,0,,50.033333333,1.99838450499,0.0769723668595,-0.0231219579147,0.950539140747,0.283325025522,0.127288144854,0.999192252497,0.0384861834297,-0.0115609789573,1.92191217705,0.483406844125,0.246565894022,1.9236804977066628,0.47633886775391276,0.24590930419759607
49.983333333333334,22.760144751191486,9.627670072815938,3.2889609835458855,1.9393467601825387,0.40361965053176446,0.21613824032105758,1.9983998292461398,0.0764579738280115,-0.023501078849999024,DEPTH_PROPOSAL_CERTIFIED,3.2339106123395363,0,32,0,0,180,FULL_MOTION_CERTIFICATE,0,0,0,187,0,0,0,0,0,,50.05,1.99839209775,0.0767180107269,-0.0233103087135,0.950539140747,0.283325025522,0.127288144854,0.999196048874,0.0383590053634,-0.0116551543568,1.9203338516,0.489713147806,0.247172742192,1.9219750423669058,0.48315683765559575,0.2465658940221344
50.0,22.792443273174385,9.634505448566177,3.2926024725283463,1.9379113189739905,0.4101225450143842,0.218489338947667,1.9984076992389206,0.0761922226271437,-0.023694151888997345,DEPTH_PROPOSAL_CERTIFIED,3.245007934739467,0,32,0,0,181,FULL_MOTION_CERTIFICATE,0,0,0,187,0,0,0,0,0,,50.066666666,1.99839982925,0.076457973828,-0.02350107885,0.950539140747,0.283325025522,0.127288144854,0.999199914623,0.038228986914,-0.011750539425,1.91887509635,0.495541700848,0.247733616982,1.9203989362297018,0.4894578577023503,0.2471727421923038
50.016666666666666,22.824717844466008,9.641448347769376,3.2962808861042845,1.9364742774974637,0.41657395219197046,0.22070481455630395,1.9984157061040924,0.07592075696565408,-0.023889417285580264,DEPTH_PROPOSAL_CERTIFIED,3.255399543621922,0,32,0,0,181,FULL_MOTION_CERTIFICATE,0,0,0,187,0,0,0,0,0,,50.083333333,1.99840769924,0.0761922226271,-0.023694151889,0.950539140747,0.283325025522,0.127288144854,0.999203849619,0.0380961113136,-0.0118470759445,1.91752685277,0.500928697183,0.24825200129,1.9189423714838347,0.4952811197585273,0.24773361698167629
50.03333333333333,22.856968579906468,9.64849741981751,3.2999940814816533,1.9350441264276745,0.42294432288802924,0.22279172264215238,1.9984238470581446,0.07564360523200295,-0.024086770161856765,DEPTH_PROPOSAL_CERTIFIED,3.2657224407521475,0,32,0,0,181,FULL_MOTION_CERTIFICATE,0,0,0,187,0,0,0,0,0,,50.1,1.9984157061,0.0759207569657,-0.0238894172856,0.950539140747,0.283325025522,0.127288144854,0.999207853052,0.0379603784828,-0.0119447086428,1.91628074886,0.505907587727,0.248731114058,1.9175962833762463,0.5006628453799513,0.24825200128950506
50.05,22.889195714549032,9.65565090119145,3.3037400286158607,1.9336280785540585,0.429208882436404,0.22475682805244956,1.9984321183385259,0.07536082006848713,-0.024286111084272522,DEPTH_PROPOSAL_CERTIFIED,3.2761939495833423,0,32,0,0,181,FULL_MOTION_CERTIFICATE,0,0,0,187,0,0,0,0,0,,50.116666666,1.99842384706,0.075643605232,-0.0240867701619,0.950539140747,0.283325025522,0.127288144854,0.999211923529,0.037821802616,-0.0120433850809,1.91512904683,0.510509289309,0.249173930377,1.9163522944959412,0.5056365089265802,0.24873111405807652
50.06666666666667,22.921399584777344,9.66290668580345,3.3075168054247226,1.9322322136980736,0.43534707671974365,0.2266066085316201,1.9984405153661158,0.07507247456164183,-0.024487345842413744,DEPTH_PROPOSAL_CERTIFIED,3.286802335494527,0,32,0,0,182,FULL_MOTION_CERTIFICATE,0,0,0,187,0,0,0,0,0,,50.133333333,1.99843211834,0.0753608200685,-0.0242861110843,0.950539140747,0.283325025522,0.127288144854,0.999216059169,0.0376804100342,-0.0121430555421,1.91406459489,0.514762377405,0.249583200032,1.915202662455066,0.5102330469764575,0.24917393037749158
50.083333333333336,22.953580611593917,9.670262387050258,3.3113225930814365,1.9308616089945494,0.44134207480849624,0.22834725940285636,1.9984490328890328,0.07477865886779249,-0.024690385230362315,DEPTH_PROPOSAL_CERTIFIED,3.2975350990001338,0,32,0,0,182,FULL_MOTION_CERTIFICATE,0,0,0,187,0,0,0,0,0,,50.15,1.99844051537,0.0750724745616,-0.0244873458424,0.950539140747,0.283325025522,0.127288144854,0.999220257683,0.0375362372808,-0.0122436729212,1.91308078325,0.51869326185,0.249961464409,1.914140231611554,0.5144810514912823,0.24958320003193993
50.1,22.985739285860046,9.677715392427261,3.315155671401037,1.9295204559677934,0.4471803226201946,0.2299846991760426,1.9984576651096184,0.07447947722985579,-0.02489514483146259,DEPTH_PROPOSAL_CERTIFIED,3.3083789935881582,0,32,0,0,182,FULL_MOTION_CERTIFICATE,0,0,0,188,0,0,0,0,0,,50.166666666,1.99844903289,0.0747786588678,-0.0246903852304,0.950539140747,0.283325025522,0.127288144854,0.999224516445,0.0373893294339,-0.0123451926152,1.91217150285,0.522326351795,0.250311072372,1.913158389041369,0.5184069459229185,0.24996146440891598
50.11666666666667,23.01787615528682,9.685262911475842,3.3190144143332585,1.9282121656067244,0.4528511429148257,0.23152457593332318,1.9984664057962653,0.0741750453457774,-0.025101544807205504,DEPTH_PROPOSAL_CERTIFIED,3.3193200479740796,0,32,0,0,182,FULL_MOTION_CERTIFICATE,0,0,0,188,0,0,0,0,0,,50.183333333,1.99845766511,0.0744794772299,-0.0248951448315,0.950539140747,0.283325025522,0.127288144854,0.999228832555,0.0372397386149,-0.0124475724157,1.91133110728,0.525684207866,0.250634194904,1.9122510232016807,0.5220351505093298,0.2503110723721473
50.13333333333333,23.04999181299666,9.692902017761583,3.3228972855722616,1.9269394625904583,0.4583463771444853,0.23297227434019752,1.9984752483816162,0.07386548805258356,-0.025309509690823528,DEPTH_PROPOSAL_CERTIFIED,3.330343591799151,0,32,0,0,182,FULL_MOTION_CERTIFICATE,0,0,0,188,0,0,0,0,0,,50.2,1.9984664058,0.0741750453458,-0.0251015448072,0.950539140747,0.283325025522,0.127288144854,0.999233202898,0.0370875226729,-0.0125507724036,1.91055437804,0.528787680896,0.250932838456,1.9114124857920105,0.5253882347463367,0.2506341949040654
50.15,23.082086887492338,9.700629685511023,3.326802834291209,1.925704469740894,0.4636600649664652,0.23433292313683424,1.998484186048509,0.07355093729346332,-0.02551896818608006,DEPTH_PROPOSAL_CERTIFIED,3.3414342839289812,0,32,0,0,182,FULL_MOTION_CERTIFICATE,0,0,0,188,0,0,0,0,0,,50.216666666,1.99847524838,0.0738654880526,-0.0253095096908,0.950539140747,0.283325025522,0.127288144854,0.999237624191,0.0369327440263,-0.0126547548454,1.90983649196,0.531656042156,0.251208857479,1.9106375569762097,0.5284870563946247,0.2509328384558032
50.166666666666664,23.114162033885737,9.708442821476359,3.3307296910080626,1.924508783603976,0.46878815792012835,0.2356114030112431,1.9984932118049177,0.07323153033853205,-0.02572985297162557,DEPTH_PROPOSAL_CERTIFIED,3.352576142621992,0,32,0,0,182,FULL_MOTION_CERTIFICATE,0,0,0,188,0,0,0,0,0,,50.233333333,1.99848418605,0.0735509372935,-0.0255189681861,0.950539140747,0.283325025522,0.127288144854,0.999242093024,0.0367754686467,-0.012759484093,1.90917299116,0.534307103489,0.251463965986,1.9099214127335746,0.5313508919548222,0.2512088574790321
50.18333333333333,23.14621792625279,9.716338292541568,3.3346765635872586,1.9233535420232561,0.4737282639125801,0.23681235475178075,1.998502318549035,0.07290740823261281,-0.025942100511220863,DEPTH_PROPOSAL_CERTIFIED,3.3637525769407124,0,32,0,0,182,FULL_MOTION_CERTIFICATE,0,0,0,188,0,0,0,0,0,,50.25,1.9984932118,0.0732315303385,-0.0257298529716,0.950539140747,0.283325025522,0.127288144854,0.999246605902,0.0366157651693,-0.0128649264858,1.90855975556,0.536757326837,0.251699748091,1.9092595947384725,0.533997557020495,0.25146396598634113
50.2,23.178255250994695,9.724312949531138,3.338642233380269,1.922239484513637,0.47847941937397714,0.23794018758052465,1.9985114991255208,0.07257871444595757,-0.02615565087005037,DEPTH_PROPOSAL_CERTIFIED,3.374946418874129,0,32,0,0,182,FULL_MOTION_CERTIFICATE,0,0,0,188,0,0,0,0,0,,50.266666666,1.99850231855,0.0729074082326,-0.0259421005112,0.94143074275,0.312826493406,0.125887813659,0.999251159275,0.0364537041163,-0.0129710502556,1.90745181806,0.54079681587,0.251850198864,1.9086479828962883,0.5364435160029976,0.2516997480911948
50.21666666666667,23.21027401818813,9.732365888774117,3.3426254663188373,1.921126031606256,0.4831763545787635,0.23899397631411806,1.998520746373856,0.07224559370625935,-0.026370447537273547,DEPTH_PROPOSAL_CERTIFIED,3.385935368756232,0,32,0,0,182,FULL_MOTION_CERTIFICATE,0,0,0,188,0,0,0,0,0,,50.283333333,1.99851149913,0.072578714446,-0.0261556508701,0.94143074275,0.312826493406,0.125887813659,0.999255749563,0.036289357223,-0.013077825435,1.90584263853,0.546422430443,0.251897010681,1.907541906136205,0.540478964077161,0.2518501988639583
50.233333333333334,23.24227360461403,9.740498277897368,3.346624990967465,1.9199751855541383,0.4879433473951032,0.23997147891767157,1.9985300572193518,0.07190808012765784,-0.026586432689800887,DEPTH_PROPOSAL_CERTIFIED,3.3964431849422905,0,32,0,0,182,FULL_MOTION_CERTIFICATE,0,0,0,188,0,0,0,0,0,,50.3,1.99852074637,0.0722455937063,-0.0263704475373,0.94143074275,0.312826493406,0.125887813659,0.999260373187,0.0361227968531,-0.0131852237686,1.90410164205,0.55242474544,0.251887814971,1.9059348637183031,0.546100659754451,0.2518970106810252
50.25,23.274253267967715,9.748711671658238,3.3506395614949485,1.9187798012211479,0.4928036256522332,0.2408742316490215,1.9985394323037828,0.07156610540149252,-0.026803546118677763,DEPTH_PROPOSAL_CERTIFIED,3.4068729162244478,0,32,0,0,183,FULL_MOTION_CERTIFICATE,0,0,0,188,0,0,0,0,0,,50.316666666,1.99853005722,0.0719080801277,-0.0265864326898,0.94143074275,0.312826493406,0.125887813659,0.99926502861,0.0359540400638,-0.0132932163449,1.90249253935,0.557972339261,0.251879315907,1.9041961123586653,0.5520990203892228,0.2518878149714914
50.266666666666666,23.306212488677435,9.757006932762112,3.3546680273308387,1.9175532425833293,0.4977156662324414,0.24170795015342458,1.9985488728936927,0.07121958185164157,-0.027021728594379315,DEPTH_PROPOSAL_CERTIFIED,3.417217010508535,0,32,0,0,183,FULL_MOTION_CERTIFICATE,0,0,0,188,0,0,0,0,0,,50.333333333,1.9985394323,0.0715661054015,-0.0268035461187,0.94143074275,0.312826493406,0.125887813659,0.999269716152,0.0357830527007,-0.0134017730593,1.90100533827,0.563099661148,0.251871460711,1.902589227201942,0.5576425613109853,0.251879315907143
50.28333333333333,23.338150940406848,9.765384327829398,3.3587093258820793,1.9163071037649115,0.5026437040372002,0.2424779130744385,1.9985583789167007,0.07086845589009325,-0.02724092549091943,DEPTH_PROPOSAL_CERTIFIED,3.4274682780166263,0,32,0,0,183,FULL_MOTION_CERTIFICATE,0,0,0,188,0,0,0,0,0,,50.35,1.99854887289,0.0712195818516,-0.0270217285944,0.94143074275,0.312826493406,0.125887813659,0.999274436447,0.0356097909258,-0.0135108642972,1.89963080394,0.567838549551,0.251864200605,1.9011042101802138,0.5627657652552608,0.25187146071080885
50.3,23.370068463749224,9.773843612790063,3.3627624758064645,1.9150514005425694,0.5075570976399844,0.2431889954631263,1.9985679491559512,0.07051270338333385,-0.027461086434263204,DEPTH_PROPOSAL_CERTIFIED,3.4376198340753676,0,32,0,0,183,FULL_MOTION_CERTIFICATE,0,0,0,188,0,0,0,0,0,,50.366666666,1.99855837892,0.0708684558901,-0.0272409254909,0.94143074275,0.312826493406,0.125887813659,0.999279189458,0.035434227945,-0.0136204627455,1.89836040108,0.572218430986,0.251857490508,1.8997318212299952,0.5675004995939548,0.25186420060511794
50.31666666666667,23.401965042798757,9.782384108758395,3.3668265708003524,1.9137947429712172,0.5124297580996614,0.2438456996331812,1.9985775814228393,0.07015232552232316,-0.027682164977544034,DEPTH_PROPOSAL_CERTIFIED,3.4476650490128615,0,32,0,0,184,FULL_MOTION_CERTIFICATE,0,0,0,188,0,0,0,0,0,,50.383333333,1.99856794916,0.0705127033833,-0.0274610864343,0.94143074275,0.312826493406,0.125887813659,0.999283974578,0.0352563516917,-0.0137305432171,1.89718624078,0.576266503478,0.251851288751,1.898463520600727,0.5718762157076974,0.25185749050784756
50.333333333333336,23.43384078431374,9.791004769341352,3.3709007738613064,1.912544490899173,0.5172396349775419,0.2444521836572498,1.9985872727102125,0.06978734514648376,-0.02790411830104143,DEPTH_PROPOSAL_CERTIFIED,3.4575975043656086,0,32,0,0,184,FULL_MOTION_CERTIFICATE,0,0,0,188,0,0,0,0,0,,50.4,1.99857758142,0.0701523255223,-0.0276821649775,0.94143074275,0.312826493406,0.125887813659,0.999288790711,0.0350761627612,-0.0138410824888,1.89610103203,0.580007903806,0.251845556824,1.897291415620234,0.5759201328876874,0.251851288750887
50.35,23.46569589921414,9.799704240241253,3.37498431198939,1.9113068940239681,0.5219682539940945,0.24501228768503452,1.9985970193279907,0.06941780347676645,-0.02812690693503083,DEPTH_PROPOSAL_CERTIFIED,3.467410954681686,0,32,0,0,184,FULL_MOTION_CERTIFICATE,0,0,0,189,0,0,0,0,0,,50.416666666,1.99858727271,0.0697873451465,-0.027904118301,0.94143074275,0.312826493406,0.125887813659,0.999293636355,0.0348936725732,-0.0139520591505,1.89509803612,0.583465864501,0.251840259134,1.8962082121464665,0.5796574059960403,0.25184555682400867
50.36666666666667,23.497530686178884,9.808480911935142,3.379076471293546,1.9100872178847441,0.5266003016333702,0.24552955824937595,1.9986068170229796,0.06904375721718495,-0.028350494503764853,DEPTH_PROPOSAL_CERTIFIED,3.4770992942789025,0,32,0,0,184,FULL_MOTION_CERTIFICATE,0,0,0,189,0,0,0,0,0,,50.433333333,1.99859701933,0.0694178034768,-0.028126906935,0.94143074275,0.312826493406,0.125887813659,0.999298509664,0.0347089017384,-0.0140634534675,1.89417102469,0.58666185868,0.251835362784,1.8952071689862093,0.583111282832537,0.25184025913434155
50.38333333333333,23.529345517130945,9.8173329661387,3.383176592472115,1.9088898571237782,0.5311232522135434,0.24600727071415734,1.9986166610844842,0.0686652759878638,-0.02857484748897411,DEPTH_PROPOSAL_CERTIFIED,3.4866565283848163,0,32,0,0,184,FULL_MOTION_CERTIFICATE,0,0,0,189,0,0,0,0,0,,50.45,1.99860681702,0.0690437572172,-0.0283504945038,0.94143074275,0.312826493406,0.125887813659,0.999303408511,0.0345218786086,-0.0141752472519,1.8933142414,0.589615732082,0.25183083737,1.8942820558399924,0.5863032492916599,0.2518353627844909
50.4,23.56114082441865,9.826258416692621,3.387284066638886,1.9077184372623448,0.5355270332352904,0.24644845000628499,1.998626546437158,0.0682824400561266,-0.028799935011402,DEPTH_PROPOSAL_CERTIFIED,3.496076748149047,0,32,0,0,184,FULL_MOTION_CERTIFICATE,0,0,0,189,0,0,0,0,0,,50.466666666,1.99861666108,0.0686652759879,-0.028574847489,0.94143074275,0.312826493406,0.125887813659,0.999308330542,0.0343326379939,-0.0142874237445,1.89252236599,0.592345827028,0.251826654791,1.8934271149528574,0.5892531617006063,0.2518308373702425
50.416666666666664,23.592917089519297,9.835255145450834,3.391398331468264,1.9065759060388658,0.5398037254927482,0.24685588976267736,1.9986364677224004,0.06789533833542834,-0.029025728629000484,DEPTH_PROPOSAL_CERTIFIED,3.505354109071274,0,32,0,0,184,FULL_MOTION_CERTIFICATE,0,0,0,189,0,0,0,0,0,,50.483333333,1.99862654644,0.0682824400561,-0.0287999350114,0.94143074275,0.312826493406,0.125887813659,0.999313273219,0.0341412200281,-0.0143999675057,1.89179048109,0.594869096759,0.251822789073,1.8926370251124214,0.591979371033738,0.2518266547906646
50.43333333333333,23.624673832064357,9.84432434578,3.3955188631239674,1.9054045527035928,0.5441520197500244,0.24723189934221754,1.9986464193694884,0.06750406662466923,-0.029252202150518335,DEPTH_PROPOSAL_CERTIFIED,3.5042261112621684,0,32,0,0,184,FULL_MOTION_CERTIFICATE,0,0,0,189,0,0,0,0,0,,50.5,1.99863646772,0.0678953383354,-0.029025728629,0.94143074275,0.312826493406,0.125887813659,0.999318233861,0.0339476691677,-0.0145128643145,1.89111404201,0.597201209689,0.251819216213,1.8911140420132602,0.5972012096887962,0.25181921621260794
50.45,23.656412680162777,9.853460055015717,3.399645186846428,1.9043308859045618,0.5481425541427812,0.24757942334755026,1.9986564013910368,0.06710855568687828,-0.029479330593670014,DEPTH_PROPOSAL_CERTIFIED,3.500876955997312,0,32,0,0,184,FULL_MOTION_CERTIFICATE,0,0,0,189,0,0,0,0,0,,50.516666666,1.99864641937,0.0675040666247,-0.0292522021505,0.94143074275,0.312826493406,0.125887813659,0.999323209685,0.0337520333123,-0.0146261010753,1.89048884836,0.599356647263,0.251815914024,1.8912321509563894,0.5968270737343955,0.25181921621260794
50.46666666666667,23.688134202101054,9.862659951556632,3.4037768596732763,1.9032913162967837,0.5519937924548854,0.2479003696108968,1.9986664017444011,0.06670909369835629,-0.029707092689013146,DEPTH_PROPOSAL_CERTIFIED,3.498361174833083,0,32,0,0,184,FULL_MOTION_CERTIFICATE,0,0,0,189,0,0,0,0,0,,50.533333333,1.99865640139,0.0671085556869,-0.0294793305937,0.94143074275,0.312826493406,0.125887813659,0.999328200696,0.0335542778434,-0.0147396652968,1.88991101783,0.601348794239,0.251812862,1.8906085670818917,0.5989788998625591,0.2518159140237247
50.483333333333334,23.71983898284415,9.871921683624107,3.4079134725157676,1.9022868445857533,0.555703924048559,0.248196770549501,1.9986764146003742,0.06630578764388506,-0.029935468012332822,DEPTH_PROPOSAL_CERTIFIED,3.496680961666907,0,32,0,0,184,FULL_MOTION_CERTIFICATE,0,0,0,189,0,0,0,0,0,,50.55,1.99866640174,0.0667090936984,-0.029707092689,0.94143074275,0.312826493406,0.125887813659,0.999333200872,0.0333545468492,-0.0148535463445,1.88937696234,0.603190020986,0.251810041191,1.8900322897111819,0.6009675294913783,0.25181286200047287
50.5,23.751527618242392,9.881242887170194,3.4120546475686653,1.901318123894798,0.5592722127652725,0.24847050317386518,1.9986864341164745,0.0658987463643503,-0.030164437776611836,DEPTH_PROPOSAL_CERTIFIED,3.4958379737714003,0,32,0,0,184,FULL_MOTION_CERTIFICATE,0,0,0,189,0,0,0,0,0,,50.566666666,1.9986764146,0.0663057876439,-0.0299354680123,0.94143074275,0.312826493406,0.125887813659,0.9993382073,0.0331528938219,-0.0149677340062,1.88888336563,0.604891760753,0.25180743408,1.8894997314651423,0.6028053351091799,0.25181004119110834
50.516666666666666,23.78320071002081,9.890621201244636,3.416200035918161,1.9003855067053506,0.5626988444665878,0.24872330096975293,1.9986964544711316,0.06548807966476208,-0.030393984706672462,DEPTH_PROPOSAL_CERTIFIED,3.495833329180317,0,32,0,0,184,FULL_MOTION_CERTIFICATE,0,0,0,189,0,0,0,0,0,,50.583333333,1.99868643412,0.0658987463644,-0.0301644377766,0.94143074275,0.312826493406,0.125887813659,0.999343217058,0.0329493731822,-0.0150822188883,1.88842716258,0.606464580941,0.251805024476,1.8890075769940893,0.6045037512226377,0.25180743407958367
50.53333333333333,23.81485886146535,9.900054281103525,3.42034931533269,1.8994890866725083,0.5659847915333583,0.24895676487176824,1.9987064698926724,0.06507389754571374,-0.030624092923391934,DEPTH_PROPOSAL_CERTIFIED,3.4966676092319386,0,32,0,0,184,FULL_MOTION_CERTIFICATE,0,0,0,189,0,0,0,0,0,,50.6,1.99869645447,0.0654880796648,-0.0303939847067,0.94143074275,0.312826493406,0.125887813659,0.999348227236,0.0327440398324,-0.0151969923533,1.88800552037,0.607918248081,0.251802797419,1.8885527622718317,0.6060733457479608,0.25180502447635533
50.55,23.84650267372939,9.909539809312873,3.4245021882226574,1.898628735842567,0.569131692560961,0.24917237339806075,1.998716474683686,0.06465630954475864,-0.030854747836762383,DEPTH_PROPOSAL_CERTIFIED,3.498340865357672,0,32,0,0,184,FULL_MOTION_CERTIFICATE,0,0,0,189,0,0,0,0,0,,50.616666666,1.99870646989,0.0650738975457,-0.0306240929234,0.924104139722,0.346768265565,0.160571818652,0.999353234946,0.0325369487729,-0.0153120464617,1.88702434957,0.610457738074,0.252934454661,1.8881324557172854,0.6075238850977147,0.25180279741882977
50.56666666666667,23.87813199620204,9.919077015270252,3.4286598112152307,1.8977593483583437,0.5722323574424979,0.24945737955430974,1.9987264632412955,0.06423542417557394,-0.031085936047121746,DEPTH_PROPOSAL_CERTIFIED,3.500852692110581,0,32,0,0,184,FULL_MOTION_CERTIFICATE,0,0,0,189,0,0,0,0,0,,50.633333333,1.99871647468,0.0646563095448,-0.0308547478368,0.924104139722,0.346768265565,0.160571818652,0.999358237342,0.0323281547724,-0.0154273739184,1.88548492557,0.61406686112,0.255215901904,1.8871528210508233,0.6100604689972334,0.25293445466054604
50.583333333333336,23.90974598510237,9.928666537489121,3.4328247050693554,1.8968393340198562,0.5753713331321527,0.24989363124748945,1.998736431403696,0.0638112720763488,-0.0313177160025627,DEPTH_PROPOSAL_CERTIFIED,3.5042024799689355,0,32,0,0,184,FULL_MOTION_CERTIFICATE,0,0,0,189,0,0,0,0,0,,50.65,1.99872646324,0.0642354241756,-0.0310859360471,0.924104139722,0.346768265565,0.160571818652,0.999363231621,0.0321177120878,-0.0155429680236,1.88338946556,0.618719741344,0.258671731074,1.885615159090306,0.6136668365459435,0.2552159019042821
50.6,23.941343158819063,9.938310284094182,3.437000682382857,1.8958304230017378,0.5786247963037382,0.25055863881012386,1.9987463761811777,0.06338381268842093,-0.031550213813693315,DEPTH_PROPOSAL_CERTIFIED,3.508389625443623,0,32,0,0,184,FULL_MOTION_CERTIFICATE,0,0,0,190,0,0,0,0,0,,50.666666666,1.9987364314,0.0638112720763,-0.0313177160026,0.924104139722,0.346768265565,0.160571818652,0.999368215702,0.0319056360382,-0.0156588580013,1.88074439846,0.624351739701,0.263359240347,1.8835217085806928,0.6183170469970832,0.2586717310742638
50.61666666666667,23.97292145436287,9.94801125494915,3.4411928220720363,1.8946977326285297,0.582058251298102,0.25152838135075856,1.9987562954790603,0.06295294104857449,-0.03178361993476312,DEPTH_PROPOSAL_CERTIFIED,3.5134137167566473,0,32,0,0,184,FULL_MOTION_CERTIFICATE,0,0,0,190,0,0,0,0,0,,50.683333333,1.99874637618,0.0633838126884,-0.0315502138137,0.924104139722,0.346768265565,0.160571818652,0.999373188091,0.0316919063442,-0.0157751069068,1.87827954091,0.629593011883,0.267736846264,1.8808789100753915,0.6239464022293426,0.26335924034650293
50.63333333333333,24.00447919254978,9.957771729085744,3.4454054269946917,1.8934642912147714,0.5856284481955949,0.25275629535934735,1.9987661877314888,0.06251849652666633,-0.0320181881651068,DEPTH_PROPOSAL_CERTIFIED,3.5152136444654385,0,32,0,0,184,FULL_MOTION_CERTIFICATE,0,0,0,190,0,0,0,0,0,,50.7,1.99875629548,0.0629529410486,-0.0317836199348,0.924104139722,0.346768265565,0.160571818652,0.99937814774,0.0314764705243,-0.0158918099674,1.876001415,0.634437217984,0.271782815363,1.8784163059669203,0.6291848503450108,0.26773684626413147
50.65,24.03601505714255,9.967593311347827,3.4496420553011906,1.8921518755662596,0.5892949357249839,0.2541976983899411,1.9987760505784762,0.06208035467792714,-0.032254134571740964,DEPTH_PROPOSAL_CERTIFIED,3.493061160533096,0,32,0,0,184,FULL_MOTION_CERTIFICATE,0,0,0,190,0,0,0,0,0,,50.716666666,1.99876618773,0.0625184965267,-0.0320181881651,0.924104139722,0.346768265565,0.160571818652,0.999383093866,0.0312592482633,-0.0160090940826,1.87389587451,0.638914438497,0.275522271421,1.8761404046544135,0.634026083583533,0.2717828153631857
50.666666666666664,24.06752804948642,9.977477021490019,3.453905608573638,1.8907795406324106,0.5930226085315529,0.2558131963468552,1.9987858809697787,0.06163842500723733,-0.03249163890129734,DEPTH_PROPOSAL_CERTIFIED,3.471320574513378,0,32,0,0,184,FULL_MOTION_CERTIFICATE,0,0,0,190,0,0,0,0,0,,50.733333333,1.99877605058,0.0620803546779,-0.0322541345717,0.924104139722,0.346768265565,0.160571818652,0.999388025289,0.031040177339,-0.0161270672859,1.87194984454,0.643052475901,0.278978435572,1.874037054439452,0.6385002167716969,0.2755222714212079
50.68333333333333,24.099017447935104,9.987423373644495,3.4581984108855113,1.889363906921194,0.5967811292685777,0.2575681387124209,1.9987956752860678,0.06119264656121955,-0.03273084882103028,DEPTH_PROPOSAL_CERTIFIED,3.450008309950469,0,32,0,0,184,FULL_MOTION_CERTIFICATE,0,0,0,190,0,0,0,0,0,,50.75,1.99878588097,0.0616384250072,-0.0324916389013,0.924104139722,0.346768265565,0.160571818652,0.999392940485,0.0308192125036,-0.0162458194506,1.87015124109,0.646877025616,0.282172769101,1.8720931756443524,0.6426350822602841,0.2789784355723239
50.7,24.130482771602573,9.99743244710216,3.462522279649897,1.8879194200474683,0.600544407459635,0.25943212586304837,1.9988054294451312,0.06074298399080939,-0.03297188372776134,DEPTH_PROPOSAL_CERTIFIED,3.4291408297997332,0,32,0,0,184,FULL_MOTION_CERTIFICATE,0,0,0,190,0,0,0,0,0,,50.766666666,1.99879567529,0.0611926465612,-0.032730848821,0.924104139722,0.346768265565,0.160571818652,0.999397837643,0.0305963232806,-0.0163654244105,1.86848889558,0.650411836498,0.285125107483,1.8702966801880216,0.6464564013905145,0.28217276910069444
50.71666666666667,24.161923748017543,10.007503949269376,3.466878589047639,1.886458584898351,0.604290130033019,0.26137856386454567,1.9988151389947804,0.06028942403857461,-0.03321483816569346,DEPTH_PROPOSAL_CERTIFIED,3.4040534419818544,0,32,0,0,184,FULL_MOTION_CERTIFICATE,0,0,0,190,0,0,0,0,0,,50.783333333,1.99880542945,0.0607429839908,-0.0329718837278,0.924104139722,0.346768265565,0.160571818652,0.999402714723,0.0303714919954,-0.0164859418639,1.86695248523,0.653678858884,0.287853784039,1.8686363960791186,0.6499879454283063,0.28512510748281433
50.733333333333334,24.19334028429723,10.0176372715805,3.471268326753682,1.8849921767812539,0.6079993386675581,0.2633842623626069,1.998824799193946,0.059831972409124495,-0.033459784890430215,DEPTH_PROPOSAL_CERTIFIED,3.3776758412584615,0,32,0,0,184,FULL_MOTION_CERTIFICATE,0,0,0,190,0,0,0,0,0,,50.8,1.99881513899,0.0602894240386,-0.0332148381657,0.924104139722,0.346768265565,0.160571818652,0.999407569497,0.0301447120193,-0.0166074190828,1.86553246962,0.656698379569,0.29037574267,1.8671019977526684,0.6532516840089378,0.28785378403895584
50.75,24.224732441493284,10.02783153907067,3.4756921446116285,1.8835294317635354,0.6116560494101975,0.2654290714768065,1.9988344050832665,0.05937065098483338,-0.033706777613109966,DEPTH_PROPOSAL_CERTIFIED,3.351566415443582,0,32,0,0,184,FULL_MOTION_CERTIFICATE,0,0,0,190,0,0,0,0,0,,50.816666666,1.99882479919,0.0598319724091,-0.0334597848904,0.924104139722,0.346768265565,0.160571818652,0.999412399597,0.0299159862046,-0.0167298924452,1.86422003102,0.659489148515,0.292706643685,1.8656839425473686,0.6562679204704013,0.2903757426700432
50.766666666666666,24.256100411794527,10.03808565424956,3.480150403848626,1.882078218074724,0.6152469107334014,0.2674955542198819,1.9988439515463345,0.05890549535274903,-0.033955853455358405,DEPTH_PROPOSAL_CERTIFIED,3.325695811531015,0,32,0,0,184,FULL_MOTION_CERTIFICATE,0,0,0,190,0,0,0,0,0,,50.833333333,1.99883440508,0.0593706509848,-0.0337067776131,0.924104139722,0.346768265565,0.160571818652,0.999417202542,0.0296853254924,-0.0168533888066,1.86300701951,0.662068495734,0.294860961427,1.8643734110712242,0.6590554188764929,0.2927066436854032
50.78333333333333,24.287444498300456,10.048398335855785,3.4846432153674507,1.880645190355848,0.6187608963735617,0.26956869112949916,1.9988534333626344,0.05843655261160624,-0.03420703514305539,DEPTH_PROPOSAL_CERTIFIED,3.300033751239139,0,32,0,0,184,FULL_MOTION_CERTIFICATE,0,0,0,190,0,0,0,0,0,,50.85,1.99884395155,0.0589054953527,-0.0339558534554,0.924104139722,0.346768265565,0.160571818652,0.999421975773,0.0294527476764,-0.0169779267277,1.86188590282,0.664452437857,0.296852073275,1.8631622521855615,0.66163152118352,0.2948609614268311
50.8,24.3187650971075,10.058768153014643,3.489170475601106,1.8792359284229163,0.6221890295315635,0.27163561401934705,1.9988628452531003,0.05796387943080113,-0.034460332964320245,DEPTH_PROPOSAL_CERTIFIED,3.2745490360684237,0,32,0,0,184,FULL_MOTION_CERTIFICATE,0,0,0,190,0,0,0,0,0,,50.866666666,1.99885343336,0.0584365526116,-0.0342070351431,0.924104139722,0.346768265565,0.160571818652,0.999426716681,0.0292182763058,-0.0171035175715,1.86084971927,0.666655778169,0.298692343204,1.862042932841147,0.6640122540591881,0.2968520732754928
50.81666666666667,24.350062681473354,10.069193555274026,3.493731898371613,1.8778550619505272,0.6255241355627824,0.2736853662303067,1.9988721819191075,0.057487540335921065,-0.03471574651469824,DEPTH_PROPOSAL_CERTIFIED,3.2492095628976236,0,32,0,0,184,FULL_MOTION_CERTIFICATE,0,0,0,190,0,0,0,0,0,,50.883333333,1.99886284525,0.0579638794308,-0.0344603329643,0.924104139722,0.346768265565,0.160571818652,0.999431422627,0.0289819397154,-0.0172301664822,1.85989203442,0.668692198888,0.300393198852,1.8610084909873854,0.6662124291436373,0.2986923432040046
50.833333333333336,24.381337787846995,10.079672898947507,3.4983270431530036,1.8765063824186945,0.628760620408899,0.2757086868834364,1.9988814380756497,0.05700760619772547,-0.0349732662504882,DEPTH_PROPOSAL_CERTIFIED,3.2239823479864698,0,32,0,0,184,FULL_MOTION_CERTIFICATE,0,0,0,190,0,0,0,0,0,,50.9,1.99887218192,0.0574875403359,-0.0347157465147,0.924104139722,0.346768265565,0.160571818652,0.99943609096,0.028743770168,-0.0173578732573,1.85900690145,0.670574345308,0.301965201796,1.8600524921303359,0.6682457355315236,0.30039319885162075
50.85,24.412591003573297,10.090204470150885,3.5029553400996876,1.8751929435781527,0.6318942722026778,0.27769781680106104,1.9988906084793567,0.056524152903673554,-0.035232874869195165,DEPTH_PROPOSAL_CERTIFIED,3.1971713167421694,0,32,0,0,184,FULL_MOTION_CERTIFICATE,0,0,0,191,0,0,0,0,0,,50.916666666,1.99888143808,0.0570076061977,-0.0349732662505,0.924104139722,0.346768265565,0.160571818652,0.999440719038,0.0285038030989,-0.0174866331252,1.85818882405,0.67231390477,0.303418113519,1.8591689897235406,0.6701248240867806,0.3019652017960828
50.86666666666667,24.443822956098092,10.10078650488252,3.50761611216849,1.8739171514878914,0.6349220838980792,0.2796463241281648,1.9988996879519474,0.05603726019316136,-0.03549454853426385,DEPTH_PROPOSAL_CERTIFIED,3.1680668170854793,0,32,0,0,184,FULL_MOTION_CERTIFICATE,0,0,0,191,0,0,0,0,0,,50.933333333,1.99889060848,0.0565241529037,-0.0352328748692,0.924104139722,0.346768265565,0.160571818652,0.99944530424,0.0282620764518,-0.0176164374346,1.85743272217,0.673921679526,0.304760956257,1.858352487986704,0.6718613865819798,0.3034181135188322
50.88333333333333,24.475033212599218,10.111419657757164,3.5123101616922847,1.872615390067723,0.6379891724787023,0.28164297142769706,1.9989086713996511,0.05554701063935549,-0.03575825795970747,DEPTH_PROPOSAL_CERTIFIED,3.139178387138271,0,32,0,0,184,FULL_MOTION_CERTIFICATE,0,0,0,191,0,0,0,0,0,,50.95,1.99889968795,0.0560372601932,-0.0354945485343,0.924104139722,0.346768265565,0.160571818652,0.999449843976,0.0280186300966,-0.0177472742671,1.85673390074,0.675407653162,0.306002068482,1.856733900741667,0.6754076531623061,0.3060020684819917
50.9,24.50622362718966,10.122099477358592,3.517034967651754,1.8714248754265614,0.6407891760856739,0.2834883575681738,1.9989175558727283,0.05505336332833493,-0.03602404766313744,DEPTH_PROPOSAL_CERTIFIED,3.110506179749697,0,32,0,0,184,FULL_MOTION_CERTIFICATE,0,0,0,191,0,0,0,0,0,,50.966666666,1.9989086714,0.0555470106394,-0.0357582579597,0.918171270799,0.352659635103,0.180534482158,0.9994543357,0.0277735053197,-0.0178791289799,1.85558725089,0.677306559376,0.308794539269,1.8569005968043895,0.674949220090728,0.3060020684819917
50.916666666666664,24.537394257203385,10.132824822573998,3.521791725860846,1.8702378008235863,0.6435207129243194,0.28540549254552744,1.9989263342147665,0.05455653873239487,-0.03629179610128866,DEPTH_PROPOSAL_CERTIFIED,3.0820511515278013,0,32,0,0,184,FULL_MOTION_CERTIFICATE,0,0,0,191,0,0,0,0,0,,50.983333333,1.99891755587,0.0550533633283,-0.0360240476631,0.918171270799,0.352659635103,0.180534482158,0.999458777936,0.0275266816642,-0.0180120238316,1.85412931834,0.679428734482,0.312754723064,1.8557554906672895,0.676845462355798,0.3087945392692434
50.93333333333333,24.568544762653406,10.143594920806294,3.5265830159266534,1.8690303270013824,0.6462058939378355,0.28747740394844745,1.9989350007076978,0.054056587847919106,-0.03656156801829611,DEPTH_PROPOSAL_CERTIFIED,3.0538147150806223,0,32,0,0,184,FULL_MOTION_CERTIFICATE,0,0,0,191,0,0,0,0,0,,51,1.99892633421,0.0545565387324,-0.0362917961013,0.918171270799,0.352659635103,0.180534482158,0.999463167107,0.0272782693662,-0.0181458980506,1.85278183523,0.681390138743,0.316414892929,1.8542991463704934,0.6789651023027332,0.31275472306407315
50.95,24.59967496870924,10.154408855003082,3.531410843226024,1.8678123633493426,0.6488360518070432,0.2896696379621304,1.9989435488504017,0.053553542604915405,-0.03683349812094297,DEPTH_PROPOSAL_CERTIFIED,3.025797833613827,0,32,0,0,184,FULL_MOTION_CERTIFICATE,0,0,0,191,0,0,0,0,0,,51.016666666,1.99893500071,0.0540565878479,-0.0365615680183,0.918171270799,0.352659635103,0.180534482158,0.999467500354,0.027028293924,-0.0182807840091,1.85153643425,0.68320295166,0.31979777699,1.8529532067944643,0.6809239778113652,0.3164148929290519
50.96666666666667,24.63078484261974,10.165265589989295,3.5362767111049727,1.8665924346299274,0.6514040991728043,0.2919520727369447,1.9989519724055667,0.053047442627985636,-0.03710769255188508,DEPTH_PROPOSAL_CERTIFIED,2.998001088251004,0,32,0,0,184,FULL_MOTION_CERTIFICATE,0,0,0,191,0,0,0,0,0,,51.033333333,1.99894354885,0.0535535426049,-0.0368334981209,0.918171270799,0.352659635103,0.180534482158,0.999471774425,0.0267767713025,-0.0184167490605,1.85038538175,0.684878430371,0.322924382153,1.8517093042530604,0.6827342770350919,0.31979777698968015
50.983333333333334,24.66187447318476,10.176163995638673,3.541181685435204,1.86537783390134,0.6539043389627273,0.2942984598138922,1.9989602653975513,0.052538333888102175,-0.03738423242507864,DEPTH_PROPOSAL_CERTIFIED,2.9704247375031274,0,32,0,0,184,FULL_MOTION_CERTIFICATE,0,0,0,191,0,0,0,0,0,,51.05,1.99895197241,0.053047442628,-0.0371076925519,0.918171270799,0.352659635103,0.180534482158,0.999475986203,0.026523721314,-0.0185538462759,1.8493215302,0.686426978874,0.325814123283,1.8505597050125737,0.6844072643997897,0.32292438215265373
51.0,24.692944052522254,10.187102867211062,3.546126452269816,1.864174760249703,0.6563322943433748,0.29668601007673295,1.9989684221086446,0.05202626751346054,-0.037663176991498716,DEPTH_PROPOSAL_CERTIFIED,2.9430687697009468,0,32,0,0,185,FULL_MOTION_CERTIFICATE,0,0,0,191,0,0,0,0,0,,51.066666666,1.9989602654,0.0525383338881,-0.0373842324251,0.918171270799,0.352659635103,0.180534482158,0.999480132699,0.0262691669441,-0.0186921162125,1.84833827353,0.687858213009,0.328484944467,1.8494972616997312,0.685953349987277,0.32581412328339204
51.016666666666666,24.723993859900627,10.198080943152537,3.5511113692741123,1.8629884427025234,0.6586845564885295,0.2990950202578039,1.9989764370740206,0.05151129874316742,-0.03794456647065937,DEPTH_PROPOSAL_CERTIFIED,2.9159329491210717,0,32,0,0,185,FULL_MOTION_CERTIFICATE,0,0,0,191,0,0,0,0,0,,51.083333333,1.99896842211,0.0520262675135,-0.0376631769915,0.918171270799,0.352659635103,0.180534482158,0.999484211054,0.0260131337567,-0.0188315884957,1.84742950594,0.689181020399,0.330953430868,1.848515368626932,0.6873821546594189,0.328484944466871
51.03333333333333,24.755024247427837,10.209096920626386,3.5561365115443313,1.8618232516326803,0.66095864843103,0.3015085362131527,1.9989843050756444,0.05099348600899275,-0.03822842458031627,DEPTH_PROPOSAL_CERTIFIED,2.889016856463845,0,32,0,0,185,FULL_MOTION_CERTIFICATE,0,0,0,191,0,0,0,0,0,,51.1,1.99897643707,0.0515112987432,-0.0379445664707,0.918171270799,0.352659635103,0.180534482158,0.999488218537,0.0257556493716,-0.0189722832353,1.84658958438,0.690403615106,0.333234910721,1.847607920580593,0.6887025701295382,0.33095343086841017
51.05,24.786035627409106,10.220149469016016,3.5612017123682214,1.8606827988761778,0.663152903377829,0.3039120494334166,1.9989920211353374,0.05047289013183971,-0.03851476079373448,DEPTH_PROPOSAL_CERTIFIED,2.8623199242749258,0,32,0,0,185,FULL_MOTION_CERTIFICATE,0,0,0,191,0,0,0,0,0,,51.116666666,1.99898430508,0.050993486009,-0.0382284245803,0.918171270799,0.352659635103,0.180534482158,0.999492152538,0.0254967430045,-0.0191142122902,1.84581329329,0.691533588932,0.33534355106,1.8467692752468474,0.6899228137287778,0.3332349107206381
51.06666666666667,24.817028461202337,10.231237241618318,3.5663065994315413,1.8595700275932052,0.6652663561379148,0.3062932237990788,1.99899958050718,0.04994957362091634,-0.038803572351103405,DEPTH_PROPOSAL_CERTIFIED,2.836313012975255,0,32,0,0,186,FULL_MOTION_CERTIFICATE,0,0,0,191,0,0,0,0,0,,51.133333333,1.99899202114,0.0504728901318,-0.0385147607937,0.918171270799,0.352659635103,0.180534482158,0.999496010568,0.0252364450659,-0.0192573803969,1.84509581209,0.692577958746,0.337292446043,1.845994217940946,0.6910504798109529,0.33534355106014624
51.083333333333336,24.848003249416614,10.242358885724444,3.5714506269269846,1.8584872928566905,0.6672986463675716,0.30864164972662667,1.9990069786694153,0.04942360006469884,-0.03909484604931739,DEPTH_PROPOSAL_CERTIFIED,2.8110713221796853,0,32,0,0,186,FULL_MOTION_CERTIFICATE,0,0,0,191,0,0,0,0,0,,51.15,1.99899958051,0.0499495736209,-0.0388035723511,0.918171270799,0.352659635103,0.180534482158,0.999499790254,0.0249747868105,-0.0194017861756,1.84443268552,0.693543209634,0.339093697463,1.845277929071211,0.6920925871693858,0.33729244604271214
51.1,24.878960523314753,10.253513051264786,3.5766331039776507,1.8574364338883793,0.669249932420509,0.31094862303999116,1.999014211315976,0.04889503360384234,-0.0393885598320776,DEPTH_PROPOSAL_CERTIFIED,2.7862695647401323,0,32,0,0,186,FULL_MOTION_CERTIFICATE,0,0,0,192,0,0,0,0,0,,51.166666666,1.99900697867,0.0494236000647,-0.0390948460493,0.918171270799,0.352659635103,0.180534482158,0.999503489335,0.0247118000323,-0.0195474230247,1.84381979586,0.694435335399,0.34075849034,1.8446159544749814,0.6930556222663465,0.3390936974630399
51.11666666666667,24.9099008372933,10.264698398178092,3.581853219749655,1.8564188387130147,0.671120814798457,0.31320694632028084,1.9990212743477516,0.048363938477191386,-0.03968468420015506,DEPTH_PROPOSAL_CERTIFIED,2.7619251520060515,0,32,0,0,186,FULL_MOTION_CERTIFICATE,0,0,0,192,0,0,0,0,0,,51.183333333,1.99901421132,0.0488950336038,-0.0393885598321,0.918171270799,0.352659635103,0.180534482158,0.999507105658,0.0244475168019,-0.019694279916,1.84325333719,0.695259875931,0.342297162641,1.8440041775735658,0.6939455798094241,0.340758490339817
51.13333333333333,24.94082476232611,10.2759136026487,3.587110065592772,1.855435501968564,0.67291226823646,0.31541075058703794,1.9990281638636938,0.04783037863287312,-0.03998318345987147,DEPTH_PROPOSAL_CERTIFIED,2.738055723954021,0,32,0,0,186,FULL_MOTION_CERTIFICATE,0,0,0,192,0,0,0,0,0,,51.2,1.99902127435,0.0483639384772,-0.0396846842002,0.918171270799,0.352659635103,0.180534482158,0.999510637174,0.0241819692386,-0.0198423421001,1.84272979206,0.69602195127,0.343719268857,1.8434387936862646,0.6947680001800982,0.3422971626414761
51.15,24.97173288026882,10.287157362340672,3.592402654514513,1.8544870765627595,0.6746255815183193,0.3175553353044853,1.9990348761518406,0.047294417397246796,-0.04028401682615303,DEPTH_PROPOSAL_CERTIFIED,2.7146791468332045,0,32,0,0,186,FULL_MOTION_CERTIFICATE,0,0,0,192,0,0,0,0,0,,51.216666666,1.99902816386,0.0478303786329,-0.0399831834599,0.918171270799,0.352659635103,0.180534482158,0.999514081932,0.0239151893164,-0.0199915917299,1.84224590947,0.696726293586,0.345033639673,1.8429162866119433,0.6955280035570036,0.3437192688573449
51.166666666666664,25.002625778931336,10.298428400745303,3.5977299382650023,1.853573919750941,0.6762623042779305,0.3196370250293585,1.999041407680332,0.046756117195236056,-0.040587139394910314,DEPTH_PROPOSAL_CERTIFIED,2.691813508430757,0,32,0,0,186,FULL_MOTION_CERTIFICATE,0,0,0,192,0,0,0,0,0,,51.233333333,1.99903487615,0.0472944173972,-0.0402840168262,0.918171270799,0.352659635103,0.180534482158,0.999517438076,0.0236472086986,-0.0201420084131,1.84179868462,0.697377276676,0.346248437019,1.842433406646756,0.6962303219451884,0.3450336396728127
51.18333333333333,25.033503287973513,10.30972685914815,3.6030922399185608,1.8526505425306772,0.6779075041708723,0.32173809921353186,1.999047755088472,0.04621553931618104,-0.04089250299816258,DEPTH_PROPOSAL_CERTIFIED,2.6690941030996,0,32,0,0,186,FULL_MOTION_CERTIFICATE,0,0,0,192,0,0,0,0,0,,51.25,1.99904140768,0.0467561171952,-0.0405871393949,0.918171270799,0.352659635103,0.180534482158,0.99952070384,0.0233780585976,-0.0202935696975,1.84138534044,0.697978942865,0.34737120426,1.8413853404434557,0.6979789428647634,0.34737120426044865
51.2,25.064366812450622,10.321050029034579,3.6084869066037464,1.851811468625956,0.6793901931854834,0.3236800011110263,1.9990539153430995,0.045672671605487374,-0.041200128881367114,DEPTH_PROPOSAL_CERTIFIED,2.6465801080408857,0,32,0,0,186,FULL_MOTION_CERTIFICATE,0,0,0,192,0,0,0,0,0,,51.266666666,1.99904775509,0.0462155393162,-0.0408925029982,0.918171270799,0.352659635103,0.180534482158,0.999523877544,0.0231077696581,-0.0204462514991,1.84100331024,0.698535028247,0.348408913314,1.8415747669883598,0.6974789991637325,0.34737120426044865
51.21666666666667,25.09521693057739,10.332396738078993,3.6139127966629236,1.8510070876061093,0.680802542664905,0.32555340355064694,1.9990598851624402,0.04512765002582598,-0.041509887225551684,DEPTH_PROPOSAL_CERTIFIED,2.624531753410398,0,32,0,0,186,FULL_MOTION_CERTIFICATE,0,0,0,192,0,0,0,0,0,,51.283333333,1.99905391534,0.0456726716055,-0.0412001288814,0.918171270799,0.352659635103,0.180534482158,0.999526957672,0.0228363358027,-0.0206000644407,1.8406502217,0.699048985982,0.349368008106,1.8411936391639812,0.698033206313849,0.3484089133140205
51.233333333333334,25.126054213269015,10.343765849633442,3.6193687556672467,1.8502369614975596,0.6821466932670199,0.3273575402593889,1.9990656616539755,0.04458053103008871,-0.04182172460610389,DEPTH_PROPOSAL_CERTIFIED,2.602939067161125,0,32,0,0,186,FULL_MOTION_CERTIFICATE,0,0,0,192,0,0,0,0,0,,51.3,1.99905988516,0.0451276500258,-0.0415098872256,0.918171270799,0.352659635103,0.180534482158,0.999529942581,0.0225638250129,-0.0207549436128,1.84032388229,0.699524007523,0.3502544442,1.840841422973252,0.6985453306128228,0.34936800810604235
51.25,25.156879221927408,10.355156264053015,3.624853624903818,1.849500519503784,0.6834248651743622,0.3290921541943022,1.9990712420613672,0.04403136938707379,-0.04213558677794673,DEPTH_PROPOSAL_CERTIFIED,2.581791896657907,0,32,0,0,187,FULL_MOTION_CERTIFICATE,0,0,0,192,0,0,0,0,0,,51.316666666,1.99906566165,0.0445805310301,-0.0418217246061,0.903636759122,0.399946620138,0.153242646169,0.999532830827,0.022290265515,-0.0209108623031,1.83957342162,0.701387534254,0.350322374448,1.8405159271797202,0.6990185624439389,0.35025444420024576
51.266666666666666,25.18769194037849,10.366568718372209,3.6303652999740432,1.8487631070649735,0.6847472591517145,0.33070050421355013,1.9990766237564466,0.04348021810369287,-0.0424514191067995,DEPTH_PROPOSAL_CERTIFIED,2.561079698626401,0,32,0,0,187,FULL_MOTION_CERTIFICATE,0,0,0,192,0,0,0,0,0,,51.333333333,1.99907124206,0.0440313693871,-0.0421355867779,0.903636759122,0.399946620138,0.153242646169,0.999535621031,0.0220156846935,-0.021067793389,1.83840475716,0.704631274265,0.34955490346,1.8397666753114859,0.7008804656754137,0.3503223744483759
51.28333333333333,25.2184918261439,10.378005636582053,3.6359007811039237,1.8479931459248666,0.6862150925906779,0.3321288677928543,1.9990818072902858,0.04292703516032511,-0.04276911751893991,DEPTH_PROPOSAL_CERTIFIED,2.5424652476312124,0,32,0,0,187,FULL_MOTION_CERTIFICATE,0,0,0,192,0,0,0,0,0,,51.35,1.99907662376,0.0434802181037,-0.0424514191068,0.903636759122,0.399946620138,0.153242646169,0.999538311878,0.0217401090518,-0.0212257095534,1.83682641381,0.709243089714,0.347928182328,1.838599620015563,0.704122660546032,0.3495549034603658
51.3,25.24927786111687,10.389470986401848,3.6414562108632675,1.8471620983783035,0.6879209891878096,0.33332578556066267,1.9990867960921002,0.04237169093590614,-0.04308853092707801,DEPTH_PROPOSAL_CERTIFIED,2.5254566360448347,0,32,0,0,187,FULL_MOTION_CERTIFICATE,0,0,0,192,0,0,0,0,0,,51.366666666,1.99908180729,0.0429270351603,-0.0427691175189,0.903636759122,0.399946620138,0.153242646169,0.999540903645,0.0214635175802,-0.0213845587595,1.8348542282,0.715199858894,0.345399372468,1.8370233183102316,0.7087329276728173,0.3479281823279259
51.31666666666667,25.280048607625332,10.400970133039182,3.647026885050527,1.8462447905070378,0.6899487982397682,0.3342404512354295,1.9990915961974642,0.0418139753306023,-0.04340946302048457,DEPTH_PROPOSAL_CERTIFIED,2.5083258956679786,0,32,0,0,188,FULL_MOTION_CERTIFICATE,0,0,0,192,0,0,0,0,0,,51.383333333,1.99908679609,0.0423716909359,-0.0430885309271,0.903636759122,0.399946620138,0.153242646169,0.999543398046,0.021185845468,-0.0215442654635,1.83276478044,0.721616024278,0.342451336035,1.8350536344776025,0.7146880686736531,0.3453993724675803
51.333333333333336,25.31080258916286,10.412508615011411,3.652607926516571,1.8452388922517844,0.6923089183337399,0.3348624879626773,1.9990962160115575,0.04125360508164687,-0.04373167268743095,DEPTH_PROPOSAL_CERTIFIED,2.4845891579451074,0,32,0,0,188,FULL_MOTION_CERTIFICATE,0,0,0,192,0,0,0,0,0,,51.4,1.9990915962,0.0418139753306,-0.0434094630205,0.903636759122,0.399946620138,0.153242646169,0.999545798099,0.0209069876653,-0.0217047315102,1.83083362417,0.727546116518,0.3397266357,1.8329669335376908,0.7211023834801962,0.34245133603510125
51.35,25.34153864092598,10.424090937134125,3.6581951095832945,1.8441631057871202,0.6949393273628282,0.3352309840034183,1.9991006641801632,0.04069028711166482,-0.044054909024996224,DEPTH_PROPOSAL_CERTIFIED,2.4607222027515845,0,32,0,0,188,FULL_MOTION_CERTIFICATE,0,0,0,193,0,0,0,0,0,,51.416666666,1.99909621601,0.0412536050816,-0.0437316726874,0.903636759122,0.399946620138,0.153242646169,0.999548108006,0.0206268025408,-0.0218658363437,1.82904876773,0.733026959008,0.337208352213,1.8310385109182172,0.7270303175177076,0.3397266357004586
51.36666666666667,25.372255871048523,10.435720695391653,3.66378478932705,1.8430338073527295,0.6977854954517742,0.3353807846253608,1.9991049473692823,0.04012378123061924,-0.04437895428482676,DEPTH_PROPOSAL_CERTIFIED,2.436721802426507,0,32,0,0,188,FULL_MOTION_CERTIFICATE,0,0,0,193,0,0,0,0,0,,51.433333333,1.99910066418,0.0406902871117,-0.044054909025,0.903636759122,0.399946620138,0.153242646169,0.99955033209,0.0203451435558,-0.0220274545125,1.82739912759,0.738092586478,0.33488084763,1.8292563664531616,0.7325087461369174,0.3372083522130596
51.38333333333333,25.402951435328678,10.44740725789013,3.669371121702789,1.8417338568094785,0.7011937499087119,0.3351799425443577,1.999109070514439,0.03955389383207259,-0.04470362031889598,DEPTH_PROPOSAL_CERTIFIED,2.4125804801245634,0,32,0,0,188,FULL_MOTION_CERTIFICATE,0,0,0,193,0,0,0,0,0,,51.45,1.99910494737,0.0401237812306,-0.0443789542848,0.903636759122,0.399946620138,0.153242646169,0.999552473685,0.0200618906153,-0.0221894771424,1.82587446018,0.742774454283,0.332729669156,1.8258744601818169,0.742774454283355,0.3327296691561195
51.4,25.433627244126907,10.459145659733682,3.6749543602989974,1.8405485278939293,0.7043041106131552,0.3349943157725215,1.999113046937721,0.03898012997707784,-0.04502860235841266,DEPTH_PROPOSAL_CERTIFIED,2.3883011258369886,0,32,0,0,188,FULL_MOTION_CERTIFICATE,0,0,0,193,0,0,0,0,0,,51.466666666,1.99910907051,0.0395538938321,-0.0447036203189,0.903636759122,0.399946620138,0.153242646169,0.999554535257,0.019776946916,-0.0223518101594,1.82446529797,0.747101634867,0.330741458871,1.8260875151242284,0.742250511207367,0.3327296691561195
51.416666666666664,25.46428301810267,10.470937433643305,3.68053222912639,1.8393464385459553,0.7075064345774423,0.33467212964358606,1.999116867980053,0.03840274058744831,-0.04535391574049585,DEPTH_PROPOSAL_CERTIFIED,2.3638819306569436,0,32,0,0,188,FULL_MOTION_CERTIFICATE,0,0,0,193,0,0,0,0,0,,51.483333333,1.99911304694,0.0389801299771,-0.0450286023584,0.903636759122,0.399946620138,0.153242646169,0.999556523469,0.0194900649885,-0.0225143011792,1.82316289039,0.751100998993,0.32890387046,1.8246809485006696,0.746574786941748,0.3307414588705736
51.43333333333333,25.494918633809824,10.482783582181586,3.6861028147982484,1.8381369424294172,0.7107689122968593,0.33423514031150203,1.9991205346927607,0.03782163825222566,-0.04567944230886577,DEPTH_PROPOSAL_CERTIFIED,2.3393214637944277,0,32,0,0,188,FULL_MOTION_CERTIFICATE,0,0,0,193,0,0,0,0,0,,51.5,1.99911686798,0.0384027405874,-0.0453539157405,0.903636759122,0.399946620138,0.153242646169,0.99955843399,0.0192013702937,-0.0226769578702,1.82195915005,0.754797380983,0.327205493296,1.8233810898076521,0.7505711404737492,0.3289038704600768
51.45,25.525534101669578,10.494684649306686,3.6916645246531696,1.836928071584532,0.7140640275057101,0.3337025912951444,1.9991240471433915,0.037236762967232696,-0.046005082509968404,DEPTH_PROPOSAL_CERTIFIED,2.314618628718757,0,32,0,0,188,FULL_MOTION_CERTIFICATE,0,0,0,193,0,0,0,0,0,,51.516666666,1.99912053469,0.0378216382522,-0.0456794423089,0.903636759122,0.399946620138,0.153242646169,0.999560267346,0.0189108191261,-0.0228397211544,1.82084660223,0.758213733823,0.325635781165,1.8221798472769395,0.7542644330536722,0.3272054932955836
51.46666666666667,25.556129546386597,10.506640784125684,3.697216049141762,1.8357266830211665,0.7173680891399744,0.333091469315554,1.9991274045551464,0.03664807849835838,-0.04633075327450205,DEPTH_PROPOSAL_CERTIFIED,2.2897726235346005,0,32,0,0,188,FULL_MOTION_CERTIFICATE,0,0,0,193,0,0,0,0,0,,51.533333333,1.99912404714,0.0372367629672,-0.04600508251,0.903636759122,0.399946620138,0.153242646169,0.999562023572,0.0186183814836,-0.023002541255,1.81981833827,0.761371272253,0.324184986527,1.8210697425481077,0.7576776410780015,0.3256357811645505
51.483333333333334,25.586705189564473,10.51865179761946,3.702756328071278,1.8345385906727383,0.7206608096266239,0.33241673577099673,1.9991306054305753,0.036055569136416256,-0.0466563861119819,DEPTH_PROPOSAL_CERTIFIED,2.264782905219422,0,32,0,0,188,FULL_MOTION_CERTIFICATE,0,0,0,193,0,0,0,0,0,,51.55,1.99912740456,0.0366480784984,-0.0463307532745,0.903636759122,0.399946620138,0.153242646169,0.999563702278,0.0183240392492,-0.0231653766373,1.8188679731,0.764289603223,0.322844100577,1.8200438640219123,0.76083199956375,0.32418498652739736
51.5,25.61726133429999,10.530717213036628,3.708284520340196,1.83336868413107,0.7239249250300498,0.3316915361350936,1.9991336476611712,0.0354592368052311,-0.046981925398288354,DEPTH_PROPOSAL_CERTIFIED,2.2398380659253028,0,32,0,0,188,FULL_MOTION_CERTIFICATE,0,0,0,193,0,0,0,0,0,,51.566666666,1.99913060543,0.0360555691364,-0.046656386112,0.903636759122,0.399946620138,0.153242646169,0.999565302715,0.0180277845682,-0.023328193056,1.81798960534,0.766986848346,0.321604796972,1.8190958243227142,0.7637471329518475,0.3228441005770752
51.516666666666666,25.647798351556002,10.54283631059123,3.713799976827343,1.8322210353608102,0.7271458532762092,0.33092738922880677,1.9991365286243021,0.03485909848829052,-0.04730732683800727,DEPTH_PROPOSAL_CERTIFIED,2.2152159283771224,0,32,0,0,188,FULL_MOTION_CERTIFICATE,0,0,0,193,0,0,0,0,0,,51.583333333,1.99913364766,0.0354592368052,-0.0469819253983,0.903636759122,0.399946620138,0.153242646169,0.999566823831,0.0177296184026,-0.0234909626991,1.81717778055,0.769479756875,0.320459379931,1.8182197203636412,0.7664411778793565,0.3216047969721067
51.53333333333333,25.67831666813164,10.555008167038698,3.719302216131033,1.8310989945382665,0.7303113868481611,0.33013435822142734,1.9991392452687946,0.03425518394238011,-0.04763255608496137,DEPTH_PROPOSAL_CERTIFIED,2.1908477030187647,0,32,0,0,188,FULL_MOTION_CERTIFICATE,0,0,0,193,0,0,0,0,0,,51.6,1.99913652862,0.0348590984883,-0.047307326838,0.903636759122,0.399946620138,0.153242646169,0.999568264312,0.0174295492441,-0.023653663419,1.81642745763,0.771783808694,0.319400736911,1.8174100965032325,0.768930896425977,0.3204593799313977
51.55,25.70881675606638,10.567231690648429,3.724790902882563,1.8300052760846204,0.7334114165838831,0.3293212050918238,1.9991417941903404,0.033647533669589086,-0.04795758750584477,DEPTH_PROPOSAL_CERTIFIED,2.166718619742575,0,32,0,0,188,FULL_MOTION_CERTIFICATE,0,0,0,193,0,0,0,0,0,,51.616666666,1.99913924527,0.0342551839424,-0.047632556085,0.903636759122,0.399946620138,0.153242646169,0.999569622634,0.0171275919712,-0.0238162780425,1.8157339774,0.773913311001,0.318422294179,1.816661910950136,0.7712317793596932,0.3194007369106598
51.56666666666667,25.739299123329594,10.5795056520441,3.730265828382943,1.8289420357922883,0.7364376837399791,0.32849553002267595,1.999144171697778,0.03303619712184421,-0.048282403073289765,DEPTH_PROPOSAL_CERTIFIED,2.1428139474436207,0,32,0,0,188,FULL_MOTION_CERTIFICATE,0,0,0,193,0,0,0,0,0,,51.633333333,1.99914179419,0.0336475336696,-0.0479575875058,0.903636759122,0.399946620138,0.153242646169,0.999570897095,0.0168237668348,-0.0239787937529,1.81509303351,0.775881487501,0.31751797584,1.8159705042258423,0.7733581430443349,0.3184222941790762
51.583333333333336,25.76976430566133,10.591828711337605,3.7357268933351095,1.827910939904289,0.7393835576103426,0.3276638971300211,1.9991463738712099,0.03242123111445644,-0.04860699137589607,DEPTH_PROPOSAL_CERTIFIED,2.119118981956841,0,32,0,0,188,FULL_MOTION_CERTIFICATE,0,0,0,193,0,0,0,0,0,,51.65,1.9991441717,0.0330361971218,-0.0482824030733,0.903636759122,0.399946620138,0.153242646169,0.999572085849,0.0165180985609,-0.0241412015366,1.81450064598,0.777700559717,0.316682166467,1.8153315700706951,0.7753232188287793,0.31751797583963093
51.6,25.80021285944384,10.604199441940368,3.7411740924657315,1.826913226950651,0.7422438361657995,0.32683194783734265,1.9991483966128034,0.031802698427397164,-0.048931346733898914,DEPTH_PROPOSAL_CERTIFIED,2.095619035569963,0,32,0,0,188,FULL_MOTION_CERTIFICATE,0,0,0,194,0,0,0,0,0,,51.666666666,1.99914637387,0.0324212311145,-0.0486069913759,0.90014778775,0.408146434214,0.152152714229,0.999573186936,0.0162106155572,-0.0243034956879,1.81342450432,0.780624219351,0.315744534837,1.8147411289162647,0.7771392345423764,0.3166821664666653
51.61666666666667,25.83064468851744,10.61661792028964,3.7466072923375147,1.8259097444162333,0.7451087009562928,0.3259919923069987,1.99915023569106,0.03118066657510791,-0.04925546841023033,DEPTH_PROPOSAL_CERTIFIED,2.0722983506229293,0,32,0,0,188,FULL_MOTION_CERTIFICATE,0,0,0,194,0,0,0,0,0,,51.683333333,1.99914839661,0.0318026984274,-0.0489313467339,0.90014778775,0.408146434214,0.152152714229,0.999574198306,0.0159013492137,-0.0244656733669,1.81242988848,0.78332638979,0.314877935851,1.8136672574963368,0.7800600514003125,0.3157445348368017
51.63333333333333,25.861059806875094,10.629083937333164,3.7520264593097323,1.8249071014591645,0.7479610226114316,0.3251500183330847,1.9991518883343296,0.030555124045349605,-0.04957934815886952,DEPTH_PROPOSAL_CERTIFIED,2.049141347549992,0,32,0,0,188,FULL_MOTION_CERTIFICATE,0,0,0,194,0,0,0,0,0,,51.7,1.99915023569,0.0311806665751,-0.0492554684102,0.90014778775,0.408146434214,0.152152714229,0.999575117846,0.0155903332876,-0.0246277342051,1.81151062233,0.785823850343,0.314076988305,1.8126748573829226,0.7827593468041277,0.31487793585133295
51.65,25.891458322517135,10.641597041362296,3.75743164518343,1.8239109385226657,0.7507862417479764,0.32431115242190184,1.9991533513851532,0.02992607435499126,-0.04990298306924324,DEPTH_PROPOSAL_CERTIFIED,2.0261325934450483,0,32,0,0,188,FULL_MOTION_CERTIFICATE,0,0,0,194,0,0,0,0,0,,51.716666666,1.99915188833,0.0305551240453,-0.0495793481589,0.90014778775,0.408146434214,0.152152714229,0.999575944167,0.0152775620227,-0.0247896740794,1.8106609976,0.788132109196,0.31333671865,1.8117577506973808,0.7852539152138244,0.3140769883054703
51.666666666666664,25.92184042312057,10.654156575992547,3.76282297444883,1.8229260362062092,0.7535720778151358,0.3234797559240018,1.9991546213706108,0.029293533843285154,-0.05022637481942469,DEPTH_PROPOSAL_CERTIFIED,2.0032567746541745,0,32,0,0,188,FULL_MOTION_CERTIFICATE,0,0,0,194,0,0,0,0,0,,51.733333333,1.99915335139,0.029926074355,-0.0499029830692,0.90014778775,0.408146434214,0.152152714229,0.999576675693,0.0149630371775,-0.0249514915346,1.80987573834,0.79026550009,0.312652529985,1.8109102279454397,0.787559277834483,0.3133367186496209
51.68333333333333,25.952206363340387,10.666761713781531,3.7682006329744078,1.821956413189122,0.7563082673391479,0.32265951153468436,1.9991556945639726,0.028657529711792445,-0.05054952901124809,DEPTH_PROPOSAL_CERTIFIED,1.9804986729226175,0,32,0,0,188,FULL_MOTION_CERTIFICATE,0,0,0,194,0,0,0,0,0,,51.75,1.99915462137,0.0292935338433,-0.0502263748194,0.90014778775,0.408146434214,0.152152714229,0.999577310685,0.0146467669216,-0.0251131874097,1.80914996841,0.792237270458,0.312020173796,1.8101270123806568,0.7896897795320971,0.31265252998501103
51.7,25.9825564535783,10.679411485926394,3.773564857992742,1.8210054142740895,0.7589863286915419,0.3218535010999375,1.9991565670385847,0.028018098286333188,-0.05087245457925155,DEPTH_PROPOSAL_CERTIFIED,1.957843144679296,0,32,0,0,188,FULL_MOTION_CERTIFICATE,0,0,0,194,0,0,0,0,0,,51.766666666,1.99915569456,0.0286575297118,-0.0505495290112,0.90014778775,0.408146434214,0.152152714229,0.999577847282,0.0143287648559,-0.0252747645056,1.80847918109,0.794059664171,0.311435723415,1.809403227510699,0.7916586771907351,0.3120201737960295
51.71666666666667,26.012891050069133,10.692104808442407,3.778915929251371,1.8200757894499158,0.7615993509607903,0.3210642755177427,1.9991572347148219,0.027375283478724158,-0.05119516326613946,DEPTH_PROPOSAL_CERTIFIED,1.9361215211963905,0,32,0,0,188,FULL_MOTION_CERTIFICATE,0,0,0,194,0,0,0,0,0,,51.783333333,1.99915656704,0.0280180982863,-0.0508724545793,0.90014778775,0.408146434214,0.152152714229,0.999578283519,0.0140090491432,-0.0254362272896,1.80785921096,0.79574399786,0.310895549544,1.8087343665949949,0.7934782226456233,0.3114357234149656
51.733333333333334,26.04321054614968,10.704840505185972,3.7842541612095273,1.819169764832965,0.7641418046139166,0.3202939174894092,1.9991576934008444,0.026729135428072745,-0.0515176691581073,DEPTH_PROPOSAL_CERTIFIED,1.9159999848255822,0,32,0,0,188,FULL_MOTION_CERTIFICATE,0,0,0,194,0,0,0,0,0,,51.8,1.99915723471,0.0273752834787,-0.0511951632661,0.90014778775,0.408146434214,0.152152714229,0.999578617357,0.0136876417394,-0.0255975816331,1.80728620826,0.79730073051,0.310396297936,1.8081162645061657,0.795159739182059,0.3108955495437402
51.75,26.073515364587855,10.717617328049062,3.7895798961732985,1.818289106290629,0.7666093717855034,0.3195440978262953,1.9991579388278473,0.02607970930331236,-0.05183998827400219,DEPTH_PROPOSAL_CERTIFIED,1.8964771449935638,0,32,0,0,188,FULL_MOTION_CERTIFICATE,0,0,0,194,0,0,0,0,0,,51.816666666,1.9991576934,0.0267291354281,-0.0515176691581,0.90014778775,0.408146434214,0.152152714229,0.9995788467,0.013364567714,-0.0257588345791,1.80675661489,0.79873952878,0.309934868449,1.8075450720741293,0.7967136912788636,0.3103962979363049
51.766666666666666,26.103805950861528,10.730433974622109,3.794893498271694,1.8174351764203918,0.7689987943828873,0.3188161259037566,1.999157966680399,0.02542706425047541,-0.05216213820287575,DEPTH_PROPOSAL_CERTIFIED,1.877543232794491,0,32,0,0,188,FULL_MOTION_CERTIFICATE,0,0,0,194,0,0,0,0,0,,51.833333333,1.99915793883,0.0260797093033,-0.051839988274,0.90014778775,0.408146434214,0.152152714229,0.999578969414,0.0130398546517,-0.025919994137,1.8062671422,0.800069327265,0.309508395714,1.8070172320034956,0.7981497500709727,0.30993486844878415
51.78333333333333,26.134082767287016,10.743289103593327,3.800195348185506,1.816608985529304,0.7713077382730856,0.3181109948287474,1.9991577726224172,0.02477126246969294,-0.05248413778498112,DEPTH_PROPOSAL_CERTIFIED,1.8591883866062973,0,32,0,0,188,FULL_MOTION_CERTIFICATE,0,0,0,194,0,0,0,0,0,,51.85,1.99915796668,0.0254270642505,-0.0521621382029,0.90014778775,0.408146434214,0.152152714229,0.99957898334,0.0127135321252,-0.0260810691014,1.80581475078,0.801298383438,0.30911423152,1.8065294566580332,0.7994768537335067,0.3095083957136344
51.8,26.164346287907296,10.756181348125478,3.8054858385496857,1.8158112372169208,0.7735346719291784,0.3174294218507872,1.999157352319278,0.02411236840836223,-0.052806006831736085,DEPTH_PROPOSAL_CERTIFIED,1.841402641266694,0,32,0,0,188,FULL_MOTION_CERTIFICATE,0,0,0,194,0,0,0,0,0,,51.866666666,1.99915777262,0.0247712624697,-0.052484137785,0.90014778775,0.408146434214,0.152152714229,0.999578886311,0.0123856312348,-0.0262420688925,1.80539663145,0.802434329225,0.308749928272,1.8060787078058465,0.8007032625335113,0.3091142315196725
51.81666666666667,26.194596994058386,10.769109327428563,3.8107653699573283,1.8150423690646673,0.7756787581847686,0.3167718844584509,1.999156701456492,0.023450448058275647,-0.05312776588061821,DEPTH_PROPOSAL_CERTIFIED,1.824175919852515,0,32,0,0,188,FULL_MOTION_CERTIFICATE,0,0,0,194,0,0,0,0,0,,51.883333333,1.99915735232,0.0241123684084,-0.0528060068317,0.90014778775,0.408146434214,0.152152714229,0.99957867616,0.0120561842042,-0.0264030034159,1.80501018781,0.80348421858,0.308413223734,1.805662177607177,0.8018366105029588,0.30874992827195097
51.833333333333336,26.224835370540287,10.782071656725225,3.8160343475004175,1.8143025889140565,0.7777397577997964,0.31613865258537216,1.9991558157553515,0.022785568345628778,-0.05344943598132592,DEPTH_PROPOSAL_CERTIFIED,1.8074980276906376,0,32,0,0,188,FULL_MOTION_CERTIFICATE,0,0,0,194,0,0,0,0,0,,51.9,1.99915670146,0.0234504480583,-0.0531277658806,0.90014778775,0.408146434214,0.152152714229,0.999578350728,0.0117252240291,-0.0265638829403,1.80465302021,0.80445457086,0.308102027116,1.8052772710766027,0.802883953103138,0.30841322373381125
51.85,26.255061902326705,10.795066955785625,3.821293177789126,1.8135919071852251,0.7797179436240503,0.3155298173225211,1.9991546909859064,0.022117796603913366,-0.053771038509894016,DEPTH_PROPOSAL_CERTIFIED,1.791358648273932,0,32,0,0,188,FULL_MOTION_CERTIFICATE,0,0,0,195,0,0,0,0,0,,51.916666666,1.99915581576,0.0227855683456,-0.0534494359813,0.90014778775,0.408146434214,0.152152714229,0.999577907878,0.0113927841728,-0.0267247179907,1.80432291077,0.805351411549,0.307814406017,1.804921590093482,0.80385181067995,0.3081020271157377
51.86666666666667,26.285277071753537,10.808093856191515,3.826542266396893,1.8129101656101034,0.7816140243534706,0.31494531646602425,1.9991533229775813,0.021447200120709567,-0.054092595007787875,DEPTH_PROPOSAL_CERTIFIED,1.772984808189876,0,32,0,0,188,FULL_MOTION_CERTIFICATE,0,0,0,195,0,0,0,0,0,,51.933333333,1.99915469099,0.0221177966039,-0.0537710385099,0.90014778775,0.408146434214,0.152152714229,0.999577345493,0.011058898302,-0.0268855192549,1.80401780961,0.806180309814,0.307548574378,1.8045929183936174,0.8047462092523986,0.30781440601676213
51.88333333333333,26.315481356132537,10.821151007473395,3.831782015683842,1.8122570627400245,0.7834290769128227,0.31438495721694365,1.999151707627729,0.020773845750242572,-0.05441412704327151,DEPTH_PROPOSAL_CERTIFIED,1.752932009831408,0,32,0,0,188,FULL_MOTION_CERTIFICATE,0,0,0,195,0,0,0,0,0,,51.95,1.99915332298,0.0214472001207,-0.0540925950078,0.90014778775,0.408146434214,0.152152714229,0.999576661489,0.0107236000604,-0.0270462975039,1.80373582217,0.806946412755,0.3073028815,1.8042892077250607,0.8055727181369196,0.3075485743781602
51.9,26.345675225741946,10.834237082249386,3.837012822955997,1.8116321765647432,0.7851644865595169,0.31384843632933135,1.999149840908374,0.020097799584368838,-0.05473565609261517,DEPTH_PROPOSAL_CERTIFIED,1.732766031192317,0,32,0,0,188,FULL_MOTION_CERTIFICATE,0,0,0,195,0,0,0,0,0,,51.966666666,1.99915170763,0.0207738457502,-0.0544141270433,0.90014778775,0.408146434214,0.152152714229,0.999575853814,0.0103869228751,-0.0272070635216,1.80347519743,0.80765447755,0.307075801734,1.8040085652263096,0.8063364842491866,0.3073028815004612
51.916666666666664,26.375859142150617,10.847350780482122,3.8422350789218447,1.8110349845203833,0.7868218939641746,0.3133353579508634,1.9991477188713807,0.019419126675424152,-0.05505720343895616,DEPTH_PROPOSAL_CERTIFIED,1.7124877885017957,0,32,0,0,188,FULL_MOTION_CERTIFICATE,0,0,0,195,0,0,0,0,0,,51.983333333,1.99914984091,0.0200977995844,-0.0547356560926,0.90014778775,0.408146434214,0.152152714229,0.999574920454,0.0100488997922,-0.0273678280463,1.80323431698,0.808308901115,0.306865924966,1.8037492415791923,0.8070422643010002,0.30707580173355464
51.93333333333333,26.406033556836512,10.860490832957957,3.847449166411701,1.8104648811537496,0.7884031485501862,0.312845249391405,1.9991453376522426,0.018737890804987924,-0.055378790086831546,DEPTH_PROPOSAL_CERTIFIED,1.6930833398388718,0,32,0,0,188,FULL_MOTION_CERTIFICATE,0,0,0,195,0,0,0,0,0,,52,1.99914771887,0.0194191266754,-0.055057203439,0.90014778775,0.408146434214,0.152152714229,0.999573859436,0.00970956333771,-0.0275286017195,1.80301168504,0.808913747136,0.306671947954,1.8035096200808176,0.8076944544995299,0.3068659249660118
51.95,26.43619891006475,10.873656004081619,3.8526554593290374,1.80992119369366,0.7899102674194033,0.312377575040079,1.9991426934726877,0.018054154293222338,-0.055700436690601096,DEPTH_PROPOSAL_CERTIFIED,1.6775421126965826,0,32,0,0,188,FULL_MOTION_CERTIFICATE,0,0,0,195,0,0,0,0,0,,52.016666666,1.99914533765,0.018737890805,-0.0553787900868,0.873713639918,0.464043318157,0.145905018056,0.999572668826,0.00936894540249,-0.0276893950434,1.80207936705,0.811017467356,0.306312142612,1.8032882066805684,0.8082971176238445,0.3066719479539038
51.96666666666667,26.46635471329927,10.886847044758534,3.8578540938720938,1.8093481940713583,0.791462440615002,0.3119180725833971,1.9991397826422572,0.01736797784401219,-0.056022163495165735,DEPTH_PROPOSAL_CERTIFIED,1.6619439090781567,0,32,0,0,188,FULL_MOTION_CERTIFICATE,0,0,0,195,0,0,0,0,0,,52.033333333,1.99914269347,0.0180541542932,-0.0557004366906,0.873713639918,0.464043318157,0.145905018056,0.999571346736,0.00902707714661,-0.0278502183453,1.80043639734,0.814619841703,0.305788665618,1.8023575986792795,0.8103989536013084,0.3063121426118775
51.983333333333334,26.49649961840848,10.900066541507515,3.863044989264941,1.8086943065524872,0.7931698049388897,0.311453723570839,1.999136602809126,0.016679316126080715,-0.056343976806338014,DEPTH_PROPOSAL_CERTIFIED,1.6462862116667303,0,32,0,0,188,FULL_MOTION_CERTIFICATE,0,0,0,195,0,0,0,0,0,,52.05,1.99913978264,0.017367977844,-0.0560221634952,0.873713639918,0.464043318157,0.145905018056,0.999569891321,0.00868398892201,-0.0280110817476,1.79808143997,0.819720559485,0.305104507182,1.8007168788222607,0.8139996496903206,0.3057886656176296
52.0,26.526631481157377,10.913318776899233,3.868227867970429,1.8079117649340253,0.7951341235031173,0.31097272232928824,1.99913315269559,0.015988025500928628,-0.056665870098077664,DEPTH_PROPOSAL_CERTIFIED,1.6305648857832118,0,32,0,0,189,FULL_MOTION_CERTIFICATE,0,0,0,195,0,0,0,0,0,,52.066666666,1.99913660281,0.0166793161261,-0.0563439768063,0.873713639918,0.464043318157,0.145905018056,0.999568301405,0.00833965806304,-0.0281719884032,1.79501223955,0.826319081095,0.304264731435,1.7983647571887893,0.8190988099866965,0.3051045071823687
52.016666666666666,26.556747418726893,10.926609600287943,3.8734022769904444,1.8069562541711246,0.7974494033225767,0.3104645412009396,1.9991294318516897,0.015293871176054144,-0.05698782509264055,DEPTH_PROPOSAL_CERTIFIED,1.6147742941176983,0,32,0,0,189,FULL_MOTION_CERTIFICATE,0,0,0,195,0,0,0,0,0,,52.083333333,1.9991331527,0.0159880255009,-0.0566658700981,0.873713639918,0.464043318157,0.145905018056,0.999566576348,0.00799401275046,-0.028332935049,1.79140731828,0.834028744523,0.303321193892,1.7952990228637349,0.8256958171199837,0.3042647314350853
52.03333333333333,26.586844090959357,10.939945820737153,3.878567666632544,1.8058003339478772,0.8001732269526445,0.30992337852600127,1.9991254404227685,0.014596533835980615,-0.057309812898374106,DEPTH_PROPOSAL_CERTIFIED,1.5989078661415927,0,32,0,0,189,FULL_MOTION_CERTIFICATE,0,0,0,195,0,0,0,0,0,,52.1,1.99912943185,0.0152938711761,-0.0569878250926,0.873713639918,0.464043318157,0.145905018056,0.999564715926,0.00764693558803,-0.0284939125463,1.78807549712,0.841154342529,0.302449136467,1.7916981072242568,0.8334038752394731,0.30332119389175366
52.05,26.61691875553267,10.953332993489733,3.883723619100327,1.8044798743988435,0.8032303651548663,0.3093571480669687,1.999121178650798,0.013895641913367224,-0.05763179856345839,DEPTH_PROPOSAL_CERTIFIED,1.5829601967310274,0,32,0,0,189,FULL_MOTION_CERTIFICATE,0,0,0,195,0,0,0,0,0,,52.116666666,1.99912544042,0.014596533836,-0.0573098128984,0.873713639918,0.464043318157,0.145905018056,0.999562720211,0.00729826691799,-0.0286549064492,1.78499608685,0.847740122097,0.301643144048,1.788370267900631,0.8405274512219749,0.30244913646677063
52.06666666666667,26.646969196532293,10.966775570906226,3.888869831664047,1.803026459976779,0.8065546449892407,0.3087727538231001,1.9991166455999767,0.013190890162591196,-0.05795375485518469,DEPTH_PROPOSAL_CERTIFIED,1.5669269087103914,0,32,0,0,190,FULL_MOTION_CERTIFICATE,0,0,0,195,0,0,0,0,0,,52.133333333,1.99912117865,0.0138956419134,-0.0576317985635,0.873713639918,0.464043318157,0.145905018056,0.999560589325,0.00694782095668,-0.0288158992817,1.78214996505,0.853826979357,0.300898211614,1.7852948040275969,0.8471108589685913,0.3016431440479066
52.083333333333336,26.676993660414066,10.980277037727312,3.8940061016239653,1.8014678329064466,0.8100880092652629,0.30817619759511045,1.9991118393380862,0.012482031776145595,-0.058275661309271407,DEPTH_PROPOSAL_CERTIFIED,1.550804529432202,0,32,0,0,190,FULL_MOTION_CERTIFICATE,0,0,0,195,0,0,0,0,0,,52.15,1.9991166456,0.0131908901626,-0.0579537548552,0.873713639918,0.464043318157,0.145905018056,0.9995583228,0.0065954450813,-0.0289768774276,1.77951945854,0.859452711057,0.300209713456,1.7824525826483921,0.8531950534327375,0.30089821161363633
52.1,26.706990798649713,10.993840032166762,3.8991323128917883,1.7998282941388537,0.8137796663670798,0.3075726760694065,1.9991067570957584,0.011768871311487676,-0.05859750337798544,DEPTH_PROPOSAL_CERTIFIED,1.5345903800622662,0,32,0,0,190,FULL_MOTION_CERTIFICATE,0,0,0,196,0,0,0,0,0,,52.166666666,1.99911183934,0.0124820317761,-0.0582756613093,0.873713639918,0.464043318157,0.145905018056,0.999555919669,0.00624101588807,-0.0291378306546,1.77708823298,0.864652250641,0.299573374289,1.7798259211742187,0.8588178830092484,0.30020971345581826
52.11666666666667,26.736959616409187,11.007466454207275,3.9042484240311004,1.798129065568597,0.8175853224308524,0.30696666835873737,1.9991013954061994,0.011051258351053073,-0.058919271667636296,DEPTH_PROPOSAL_CERTIFIED,1.5182824763559455,0,32,0,0,190,FULL_MOTION_CERTIFICATE,0,0,0,196,0,0,0,0,0,,52.183333333,1.9991067571,0.0117688713115,-0.058597503378,0.873713639918,0.464043318157,0.145905018056,0.999553378548,0.00588443565574,-0.029298751689,1.77484119103,0.869457886016,0.298985242597,1.777398477011465,0.864014326408881,0.29957337428857356
52.13333333333333,26.7668994266941,11.021157562344646,3.9093544576126322,1.7963886170949028,0.8214664882423058,0.30636201489192266,1.9990957502275921,0.010329081825002551,-0.05924096125683253,DEPTH_PROPOSAL_CERTIFIED,1.5018794398243773,0,32,0,0,190,FULL_MOTION_CERTIFICATE,0,0,0,196,0,0,0,0,0,,52.2,1.99910139541,0.0110512583511,-0.0589192716676,0.873713639918,0.464043318157,0.145905018056,0.999550697703,0.00552562917553,-0.0294596358338,1.77276437953,0.873899458097,0.298441666337,1.7751551457158314,0.8688167111420405,0.2989852425967827
52.15,26.796809809391913,11.034914059906837,3.9144504907540694,1.7946229618689233,0.8253898537315185,0.30576198848625274,1.9990898170501457,0.009602264932767,-0.05956257108768884,DEPTH_PROPOSAL_CERTIFIED,1.4853804182929489,0,32,0,0,190,FULL_MOTION_CERTIFICATE,0,0,0,196,0,0,0,0,0,,52.216666666,1.99909575023,0.010329081825,-0.0592409612568,0.873713639918,0.464043318157,0.145905018056,0.999547875114,0.0051645409125,-0.0296204806284,1.77084490236,0.878004547192,0.297939270128,1.7730819681119718,0.8732549126999164,0.29844166633707925
52.166666666666664,26.826690574768033,11.048736171973784,3.9195366467258625,1.7928459225673896,0.8293267240168468,0.3051693583075986,1.9990835909895095,0.00887076060554158,-0.05988410342291272,DEPTH_PROPOSAL_CERTIFIED,1.4707451885956018,0,32,0,0,190,FULL_MOTION_CERTIFICATE,0,0,0,196,0,0,0,0,0,,52.233333333,1.99908981705,0.00960226493277,-0.0595625710877,0.873713639918,0.464043318157,0.145905018056,0.999544908525,0.00480113246638,-0.0297812855438,1.76907084001,0.881798644928,0.297474934208,1.7711660430886773,0.8773565414978544,0.2979392701280177
52.18333333333333,26.856541730958007,11.062623713827715,3.9246130875157124,1.7910693713986219,0.8332525112359117,0.3045864473909959,1.9990770668680822,0.008134547457015839,-0.060205563362323654,DEPTH_PROPOSAL_CERTIFIED,1.4564414221955961,0,32,0,0,190,FULL_MOTION_CERTIFICATE,0,0,0,196,0,0,0,0,0,,52.25,1.99908359099,0.00887076060554,-0.0598841034229,0.873713639918,0.464043318157,0.145905018056,0.999541795495,0.00443538030277,-0.0299420517115,1.76743117633,0.885305311013,0.297045775253,1.7693954471396536,0.8811471153085059,0.29747493420844184
52.2,26.88636345506415,11.07657615177411,3.929680007254885,1.7893034463679443,0.8371462767834537,0.3040151843502516,1.9990702392855701,0.007393626174531043,-0.06052695841295729,DEPTH_PROPOSAL_CERTIFIED,1.442227165021387,0,32,0,0,190,FULL_MOTION_CERTIFICATE,0,0,0,196,0,0,0,0,0,,52.266666666,1.99907706687,0.00813454745702,-0.0602055633623,0.873713639918,0.464043318157,0.145905018056,0.999538533434,0.00406727372851,-0.0301027816812,1.76591572969,0.888546320376,0.296649128364,1.7677591609936856,0.8846502164634467,0.29704577525317377
52.21666666666667,26.9161560674965,11.090592657097542,3.934737626418316,1.7875567459411839,0.8409903194059067,0.30345714980587046,1.999063102680003,0.0066480163074404235,-0.060848298107469175,DEPTH_PROPOSAL_CERTIFIED,1.428083236207339,0,32,0,0,190,FULL_MOTION_CERTIFICATE,0,0,0,196,0,0,0,0,0,,52.283333333,1.99907023929,0.00739362617453,-0.060526958413,0.873713639918,0.464043318157,0.145905018056,0.999535119643,0.00369681308727,-0.0302634792065,1.76451508952,0.891541798916,0.296282530459,1.7662470007347062,0.8878876393998377,0.29664912836442053
52.233333333333334,26.945920009232278,11.104672153844396,3.9397861867189357,1.785836504146766,0.8447698048112917,0.3029136180371828,1.9990556513802737,0.005897753413312143,-0.06116959366602088,DEPTH_PROPOSAL_CERTIFIED,1.4139906241133138,0,32,0,0,190,FULL_MOTION_CERTIFICATE,0,0,0,196,0,0,0,0,0,,52.3,1.99906310268,0.00664801630744,-0.0608482981075,0.873713639918,0.464043318157,0.145905018056,0.99953155134,0.00332400815372,-0.0304241490537,1.76322055846,0.894310347259,0.295943705123,1.7648495542548683,0.8908795267569916,0.29628253045919317
52.25,26.975655821699323,11.118813361056706,3.9448259466244617,1.7841487480228182,0.848472432738656,0.3023855943315704,1.9990478796511675,0.005142886526302974,-0.06149085769728675,DEPTH_PROPOSAL_CERTIFIED,1.399930445692749,0,32,0,0,191,FULL_MOTION_CERTIFICATE,0,0,0,196,0,0,0,0,0,,52.316666666,1.99905565138,0.00589775341331,-0.061169593666,0.873713639918,0.464043318157,0.145905018056,0.99952782569,0.00294887670666,-0.030584796833,1.762024098,0.896869156933,0.295630548392,1.7635581233106519,0.8936444934525027,0.2959437051230991
52.266666666666666,27.00536412901625,11.133014830024573,3.9498571774315794,1.782498439015677,0.8520881380720922,0.301873848427086,1.9990397817317374,0.0043834759154992246,-0.0618121039346397,DEPTH_PROPOSAL_CERTIFIED,1.3858839116718507,0,32,0,0,191,FULL_MOTION_CERTIFICATE,0,0,0,196,0,0,0,0,0,,52.333333333,1.99904787965,0.0051428865263,-0.0614908576973,0.873713639918,0.464043318157,0.145905018056,0.999523939826,0.00257144326315,-0.0307454288486,1.76091827842,0.89923411754,0.295341115638,1.7623646691285526,0.8961997431400154,0.2956305483923755
52.28333333333333,27.03504562234733,11.147274977070166,3.954880159838711,1.780889599864871,0.8556088227356247,0.30137894442791957,1.9990313518677811,0.0036195911039118202,-0.06213334700393141,DEPTH_PROPOSAL_CERTIFIED,1.371832296813638,0,32,0,0,191,FULL_MOTION_CERTIFICATE,0,0,0,196,0,0,0,0,0,,52.35,1.99903978173,0.0043834759155,-0.0618121039346,0.873713639918,0.464043318157,0.145905018056,0.999519890866,0.00219173795775,-0.0309060519673,1.75989623305,0.901419914461,0.295073609608,1.7612617622250368,0.8985611756307239,0.2953411156380888
52.3,27.064701046154152,11.161592112325472,3.959895180964504,1.7793254284094384,0.8590281153183663,0.30090126754762647,1.999022584339127,0.0028513091216001416,-0.06245460221962178,DEPTH_PROPOSAL_CERTIFIED,1.3577569146291146,0,32,0,0,191,FULL_MOTION_CERTIFICATE,0,0,0,196,0,0,0,0,0,,52.366666666,1.99903135187,0.00361959110391,-0.0621333470039,0.8897808514,0.424132638708,0.168527568259,0.999515675934,0.00180979555196,-0.031066673502,1.75942969386,0.90223175683,0.295568625427,1.7602425366531604,0.9007434848278163,0.29507360960805024
52.31666666666667,27.09433178919083,11.175962938978387,3.9649034689563094,1.7778445821998439,0.8622495991745435,0.30049727950819083,1.9990134734823186,0.0020787129690033467,-0.06277588540633242,DEPTH_PROPOSAL_CERTIFIED,1.3436406065234552,0,32,0,0,192,FULL_MOTION_CERTIFICATE,0,0,0,196,0,0,0,0,0,,52.383333333,1.99902258434,0.0028513091216,-0.0624546022196,0.8897808514,0.424132638708,0.168527568259,0.99951129217,0.0014256545608,-0.0312273011098,1.75952432795,0.901662929425,0.296809706525,1.7597782584427988,0.9015517022198886,0.29556862542707807
52.333333333333336,27.12393984278499,11.190382666621701,3.9699071009216182,1.7764832156496901,0.8651836585988786,0.30021791791854485,1.9990040120222552,0.0013019729420683933,-0.06309726448416605,DEPTH_PROPOSAL_CERTIFIED,1.3294676135180028,0,32,0,0,192,FULL_MOTION_CERTIFICATE,0,0,0,196,0,0,0,0,0,,52.4,1.99901347348,0.002078712969,-0.0627758854063,0.8897808514,0.424132638708,0.168527568259,0.999506736741,0.0010393564845,-0.0313879427032,1.76018799513,0.899704270801,0.29877352445,1.7598745437378127,0.9009791835757687,0.29680970652486355
52.35,27.153527765050917,11.204845112919092,3.9749089091578003,1.7752753359558464,0.8677467778434771,0.30010849417092766,1.9989941913569191,0.0005213407689866491,-0.06341885464984959,DEPTH_PROPOSAL_CERTIFIED,1.3151548396859876,0,32,0,0,192,FULL_MOTION_CERTIFICATE,0,0,0,197,0,0,0,0,0,,52.416666666,1.99900401202,0.00130197294207,-0.0630972644842,0.8897808514,0.424132638708,0.168527568259,0.999502006011,0.000650986471034,-0.0315486322421,1.76143485559,0.896339751281,0.301416472357,1.760539203690953,0.8990168326275808,0.2987735244499977
52.36666666666667,27.18309865576978,11.219342788888651,3.9799123688815907,1.7742534431318118,0.8698605581736276,0.30020758342743736,1.9989840018388396,-0.0002628556446492481,-0.06374081345015935,DEPTH_PROPOSAL_CERTIFIED,1.3006571645805538,0,32,0,0,192,FULL_MOTION_CERTIFICATE,0,0,0,197,0,0,0,0,0,,52.433333333,1.99899419136,0.000521340768987,-0.0634188546498,0.8897808514,0.424132638708,0.168527568259,0.999497095678,0.000260670384493,-0.0317094273249,1.76280810162,0.892697745612,0.304116371211,1.7617863506785898,0.8956486782014658,0.3014164723568558
52.38333333333333,27.21265553909024,11.233868422910653,3.9849207639434914,1.773412999227592,0.8715380413201708,0.30050370371406937,1.9989734330835054,-0.0010502166042883996,-0.06406333484473312,DEPTH_PROPOSAL_CERTIFIED,1.2861315314243447,0,32,0,0,192,FULL_MOTION_CERTIFICATE,0,0,0,197,0,0,0,0,0,,52.45,1.99898400184,-0.000262855644649,-0.0637408134502,0.8897808514,0.424132638708,0.168527568259,0.999492000919,-0.000131427822325,-0.0318704067251,1.76407731385,0.88933164947,0.306611732269,1.7631595835961107,0.8920033357079984,0.30411637121098023
52.4,27.242201078608005,11.248415643095848,3.9899368711626586,1.772732371066148,0.8728332111117045,0.30096643315005156,1.9989624754990052,-0.0018403531838148334,-0.06438660300907399,DEPTH_PROPOSAL_CERTIFIED,1.2715843121062338,0,32,0,0,192,FULL_MOTION_CERTIFICATE,0,0,0,197,0,0,0,0,0,,52.466666666,1.99897343308,-0.00105021660429,-0.0640633348447,0.8897808514,0.424132638708,0.168527568259,0.999486716542,-0.000525108302144,-0.0320316674224,1.76525037357,0.886220560802,0.308918050681,1.764428707496531,0.8886342825684175,0.30661173226903476
52.416666666666664,27.271737614651837,11.262978882676702,3.99496301830295,1.7721921626299313,0.8737943748512378,0.3015688284175121,1.9989511208017883,-0.0026329243553934074,-0.06471077464079814,DEPTH_PROPOSAL_CERTIFIED,1.2570210733934155,0,32,0,0,192,FULL_MOTION_CERTIFICATE,0,0,0,197,0,0,0,0,0,,52.483333333,1.9989624755,-0.00184035318381,-0.0643866030091,0.8897808514,0.424132638708,0.168527568259,0.99948123775,-0.000920176591907,-0.0321933015045,1.7663345652,0.883345160488,0.311049648135,1.7656016197080882,0.8855205724735445,0.30891805068053124
52.43333333333333,27.301268019961416,11.2775508258165,4.000003623691365,1.7718243185747793,0.8743165883879374,0.3024363233048863,1.99893936185607,-0.003427632002498362,-0.06503598205073266,DEPTH_PROPOSAL_CERTIFIED,1.2424491311221717,0,32,0,0,192,FULL_MOTION_CERTIFICATE,0,0,0,197,0,0,0,0,0,,52.5,1.9989511208,-0.00263292435539,-0.0647107746408,0.8897808514,0.424132638708,0.168527568259,0.999475560401,-0.0013164621777,-0.0323553873204,1.7673366211,0.880687593536,0.313019760931,1.7673366211019232,0.8806875935356725,0.31301976093085226
52.45,27.330793201874776,11.292129923936125,4.005057592006077,1.7715109148009758,0.8747458871771877,0.3032380988826113,1.9989271883400985,-0.004224082027878997,-0.06536247276358313,DEPTH_PROPOSAL_CERTIFIED,1.2278700338715307,0,32,0,0,192,FULL_MOTION_CERTIFICATE,0,0,0,197,0,0,0,0,0,,52.516666666,1.99893936186,-0.0034276320025,-0.0650359820507,0.8897808514,0.424132638708,0.168527568259,0.999469680928,-0.00171381600125,-0.0325179910254,1.76826276362,0.878231357564,0.314840622645,1.7676873887605744,0.8799833324060394,0.31301976093085226
52.46666666666667,27.360314725165896,11.306712531351383,4.010126209972002,1.7712913974673867,0.8749564449155063,0.3041170779555166,1.9989145995573596,-0.005022193444921919,-0.065690191424908,DEPTH_PROPOSAL_CERTIFIED,1.2132874273254697,0,32,0,0,192,FULL_MOTION_CERTIFICATE,0,0,0,197,0,0,0,0,0,,52.533333333,1.99892718834,-0.00422408202788,-0.0653624727636,0.8897808514,0.424132638708,0.168527568259,0.99946359417,-0.00211204101394,-0.0326812363818,1.76911874388,0.875961199932,0.316523540396,1.7686132859975991,0.8775252493229927,0.31484062264496265
52.483333333333334,27.389833947457507,11.321295513765346,4.015210492663231,1.7711533374966992,0.8749789448377998,0.3050569614737589,1.9989015909813934,-0.00582177076838713,-0.06601921354555826,DEPTH_PROPOSAL_CERTIFIED,1.1987044457807132,0,32,0,0,192,FULL_MOTION_CERTIFICATE,0,0,0,197,0,0,0,0,0,,52.55,1.99891459956,-0.00502219344492,-0.0656901914249,0.8897808514,0.424132638708,0.168527568259,0.999457299779,-0.00251109672246,-0.0328450957125,1.76990987714,0.873863023942,0.318078964376,1.7694690058543103,0.8752534438897802,0.3165235403963151
52.5,27.41935204163484,11.335876191695208,4.0203112172773166,1.7710856506402217,0.874840675791799,0.3060434768451465,1.9988881587460048,-0.006622645901867642,-0.06634959974456979,DEPTH_PROPOSAL_CERTIFIED,1.1841237687199302,0,32,0,0,192,FULL_MOTION_CERTIFICATE,0,0,0,197,0,0,0,0,0,,52.566666666,1.99890159098,-0.00582177076839,-0.0660192135456,0.8897808514,0.424132638708,0.168527568259,0.999450795491,-0.00291088538419,-0.0330096067728,1.77064107603,0.871923800798,0.319516553117,1.770259870991195,0.8731537934305901,0.3180789643760758
52.516666666666666,27.448870016051625,11.350452289536817,4.025428953351342,1.7710784650072071,0.874565870496597,0.30706416444151735,1.9988742995541096,-0.00742467513998017,-0.06668139756434846,DEPTH_PROPOSAL_CERTIFIED,1.169547671747124,0,32,0,0,192,FULL_MOTION_CERTIFICATE,0,0,0,197,0,0,0,0,0,,52.583333333,1.99888815875,-0.00662264590187,-0.0663495997446,0.8897808514,0.424132638708,0.168527568259,0.999444079373,-0.00331132295093,-0.0331747998723,1.7713168811,0.870131488385,0.320845233705,1.7709908002844281,0.8712132458951312,0.3195165531172426
52.53333333333333,27.478388732734306,11.365021889736868,4.030564089765345,1.7711230009609167,0.8741760120031575,0.30810818484022956,1.9988600105968317,-0.008227736466422478,-0.06701464309741509,DEPTH_PROPOSAL_CERTIFIED,1.154978072415492,0,32,0,0,192,FULL_MOTION_CERTIFICATE,0,0,0,197,0,0,0,0,0,,52.6,1.99887429955,-0.00742467513998,-0.0666813975643,0.8897808514,0.424132638708,0.168527568259,0.999437149777,-0.00371233756999,-0.0333406987822,1.77194148882,0.868474957218,0.32207325667,1.7716663395961736,0.869419738383197,0.3208452337045194
52.55,27.50790892377161,11.379583391592043,4.0357168588458,1.7712114622383708,0.8736901113105235,0.3091661448272981,1.9988452894818487,-0.009031727120363386,-0.06734936244276862,DEPTH_PROPOSAL_CERTIFIED,1.1404165714282584,0,32,0,0,192,FULL_MOTION_CERTIFICATE,0,0,0,197,0,0,0,0,0,,52.616666666,1.9988600106,-0.00822773646642,-0.0670146430974,0.8897808514,0.424132638708,0.168527568259,0.999430005298,-0.00411386823321,-0.0335073215487,1.77251877773,0.86694392093,0.323208247522,1.77229068982331,0.8677621228603887,0.3220732566695348
52.56666666666667,27.537431206060162,11.394135474236519,4.040887357853901,1.7713369373126078,0.8731249586682125,0.3102299404859718,1.9988301341700474,-0.00983656140616362,-0.06768557300822739,DEPTH_PROPOSAL_CERTIFIED,1.1258644896511394,0,32,0,0,192,FULL_MOTION_CERTIFICATE,0,0,0,197,0,0,0,0,0,,52.633333333,1.99884528948,-0.00903172712036,-0.0673493624428,0.8897808514,0.424132638708,0.168527568259,0.999422644741,-0.00451586356018,-0.0336746812214,1.77305233267,0.865528872151,0.324257254285,1.7728677332182992,0.8662300964320208,0.3232082475217859
52.583333333333336,27.56695609456127,11.408677063419317,4.046075568116796,1.7714933100665187,0.8724953509679136,0.3112926157737726,1.9988145429196436,-0.010642168723588403,-0.06802328467367175,DEPTH_PROPOSAL_CERTIFIED,1.1113229013350907,0,32,0,0,192,FULL_MOTION_CERTIFICATE,0,0,0,197,0,0,0,0,0,,52.65,1.99883013417,-0.00983656140616,-0.0676855730082,0.8897808514,0.424132638708,0.168527568259,0.999415067085,-0.00491828070308,-0.0338427865041,1.77354546678,0.864221024039,0.325226790837,1.7734010576642318,0.8648141370242678,0.3242572542849432
52.6,27.59648401420977,11.423207301710416,4.051281372035075,1.7716751789102503,0.8718142974660094,0.312348235096758,1.99879851423699,-0.011448491797733235,-0.06836250082873424,DEPTH_PROPOSAL_CERTIFIED,1.0967926639100563,0,32,0,0,192,FULL_MOTION_CERTIFICATE,0,0,0,198,0,0,0,0,0,,52.666666666,1.99881454292,-0.0106421687236,-0.0680232846737,0.8897808514,0.424132638708,0.168527568259,0.99940727146,-0.00532108436179,-0.0340116423368,1.77400124222,0.863012255404,0.326122877595,1.773893978803777,0.8635054447427764,0.325226790837181
52.61666666666667,27.62601531060309,11.437725521806268,4.056504568178731,1.7718777835993376,0.8710932057511535,0.31339176861938073,1.9987820468333746,-0.012255485089820708,-0.0687032192971964,DEPTH_PROPOSAL_CERTIFIED,1.0850752454724004,0,32,0,0,192,FULL_MOTION_CERTIFICATE,0,0,0,198,0,0,0,0,0,,52.683333333,1.99879851424,-0.0114484917977,-0.0683625008287,0.8897808514,0.424132638708,0.168527568259,0.999399257118,-0.00572424589887,-0.0341812504144,1.77442248924,0.861895060079,0.326951079046,1.7743495608062012,0.8622958868299112,0.32612287759537867
52.63333333333333,27.655550259587223,11.452231222635882,4.061744884663835,1.7720969390479528,0.8703420497768927,0.31441898910620897,1.9987651395871626,-0.01306311337165782,-0.06904543315925914,DEPTH_PROPOSAL_CERTIFIED,1.0737993471686125,0,32,0,0,192,FULL_MOTION_CERTIFICATE,0,0,0,198,0,0,0,0,0,,52.7,1.99878204683,-0.0122554850898,-0.0687032192972,0.8897808514,0.424132638708,0.168527568259,0.999391023417,-0.00612774254491,-0.0343516096486,1.77481182361,0.860862500766,0.32771653796,1.77477063552106,0.8611779468909109,0.32695107904551435
52.65,27.685089075845205,11.466724047996841,4.06700199098335,1.7723289754791032,0.8695695216576019,0.3154263791709123,1.9987477915107108,-0.01387135044812463,-0.06938913148181657,DEPTH_PROPOSAL_CERTIFIED,1.0625977746937019,0,32,0,0,192,FULL_MOTION_CERTIFICATE,0,0,0,198,0,0,0,0,0,,52.716666666,1.99876513959,-0.0130631133717,-0.0690454331593,0.871475970318,0.459357790039,0.171814009585,0.999382569794,-0.00653155668583,-0.0345227165796,1.7744370278,0.861306253516,0.328601935639,1.7751598199391363,0.8601446786022539,0.327716537960294
52.666666666666664,27.71463099372927,11.48120553311237,4.072275733106485,1.772515073044036,0.8688891069317158,0.316424527388159,1.9987300017215328,-0.014680178013525171,-0.06973429996588314,DEPTH_PROPOSAL_CERTIFIED,1.0514770756813057,0,32,0,0,192,FULL_MOTION_CERTIFICATE,0,0,0,198,0,0,0,0,0,,52.733333333,1.99874779151,-0.0138713504481,-0.0693891314818,0.871475970318,0.459357790039,0.171814009585,0.999373895755,-0.00693567522406,-0.0346945657409,1.77330066878,0.863229404439,0.329583148945,1.7747854633362172,0.8605880472759049,0.32860193563856965
52.68333333333333,27.744174344829194,11.495678965121444,4.077566089650778,1.7726010659955942,0.8684059205444915,0.3174213926576128,1.9987117682968998,-0.015489681481391748,-0.07008093206490582,DEPTH_PROPOSAL_CERTIFIED,1.0404420304292745,0,32,0,0,192,FULL_MOTION_CERTIFICATE,0,0,0,198,0,0,0,0,0,,52.75,1.99873000172,-0.0146801780135,-0.0697342999659,0.871475970318,0.459357790039,0.171814009585,0.999365000861,-0.00734008900676,-0.0348671499829,1.7714075935,0.866636555209,0.330618241486,1.7736501800046043,0.862511046620354,0.32958314894494994
52.7,27.77371663254064,11.510149256058934,4.082873108882988,1.7725372626860936,0.8682174562490661,0.318421153932464,1.9986930881974376,-0.016300042634095086,-0.07042902670005155,DEPTH_PROPOSAL_CERTIFIED,1.0294958139097812,0,32,0,0,192,FULL_MOTION_CERTIFICATE,0,0,0,198,0,0,0,0,0,,52.766666666,1.9987117683,-0.0154896814814,-0.0700809320649,0.871475970318,0.459357790039,0.171814009585,0.999355884148,-0.0077448407407,-0.0350404660325,1.76925186231,0.870581935723,0.331603830665,1.7717588623101852,0.8659181918448777,0.33061824148564345
52.71666666666667,27.803255218188642,11.524621625251685,4.08819677290905,1.772315138880297,0.8683421515650716,0.3194198415636997,1.9986739572424654,-0.01711153293467412,-0.07077858490651258,DEPTH_PROPOSAL_CERTIFIED,1.018641393739597,0,32,0,0,192,FULL_MOTION_CERTIFICATE,0,0,0,198,0,0,0,0,0,,52.783333333,1.9986930882,-0.0163000426341,-0.0704290267001,0.871475970318,0.459357790039,0.171814009585,0.999346544099,-0.00815002131705,-0.03521451335,1.76725944396,0.874228424004,0.332514754055,1.7696052284495762,0.869863434420338,0.33160383066477594
52.733333333333334,27.832787869212847,11.539100518830054,4.093536970915529,1.7719590614524863,0.8687336147021507,0.32041188038877133,1.9986543707910691,-0.017924441384812126,-0.07112960367384676,DEPTH_PROPOSAL_CERTIFIED,1.007882657350572,0,32,0,0,192,FULL_MOTION_CERTIFICATE,0,0,0,198,0,0,0,0,0,,52.8,1.99867395724,-0.0171115329347,-0.0707785849065,0.871475970318,0.459357790039,0.171814009585,0.999336978621,-0.00855576646734,-0.0353892924533,1.7654179664,0.877598663168,0.333356668095,1.767614916833195,0.873509464974517,0.33251475405464653
52.75,27.8623127127696,11.55358969694683,4.09889351335093,1.7714906134053807,0.8693506870066349,0.3213925461241234,1.9986343242791242,-0.01873901515725858,-0.07148207554530016,DEPTH_PROPOSAL_CERTIFIED,0.9972243153806506,0,32,0,0,192,FULL_MOTION_CERTIFICATE,0,0,0,198,0,0,0,0,0,,52.816666666,1.99865437079,-0.0179244413848,-0.0711296036738,0.871475970318,0.459357790039,0.171814009585,0.999327185396,-0.00896222069241,-0.0355648018369,1.76371599482,0.880713580991,0.334134800722,1.7657755472306924,0.8768789691213417,0.3333566680954194
52.766666666666666,27.891828194033657,11.568092312216875,4.104266144491632,1.770928875843491,0.87015691620279,0.3223578684421067,1.9986138132357743,-0.019555464269721046,-0.07183598931143642,DEPTH_PROPOSAL_CERTIFIED,0.9866718137594135,0,32,0,0,192,FULL_MOTION_CERTIFICATE,0,0,0,198,0,0,0,0,0,,52.833333333,1.99863432428,-0.0187390151573,-0.0714820755453,0.871475970318,0.459357790039,0.171814009585,0.99931716214,-0.00936950757863,-0.0357410377727,1.76214296038,0.883592520373,0.334853983952,1.764075677588435,0.8799929123958836,0.33413480072150353
52.78333333333333,27.92133303875334,11.582610980207894,4.1096545535559565,1.7702906831811016,0.8711200794611781,0.3233045438595021,1.9985928332956087,-0.020373965792039865,-0.07219133062450846,DEPTH_PROPOSAL_CERTIFIED,0.9762312537931468,0,32,0,0,192,FULL_MOTION_CERTIFICATE,0,0,0,198,0,0,0,0,0,,52.85,1.99861381324,-0.0195554642697,-0.0718359893114,0.871475970318,0.459357790039,0.171814009585,0.999306906618,-0.00977773213486,-0.0359179946557,1.76068909522,0.886253358283,0.335518683603,1.762504732699953,0.882870671213513,0.3348539839517266
52.8,27.950826219654815,11.597147842735275,4.115058384513897,1.769590854088714,0.8722117516429384,0.3242298574764195,1.9985713802072642,-0.021194667630539427,-0.07254808254158994,DEPTH_PROPOSAL_CERTIFIED,0.9659093196047615,0,32,0,0,192,FULL_MOTION_CERTIFICATE,0,0,0,198,0,0,0,0,0,,52.866666666,1.9985928333,-0.020373965792,-0.0721913306245,0.871475970318,0.459357790039,0.171814009585,0.999296416648,-0.010186982896,-0.0360956653123,1.75934537144,0.888712617411,0.336133027182,1.761052939161584,0.8855301522604158,0.3355186836028128
52.81666666666667,27.980306926326783,11.611704624647643,4.120477244726517,1.768842400317458,0.8734069147418243,0.3251316127571349,1.998549449839058,-0.02201769192935311,-0.07290622600369961,DEPTH_PROPOSAL_CERTIFIED,0.9555492010318021,0,32,0,0,192,FULL_MOTION_CERTIFICATE,0,0,0,198,0,0,0,0,0,,52.883333333,1.99857138021,-0.0211946676305,-0.0725480825416,0.871475970318,0.459357790039,0.171814009585,0.999285690104,-0.0105973338153,-0.0362740412708,1.75810344484,0.890985569174,0.336700829617,1.7597112643081412,0.8879879045482257,0.33613302718185806
52.833333333333336,28.009774538250706,11.62628268472671,4.1259107125361805,1.768056715435538,0.8746836047440723,0.3260080685798218,1.9985270381821512,-0.02284313812502575,-0.07326574025748893,DEPTH_PROPOSAL_CERTIFIED,0.9474612330317793,0,32,0,0,192,FULL_MOTION_CERTIFICATE,0,0,0,198,0,0,0,0,0,,52.9,1.99854944984,-0.0220176919294,-0.0729062260037,0.871475970318,0.459357790039,0.171814009585,0.99927472492,-0.0110088459647,-0.0364531130018,1.75695560359,0.893086327618,0.337225616715,1.7584713598761128,0.890259222771498,0.3367008296166024
52.85,28.039228600673617,11.640883061266374,4.131358343916721,1.7672437453748004,0.8760225923798312,0.3268578828324505,1.9985041413516924,-0.02367108568737049,-0.07362660322543409,DEPTH_PROPOSAL_CERTIFIED,0.9440304844419987,0,32,0,0,192,FULL_MOTION_CERTIFICATE,0,0,0,199,0,0,0,0,0,,52.916666666,1.99852703818,-0.022843138125,-0.0732657402575,0.871475970318,0.459357790039,0.171814009585,0.999263519091,-0.0114215690625,-0.0366328701287,1.75589472007,0.895027937575,0.337710647184,1.7573255106338008,0.8923582415360902,0.337225616714521
52.86666666666667,28.06866880304701,11.655506512845708,4.136819678282555,1.7664121424038008,0.877407094760118,0.32768006195000837,1.9984807555862925,-0.02450159657646628,-0.07398879182988397,DEPTH_PROPOSAL_CERTIFIED,0.9407755613800215,0,32,0,0,192,FULL_MOTION_CERTIFICATE,0,0,0,199,0,0,0,0,0,,52.933333333,1.99850414135,-0.0236710856874,-0.0736266032254,0.871475970318,0.459357790039,0.171814009585,0.999252070676,-0.0118355428437,-0.0368133016127,1.75491420646,0.896822455982,0.33815893295,1.7562665861576052,0.8942980237996188,0.33771064718421545
52.88333333333333,28.09809495978144,11.670153554763033,4.1422942435461145,1.7655694040659273,0.8788225150395582,0.3284739158136232,1.9984568772461562,-0.025334717443035244,-0.07435228227581832,DEPTH_PROPOSAL_CERTIFIED,0.9376962497078036,0,32,0,0,192,FULL_MOTION_CERTIFICATE,0,0,0,199,0,0,0,0,0,,52.95,1.99848075559,-0.0245015965765,-0.0739887918299,0.871475970318,0.459357790039,0.171814009585,0.999240377793,-0.0122507982882,-0.0369943959149,1.75400797418,0.898481026023,0.338573257672,1.7552879963438683,0.8960906424487296,0.3381589329497242
52.9,28.127506993090087,11.68482449155363,4.147781560503939,1.7647219985188654,0.8802562074359321,0.329239017469539,1.998432502810126,-0.026170481596941103,-0.07471705029670361,DEPTH_PROPOSAL_CERTIFIED,0.9347925825091452,0,32,0,0,192,FULL_MOTION_CERTIFICATE,0,0,0,199,0,0,0,0,0,,52.966666666,1.99845687725,-0.025334717443,-0.0743522822758,0.871475970318,0.459357790039,0.171814009585,0.999228438623,-0.0126673587215,-0.0371761411379,1.75317039592,0.900013946723,0.338956194134,1.75438365084471,0.8977472546716954,0.3385732576717122
52.916666666666664,28.156904917714986,11.699519445975955,4.153281146624219,1.763875477493938,0.8816972653395628,0.3299751672168149,1.9984076288718633,-0.027008910766198206,-0.0750830713673867,DEPTH_PROPOSAL_CERTIFIED,0.9320648021607916,0,32,0,0,192,FULL_MOTION_CERTIFICATE,0,0,0,199,0,0,0,0,0,,52.983333333,1.99843250281,-0.0261704815969,-0.0747170502967,0.871475970318,0.459357790039,0.171814009585,0.999216251405,-0.0130852407985,-0.0373585251484,1.7523962705,0.901430737157,0.33931012028,1.7535479209898226,0.8992781717638577,0.33895619413358197
52.93333333333333,28.18628882734893,11.71423838481517,4.158792519301397,1.7630345780367584,0.8831363303529782,0.33068236063067946,1.9983822521353642,-0.027850016666897803,-0.07545032088760205,DEPTH_PROPOSAL_CERTIFIED,0.9295133268652633,0,32,0,0,192,FULL_MOTION_CERTIFICATE,0,0,0,199,0,0,0,0,0,,53,1.99840762887,-0.0270089107662,-0.0750830713674,0.871475970318,0.459357790039,0.171814009585,0.999203814436,-0.0135044553831,-0.0375415356837,1.75168079095,0.90274019498,0.339637233839,1.7527756046591672,0.9006929235166471,0.33931012027982727
52.95,28.215658882584172,11.728981141819249,4.164315198636667,1.7622033141138977,0.8845654202444421,0.3313607601161358,1.998356369409963,-0.028693802402562307,-0.07581877433931278,DEPTH_PROPOSAL_CERTIFIED,0.9271387211775766,0,32,0,0,192,FULL_MOTION_CERTIFICATE,0,0,0,199,0,0,0,0,0,,53.016666666,1.99838225214,-0.0278500166669,-0.0754503208876,0.871475970318,0.459357790039,0.171814009585,0.999191126068,-0.0139250083334,-0.0377251604438,1.75101951444,0.903950451378,0.339939566049,1.7520618942550024,0.9020003169202933,0.3396372338386996
52.96666666666667,28.245015300234204,11.743747438054406,4.169848709797608,1.7613850590020597,0.8859777741094345,0.33201066965648296,1.9983299776049623,-0.02954026370966602,-0.0761884074207765,DEPTH_PROPOSAL_CERTIFIED,0.9249416701028863,0,32,0,0,192,FULL_MOTION_CERTIFICATE,0,0,0,199,0,0,0,0,0,,53.033333333,1.99835636941,-0.0286938024026,-0.0758187743393,0.871475970318,0.459357790039,0.171814009585,0.999178184705,-0.0143469012013,-0.0379093871697,1.75040833459,0.905069021757,0.340218994321,1.7514023466376356,0.9032084912623433,0.3399395660487187
52.983333333333334,28.27435834388978,11.758536899939616,4.175392585004843,1.760582619334612,0.8873677131126038,0.3326325124341066,1.9983030737240148,-0.030389390064563405,-0.07655919615995158,DEPTH_PROPOSAL_CERTIFIED,0.9229229563840011,0,32,0,0,192,FULL_MOTION_CERTIFICATE,0,0,0,199,0,0,0,0,0,,53.05,1.9983299776,-0.0295402637097,-0.0761884074208,0.871475970318,0.459357790039,0.171814009585,0.999164988802,-0.0147701318548,-0.0380942037104,1.74984345625,0.906102851953,0.340477253785,1.7507928553917484,0.9043249689512708,0.34021899432111524
53.0,28.303688315583493,11.773349075194446,4.180946365188531,1.7597983016229213,0.8887305152898248,0.3332268110212631,1.998275654859336,-0.03124116566564312,-0.07693111700959925,DEPTH_PROPOSAL_CERTIFIED,0.9210834406364148,0,32,0,0,193,FULL_MOTION_CERTIFICATE,0,0,0,199,0,0,0,0,0,,53.066666666,1.99830307372,-0.0303893900646,-0.07655919616,0.882131025045,0.426791047247,0.199234175389,0.999151536862,-0.0151946950323,-0.03827959808,1.7496904421,0.905890878173,0.341763189183,1.7502296255402952,0.9053567018519233,0.3404772537845735
53.016666666666666,28.33300601381657,11.788181972618844,4.186510923627473,1.7590618939846012,0.8899738454639267,0.33387350633656204,1.9982477181858433,-0.032095570303175815,-0.07730414692618466,DEPTH_PROPOSAL_CERTIFIED,0.9194255279543913,0,32,0,0,193,FULL_MOTION_CERTIFICATE,0,0,0,199,0,0,0,0,0,,53.083333333,1.99827565486,-0.0312411656656,-0.0769311170096,0.882131025045,0.426791047247,0.199234175389,0.99913782743,-0.0156205828328,-0.0384655585048,1.74995887091,0.904421267552,0.34405833892,1.750077720797096,0.9051424735879704,0.3417631891832092
53.03333333333333,28.362312707980376,11.803032163825089,4.192088341703516,1.7584016498285346,0.8910114723747283,0.33464508456260933,1.998219259393926,-0.032952497936063155,-0.07767833846681127,DEPTH_PROPOSAL_CERTIFIED,0.917953024285127,0,32,0,0,193,FULL_MOTION_CERTIFICATE,0,0,0,199,0,0,0,0,0,,53.1,1.99824771819,-0.0320955703032,-0.0773041469262,0.882131025045,0.426791047247,0.199234175389,0.999123859093,-0.0160477851516,-0.0386520734631,1.75066407739,0.901675399482,0.347332350341,1.7503466711245226,0.9036705206865088,0.34405833892038673
53.05,28.391610121983284,11.81789486868342,4.197681779054532,1.7578448401746511,0.891762291499862,0.3356062410609982,1.998190272972972,-0.03381176208690085,-0.07805381310851617,DEPTH_PROPOSAL_CERTIFIED,0.916671014396961,0,32,0,0,193,FULL_MOTION_CERTIFICATE,0,0,0,199,0,0,0,0,0,,53.116666666,1.99821925939,-0.0329524979361,-0.0776783384668,0.882131025045,0.426791047247,0.199234175389,0.999109629697,-0.016476248968,-0.0388391692334,1.75169422679,0.898031967432,0.351206289613,1.751051762397273,0.9009222848264925,0.34733235034134297
53.06666666666667,28.420900258770537,11.832764536018209,4.203294913436552,1.757408207234609,0.8921800400870021,0.336788062921035,1.9981607525174105,-0.034673100356816124,-0.07843075424029895,DEPTH_PROPOSAL_CERTIFIED,0.9195051297307208,0,32,0,0,194,FULL_MOTION_CERTIFICATE,0,0,0,199,0,0,0,0,0,,53.133333333,1.99819027297,-0.0338117620869,-0.0780538131085,0.882131025045,0.426791047247,0.199234175389,0.999095136486,-0.0169058810435,-0.0390269065543,1.75264633464,0.894664552748,0.354786748864,1.7520812853660972,0.8972765728501108,0.35120628961347855
53.083333333333336,28.450184870980152,11.847636384082488,4.208930773432133,1.7570767325769319,0.8923108838568125,0.33815159973491804,1.9981306915046748,-0.035536206624378425,-0.0788093756211797,DEPTH_PROPOSAL_CERTIFIED,0.9241408153615576,0,32,0,0,194,FULL_MOTION_CERTIFICATE,0,0,0,199,0,0,0,0,0,,53.15,1.99816075252,-0.0346731003568,-0.0784307542403,0.882131025045,0.426791047247,0.199234175389,0.999080376259,-0.0173365501784,-0.0392153771201,1.7535263131,0.891552245242,0.358095961197,1.7530327417532683,0.893907177848499,0.35478674886429185
53.1,28.479465487385724,11.862506315817024,4.2145918157022875,1.756836984334432,0.8921959040722276,0.33966253620929837,1.9981000844364103,-0.03640081696692049,-0.07918985477541132,DEPTH_PROPOSAL_CERTIFIED,0.92901357186151,0,32,0,0,194,FULL_MOTION_CERTIFICATE,0,0,0,200,0,0,0,0,0,,53.166666666,1.9981306915,-0.0355362066244,-0.0788093756212,0.882131025045,0.426791047247,0.199234175389,0.999065345752,-0.0177681033122,-0.0394046878106,1.75433962648,0.888675718786,0.361154475437,1.753912055775935,0.8907931507002924,0.35809596119673975
53.11666666666667,28.508743436767983,11.87737084253432,4.220279994259346,1.7566769629356869,0.8918716030378468,0.3412907134234946,1.9980689266992437,-0.03726670506340213,-0.07957233723253959,DEPTH_PROPOSAL_CERTIFIED,0.9341270262995658,0,32,0,0,194,FULL_MOTION_CERTIFICATE,0,0,0,200,0,0,0,0,0,,53.183333333,1.99810008444,-0.0364008169669,-0.0791898547754,0.882131025045,0.426791047247,0.199234175389,0.999050042218,-0.0182004084835,-0.0395949273877,1.75509132525,0.886017110832,0.363981284231,1.754724701870996,0.8879151304184019,0.36115447543668955
53.13333333333333,28.53801986945338,11.892227015236788,4.225996822527019,1.7565859611238082,0.891370362148111,0.34300969606044773,1.9980372144408618,-0.03813367804967586,-0.07995694033543693,DEPTH_PROPOSAL_CERTIFIED,0.9394841599870674,0,32,0,0,194,FULL_MOTION_CERTIFICATE,0,0,0,200,0,0,0,0,0,,53.2,1.9980689267,-0.0372667050634,-0.0795723372325,0.882131025045,0.426791047247,0.199234175389,0.99903446335,-0.0186333525317,-0.0397861686163,1.75578607715,0.883559912575,0.36659394084,1.7554757390188889,0.8852552232933342,0.36398128423127746
53.15,28.56729577673587,11.907072362851572,4.231743428881536,1.7565544369497006,0.8907208568871214,0.34479638127103296,1.998004944459988,-0.039001572784158126,-0.08034375665725972,DEPTH_PROPOSAL_CERTIFIED,0.9450873890101819,0,32,0,0,194,FULL_MOTION_CERTIFICATE,0,0,0,200,0,0,0,0,0,,53.216666666,1.99803721444,-0.0381336780497,-0.0799569403354,0.882131025045,0.426791047247,0.199234175389,0.99901860722,-0.0190668390248,-0.0399784701677,1.75642819628,0.881288865842,0.369008668769,1.7561698420255873,0.8827968927030481,0.36659394084017416
53.166666666666664,28.596572008379376,11.921904836727464,4.237520606306127,1.7565738986103288,0.8899484325535495,0.34663064547544337,1.9979721141089362,-0.0398702524857533,-0.08073285706445858,DEPTH_PROPOSAL_CERTIFIED,0.9509386359859184,0,32,0,0,194,FULL_MOTION_CERTIFICATE,0,0,0,200,0,0,0,0,0,,53.233333333,1.99800494446,-0.0390015727842,-0.0803437566573,0.882131025045,0.426791047247,0.199234175389,0.99900247223,-0.0195007863921,-0.0401718783286,1.75702167007,0.87918986797,0.371240462906,1.7568113308699926,0.8805248556839705,0.3690086687692516
53.18333333333333,28.625849288380397,11.936722760799023,4.243328856732523,1.756636800061456,0.8890754442936312,0.34849502558378337,1.9979387212075048,-0.04073960370917063,-0.0811242934597314,DEPTH_PROPOSAL_CERTIFIED,0.9570393939354305,0,32,0,0,194,FULL_MOTION_CERTIFICATE,0,0,0,200,0,0,0,0,0,,53.25,1.99797211411,-0.0398702524858,-0.0807328570645,0.882131025045,0.426791047247,0.199234175389,0.998986057054,-0.0199351262429,-0.0403664285322,1.75757018372,0.877249885092,0.373303181725,1.757404197765209,0.8784249875226264,0.371240462905533
53.2,28.65512822915386,11.951524786878766,4.249168430588393,1.7567364464070987,0.8881215647841713,0.350374431352064,1.9979047639670813,-0.04160953362591584,-0.08151810123570997,DEPTH_PROPOSAL_CERTIFIED,0.9633907830787429,0,32,0,0,194,FULL_MOTION_CERTIFICATE,0,0,0,200,0,0,0,0,0,,53.266666666,1.99793872121,-0.0407396037092,-0.0811242934597,0.882131025045,0.426791047247,0.199234175389,0.998969360604,-0.0203698018546,-0.0405621467299,1.75807714327,0.875456870725,0.37520963385,1.757952131823937,0.8764842347687647,0.37330318172507826
53.21666666666667,28.684409344290685,11.966309854585777,4.255039362023172,1.7568669082096848,0.8871040624207102,0.35225588608674635,1.997870240923906,-0.0424799675821776,-0.08191430146726605,DEPTH_PROPOSAL_CERTIFIED,0.969993601277072,0,32,0,0,194,FULL_MOTION_CERTIFICATE,0,0,0,200,0,0,0,0,0,,53.283333333,1.99790476397,-0.0416095336259,-0.0815181012357,0.882131025045,0.426791047247,0.199234175389,0.998952381984,-0.020804766813,-0.0407590506179,1.75854569683,0.873799690674,0.376971657895,1.7584585422012358,0.8746905335864845,0.37520963384987277
53.233333333333334,28.713693060022496,11.981077155464527,4.260941500240537,1.7570229439086773,0.8860380527250203,0.3541282930419089,1.9978351508805432,-0.04335084690733102,-0.08231290286786536,DEPTH_PROPOSAL_CERTIFIED,0.9768483687778409,0,32,0,0,194,FULL_MOTION_CERTIFICATE,0,0,0,200,0,0,0,0,0,,53.3,1.99787024092,-0.0424799675822,-0.0819143014673,0.882131025045,0.426791047247,0.199234175389,0.998935120462,-0.0212399837911,-0.0409571507336,1.7589787539,0.872268054569,0.378600195267,1.7589265794363855,0.873032734437604,0.37697165789489356
53.25,28.742979725515667,11.995826100889602,4.266874537324347,1.7571999295903358,0.884936725504464,0.3559822250286708,1.9977994928546798,-0.04422212694917982,-0.08271390353305022,DEPTH_PROPOSAL_CERTIFIED,0.9839553678514663,0,32,0,0,195,FULL_MOTION_CERTIFICATE,0,0,0,200,0,0,0,0,0,,53.316666666,1.99783515088,-0.0433508469073,-0.0823129028679,0.882131025045,0.426791047247,0.199234175389,0.99891757544,-0.0216754234537,-0.0411564514339,1.7593790036,0.87085245159,0.380105358503,1.7593591549065697,0.8715005334136752,0.37860019526716726
53.266666666666666,28.77226962210668,12.010556293388259,4.27283803291002,1.7573937954608618,0.8838115499194396,0.3578097351403857,1.9977632660344713,-0.04509377531428226,-0.0831172924919207,DEPTH_PROPOSAL_CERTIFIED,0.992561735726327,0,32,0,0,195,FULL_MOTION_CERTIFICATE,0,0,0,200,0,0,0,0,0,,53.333333333,1.99779949285,-0.0442221269492,-0.0827139035331,0.882131025045,0.426791047247,0.199234175389,0.998899746427,-0.0221110634746,-0.0413569517665,1.75974893137,0.869544091178,0.38149649431,1.7597589590812797,0.8700844077821399,0.3801053585033096
53.28333333333333,28.80156297158014,12.025267501046779,4.278831436019896,1.7576009684075624,0.8826724595112646,0.3596041865925982,1.997726469739704,-0.045965770293620103,-0.0835230510856334,DEPTH_PROPOSAL_CERTIFIED,1.0021531058933701,0,32,0,0,195,FULL_MOTION_CERTIFICATE,0,0,0,200,0,0,0,0,0,,53.35,1.99776326603,-0.0450937753143,-0.0831172924919,0.882131025045,0.426791047247,0.199234175389,0.998881633017,-0.0225468876571,-0.041558646246,1.76009083431,0.86833484898,0.382782241038,1.7601284783573106,0.8687755565315298,0.38149649430959165
53.3,28.830859943581373,12.03995963469855,4.284854104350031,1.7578183200740396,0.8815280191062821,0.3613600998081234,1.9976891033881345,-0.04683809945567682,-0.08393115419015515,DEPTH_PROPOSAL_CERTIFIED,1.015307183015972,0,32,0,0,195,FULL_MOTION_CERTIFICATE,0,0,0,200,0,0,0,0,0,,53.366666666,1.99772646974,-0.0459657702936,-0.0835230510856,0.882131025045,0.426791047247,0.199234175389,0.99886323487,-0.0229828851468,-0.0417615255428,1.76040683549,0.86721721611,0.383970582637,1.7604700104050608,0.8675658461654939,0.3827822410375324
53.31666666666667,28.860160662247385,12.054632727618909,4.290905321269599,1.7580431199600768,0.8803855752212266,0.3630730151739539,1.9976511664664147,-0.04771075839069385,-0.08434157129883892,DEPTH_PROPOSAL_CERTIFIED,1.0287110439047438,0,32,0,0,196,FULL_MOTION_CERTIFICATE,0,0,0,200,0,0,0,0,0,,53.383333333,1.99768910339,-0.0468380994557,-0.0839311541902,0.882131025045,0.426791047247,0.199234175389,0.998844551694,-0.0234190497278,-0.0419655770951,1.76069889721,0.86618425233,0.385068898427,1.7607856785697307,0.866447759823555,0.3839705826370775
53.333333333333336,28.889465212132063,12.069286917477553,4.29698431076903,1.758272993080779,0.8792513915187309,0.3647393699658792,1.9976126585050837,-0.04858374959131066,-0.08475426747899341,DEPTH_PROPOSAL_CERTIFIED,1.0423642578549297,0,32,0,0,196,FULL_MOTION_CERTIFICATE,0,0,0,200,0,0,0,0,0,,53.4,1.99765116647,-0.0477107583907,-0.0843415712988,0.882131025045,0.426791047247,0.199234175389,0.998825583233,-0.0238553791953,-0.0421707856494,1.76096883304,0.865229543384,0.386084008474,1.7610774451533453,0.8654143503482815,0.38506889842736924
53.35,28.91877364349457,12.083922430323543,4.303090250569608,1.7585058817506207,0.8781307707594387,0.36635638803469944,1.997573579057146,-0.04945708145616763,-0.0851692042152706,DEPTH_PROPOSAL_CERTIFIED,1.056266319605141,0,32,0,0,196,FULL_MOTION_CERTIFICATE,0,0,0,201,0,0,0,0,0,,53.416666666,1.99761265851,-0.0485837495913,-0.084754267479,0.906940262721,0.369930449004,0.201521271223,0.998806329253,-0.0242918747957,-0.0423771337395,1.76190667108,0.862748609218,0.387147288448,1.761347123522689,0.8644591974960729,0.38608400847430807
53.36666666666667,28.948086845261173,12.098537547644577,4.309222441507072,1.7587921059961398,0.8769070392620507,0.36793145624784146,1.997533927679821,-0.05033076740434585,-0.08558634015144057,DEPTH_PROPOSAL_CERTIFIED,1.070418549780542,0,32,0,0,196,FULL_MOTION_CERTIFICATE,0,0,0,201,0,0,0,0,0,,53.433333333,1.99757357906,-0.0494570814562,-0.0851692042153,0.906940262721,0.369930449004,0.201521271223,0.998786789529,-0.0247285407281,-0.0425846021076,1.76351467119,0.858742004614,0.388242049536,1.7622840417914736,0.861977514993916,0.3871472884481755
53.38333333333333,28.97740648428296,12.113128754503027,4.3153802771330305,1.7591783413072233,0.8754724115070525,0.36947013755756364,1.9974937063503009,-0.05120471137812424,-0.08600564297545185,DEPTH_PROPOSAL_CERTIFIED,1.0848238986870729,0,32,0,0,196,FULL_MOTION_CERTIFICATE,0,0,0,201,0,0,0,0,0,,53.45,1.99753392768,-0.0503307674043,-0.0855863401514,0.906940262721,0.369930449004,0.201521271223,0.99876696384,-0.0251653837022,-0.0427931700757,1.76579588605,0.853210770664,0.389344888365,1.7638904121024412,0.8579699528960725,0.3882420495361756
53.4,29.006734950202365,12.12769087705478,4.321563207141322,1.7597079551645032,0.8737273531052658,0.3709758004975109,1.9974529195646846,-0.05207871586671653,-0.0864270876299248,DEPTH_PROPOSAL_CERTIFIED,1.0994867662487642,0,32,0,0,196,FULL_MOTION_CERTIFICATE,0,0,0,201,0,0,0,0,0,,53.466666666,1.99749370635,-0.0512047113781,-0.0860056429755,0.906940262721,0.369930449004,0.201521271223,0.998746853175,-0.0256023556891,-0.0430028214877,1.76875528086,0.846157434405,0.39041528266,1.766169244223317,0.8524376406034672,0.3893448883648684
53.416666666666664,29.03607530691841,12.142217211517794,4.327770681950324,1.7604214029628773,0.8715800677808869,0.3724484885401051,1.997411574448308,-0.0529524893633793,-0.08685065417227597,DEPTH_PROPOSAL_CERTIFIED,1.114412837214836,0,32,0,0,196,FULL_MOTION_CERTIFICATE,0,0,0,201,0,0,0,0,0,,53.483333333,1.99745291956,-0.0520787158667,-0.0864270876299,0.906940262721,0.369930449004,0.201521271223,0.998726459782,-0.0260393579334,-0.043213543815,1.77217386007,0.838104666335,0.391371893269,1.7691254661030436,0.8453831868234623,0.3904152826597556
53.43333333333333,29.065430965244225,12.156700300234261,4.334002049947114,1.761339499549019,0.8689853229880536,0.37388207980742644,1.997369680907787,-0.05382565337373325,-0.08727632456293455,DEPTH_PROPOSAL_CERTIFIED,1.129608332734079,0,32,0,0,196,FULL_MOTION_CERTIFICATE,0,0,0,201,0,0,0,0,0,,53.5,1.99741157445,-0.0529524893634,-0.0868506541723,0.906940262721,0.369930449004,0.201521271223,0.998705787224,-0.0264762446817,-0.0434253270861,1.77533345599,0.830661956464,0.392256033376,1.7725402778999495,0.8373294365154853,0.3913718932687478
53.45,29.094804750720403,12.171134021414497,4.34025661738023,1.7624271285699316,0.866023270813795,0.3752740459868347,1.9973272509187672,-0.054697785987255026,-0.0877040759906441,DEPTH_PROPOSAL_CERTIFIED,1.1450780736944541,0,32,0,0,196,FULL_MOTION_CERTIFICATE,0,0,0,201,0,0,0,0,0,,53.516666666,1.99736968091,-0.0538256533737,-0.0872763245629,0.906940262721,0.369930449004,0.201521271223,0.998684840454,-0.0269128266869,-0.0436381622815,1.77825368841,0.823783088674,0.393073193121,1.7756962026250598,0.8298862342878547,0.39225603337560927
53.46666666666667,29.124198972744264,12.185513429488664,4.346533658483967,1.763653321431826,0.8627644844500817,0.3766224662242696,1.9972842953038865,-0.055568539747575724,-0.088133881809325,DEPTH_PROPOSAL_CERTIFIED,1.1608256654992748,0,32,0,0,196,FULL_MOTION_CERTIFICATE,0,0,0,201,0,0,0,0,0,,53.533333333,1.99732725092,-0.0546977859873,-0.0877040759906,0.906940262721,0.369930449004,0.201521271223,0.998663625459,-0.0273488929936,-0.0438520379953,1.78095269127,0.81742534683,0.393828446873,1.7786128743469394,0.8230072908127765,0.3930731931209757
53.483333333333334,29.153615486581586,12.199834611982183,4.352832424310745,1.7649908302393869,0.8592709496112813,0.3779259496067353,1.9972408237898382,-0.0564376328512036,-0.0885657122448688,DEPTH_PROPOSAL_CERTIFIED,1.1768536621994827,0,32,0,0,196,FULL_MOTION_CERTIFICATE,0,0,0,201,0,0,0,0,0,,53.55,1.9972842953,-0.0555685397476,-0.0881338818093,0.906940262721,0.369930449004,0.201521271223,0.998642147652,-0.0277842698738,-0.0440669409047,1.78344722421,0.811549252105,0.39452648443,1.78130843769163,0.8166498245779137,0.393828446872818
53.5,29.18305574894132,12.21409456133039,4.359152150408765,1.7664157415842965,0.8555969608924515,0.37918356588123975,1.9971968450646151,-0.057304841248832616,-0.0889995350178503,DEPTH_PROPOSAL_CERTIFIED,1.1931637121268936,0,32,0,0,196,FULL_MOTION_CERTIFICATE,0,0,0,201,0,0,0,0,0,,53.566666666,1.99724082379,-0.0564376328512,-0.0885657122449,0.906940262721,0.369930449004,0.201521271223,0.998620411895,-0.0282188164256,-0.0442828561224,1.78575277724,0.806118316405,0.395171640315,1.7837996599921964,0.8107742985227261,0.39452648443019456
53.516666666666666,29.21252086773403,12.228291060188603,4.365492063469454,1.767907127562491,0.8517899314928933,0.380394783641348,1.9971523668345914,-0.058169991563618975,-0.08943531589075125,DEPTH_PROPOSAL_CERTIFIED,1.206661258695044,0,32,0,0,196,FULL_MOTION_CERTIFICATE,0,0,0,201,0,0,0,0,0,,53.583333333,1.99719684506,-0.0573048412488,-0.0889995350179,0.906940262721,0.369930449004,0.201521271223,0.998598422532,-0.0286524206244,-0.0444997675089,1.7878836673,0.801098814911,0.395767920791,1.7861020364964633,0.8053441728182794,0.39517164031466956
53.53333333333333,29.242011646576998,12.242422578927265,4.371851387056847,1.7694467305783577,0.8478911243197312,0.38155941524360054,1.9971073958811028,-0.05903295474825955,-0.08987301914751782,DEPTH_PROPOSAL_CERTIFIED,1.2174255162135545,0,32,0,0,196,FULL_MOTION_CERTIFICATE,0,0,0,201,0,0,0,0,0,,53.6,1.99715236683,-0.0581699915636,-0.0894353158908,0.906940262721,0.369930449004,0.201521271223,0.998576183417,-0.0290849957818,-0.0447176579454,1.78985312629,0.796459578689,0.396319028503,1.7882298873719331,0.8003256768071518,0.3957679207910828
53.55,29.271528624555746,12.256488184126464,4.378229346519568,1.7710186787250461,0.8439363119520191,0.3826775677632692,1.9970619381162005,-0.05989364040981838,-0.09031260801251882,DEPTH_PROPOSAL_CERTIFIED,1.230098921002325,0,32,0,0,196,FULL_MOTION_CERTIFICATE,0,0,0,201,0,0,0,0,0,,53.616666666,1.99710739588,-0.0590329547483,-0.0898730191475,0.998553697941,-0.0295164773741,-0.0449365095738,0.998553697941,-0.0295164773741,-0.0449365095738,1.79211276445,0.790461148921,0.39595026366,1.7901964461146473,0.7956876010659285,0.396319028503228
53.56666666666667,29.301072665550524,12.270485296838727,4.384624064436706,1.7726424596860548,0.839826762735454,0.383683075028152,1.9970159986372775,-0.06075199173792621,-0.09075404501526566,DEPTH_PROPOSAL_CERTIFIED,1.244654343046235,0,32,0,0,196,FULL_MOTION_CERTIFICATE,0,0,0,201,0,0,0,0,0,,53.633333333,1.99706193812,-0.0598936404098,-0.0903126080125,0.998507999319,-0.030375995869,-0.0453770225076,0.998530969058,-0.0299468202049,-0.0451563040063,1.79465949271,0.783105822324,0.394657275157,1.7924525874103534,0.7896902622933795,0.3959502636597171
53.583333333333336,29.330644929691484,12.284409820260123,4.391032638667136,1.7743358484577196,0.8354714052838248,0.3845144538258177,1.9969695884127294,-0.0616078578460134,-0.09119723025574278,DEPTH_PROPOSAL_CERTIFIED,1.261064594720106,0,32,0,0,196,FULL_MOTION_CERTIFICATE,0,0,0,202,0,0,0,0,0,,53.65,1.99701599864,-0.0607519917379,-0.0907540450153,0.998484794206,-0.030803928923,-0.0455986151279,0.998507999319,-0.030375995869,-0.0453770225076,1.79749062592,0.774396054339,0.392435642295,1.7949951914720315,0.7823360443739453,0.39465727515734
53.6,29.360246847492327,12.298256257922395,4.397451214398158,1.7761150680506588,0.8307862597363337,0.3851145438613595,1.996922724143326,-0.062461000730186095,-0.09164200558576613,DEPTH_PROPOSAL_CERTIFIED,1.279301958288679,0,32,0,0,196,FULL_MOTION_CERTIFICATE,0,0,0,202,0,0,0,0,0,,53.666666666,1.99696958841,-0.061607857846,-0.0911972302557,0.998461362072,-0.0312305003651,-0.0458210027929,0.998484794206,-0.030803928923,-0.0455986151279,1.80060341027,0.764334349189,0.3892808888,1.797821547084519,0.7736274840569392,0.39243564229496986
53.61666666666667,29.38988009586279,12.31201782298621,4.40387505066572,1.7779949022278418,0.825693903828999,0.3854301760537005,1.9968754281299557,-0.06331110171541228,-0.09208815846994893,DEPTH_PROPOSAL_CERTIFIED,1.2978654314106177,0,32,0,0,196,FULL_MOTION_CERTIFICATE,0,0,0,202,0,0,0,0,0,,53.683333333,1.99692272414,-0.0624610007302,-0.0916420055858,0.998461362072,-0.0312305003651,-0.0458210027929,0.998461362072,-0.0312305003651,-0.0458210027929,1.80399555546,0.752923403458,0.385188432014,1.8009288791894758,0.7635671617595114,0.38928088880026046
53.63333333333333,29.41954657653016,12.32568653949143,4.410298581700907,1.779988840042348,0.8201229903132468,0.3854118621112735,1.9968277281473816,-0.06415776741841099,-0.09253542554963116,DEPTH_PROPOSAL_CERTIFIED,1.3168185564742592,0,32,0,0,196,FULL_MOTION_CERTIFICATE,0,0,0,202,0,0,0,0,0,,53.7,1.99687542813,-0.0633111017154,-0.0920881584699,0.998437714065,-0.0316555508577,-0.046044079235,0.998437714065,-0.0316555508577,-0.046044079235,1.80766413025,0.740165847378,0.380153634924,1.804314881379324,0.7521578454210649,0.38518843201366415
53.65,29.449248395292784,12.339253335848154,4.4167154735603535,1.7821091257576045,0.8140077814034422,0.38501351156679836,1.996779657322913,-0.06500053527502804,-0.09298349592992909,DEPTH_PROPOSAL_CERTIFIED,1.3369987103587793,0,32,0,0,196,FULL_MOTION_CERTIFICATE,0,0,0,202,0,0,0,0,0,,53.716666666,1.99682772815,-0.0641577674184,-0.0925354255496,0.998413864074,-0.0320788837092,-0.0462677127748,0.998413864074,-0.0320788837092,-0.0462677127748,1.8116060878,0.726064391344,0.374171753173,1.8079766114837361,0.7394022327038228,0.38015363492420157
53.666666666666664,29.4789878427062,12.352708131341634,4.423118676330919,1.7843668448050016,0.8072877296088942,0.38419216623395097,1.996731254019821,-0.0658388786432198,-0.0934320142105276,DEPTH_PROPOSAL_CERTIFIED,1.3583754316272323,0,32,0,0,196,FULL_MOTION_CERTIFICATE,0,0,0,202,0,0,0,0,0,,53.733333333,1.99677965732,-0.065000535275,-0.0929834959299,0.998389828661,-0.0325002676375,-0.046491747965,0.998389828661,-0.0325002676375,-0.046491747965,1.81581824637,0.710621835709,0.367237913253,1.811911017183247,0.7253030977154027,0.37417175317321205
53.68333333333333,29.508767376069052,12.366039916193168,4.429500472216408,1.786772001771133,0.799907091092077,0.3829077531293651,1.9966825617243065,-0.06667221152498451,-0.09388058327699522,DEPTH_PROPOSAL_CERTIFIED,1.3809172003268302,0,32,0,0,196,FULL_MOTION_CERTIFICATE,0,0,0,202,0,0,0,0,0,,53.75,1.99673125402,-0.0658388786432,-0.0934320142105,0.99836562701,-0.0329194393216,-0.0467160071053,0.99836562701,-0.0329194393216,-0.0467160071053,1.82029726418,0.69384109049,0.359347092256,1.8161149167579373,0.709863301186902,0.3672379132534167
53.7,29.53858960257885,12.37923682569047,4.435852519792716,1.7893335905870535,0.7918145698377678,0.38112285457831885,1.9966336289351274,-0.06749989293617308,-0.09432876686858603,DEPTH_PROPOSAL_CERTIFIED,1.4045913475080263,0,32,0,0,196,FULL_MOTION_CERTIFICATE,0,0,0,202,0,0,0,0,0,,53.766666666,1.99668256172,-0.066672211525,-0.093880583277,0.998316814468,-0.0337499464681,-0.0471643834343,0.998341280862,-0.0333361057625,-0.0469402916385,1.82503881522,0.675724999268,0.350494137719,1.820584974141272,0.6930858105352348,0.35934709225556305
53.71666666666667,29.568457262528163,12.392286208615259,4.442165894746724,1.7920595969588524,0.7829629754874438,0.37880249724049947,1.9965845090549859,-0.06832123095161995,-0.09477609193734901,DEPTH_PROPOSAL_CERTIFIED,1.4293639977590216,0,32,0,0,196,FULL_MOTION_CERTIFICATE,0,0,0,202,0,0,0,0,0,,53.783333333,1.99663362894,-0.0674998929362,-0.0943287668686,0.998292254527,-0.0341606154758,-0.0473880459687,0.998316814468,-0.0337499464681,-0.0471643834343,1.83003914177,0.656276734416,0.340673644693,1.8253168746948003,0.6749735244134843,0.3504941377191015
53.733333333333334,29.598373214498924,12.405174690898761,4.448431127210142,1.7949571182457966,0.7733089370102237,0.37591394780510784,1.9965352602833064,-0.0691354864346299,-0.09522205081238996,DEPTH_PROPOSAL_CERTIFIED,1.4528432008326457,0,32,0,0,196,FULL_MOTION_CERTIFICATE,0,0,0,202,0,0,0,0,0,,53.8,1.99658450905,-0.0683212309516,-0.0947760919373,0.998267630142,-0.0345677432173,-0.0476110254062,0.998292254527,-0.0341606154758,-0.0473880459687,1.83529422438,0.635499635564,0.329879972573,1.8303068779465195,0.6555296675881316,0.3406736446933278
53.75,29.628340421355205,12.4178882346633,4.454638235967459,1.7980324113769983,0.7628126258724036,0.37242652543904164,1.9964859455085364,-0.06994187650672538,-0.0956661031797746,DEPTH_PROPOSAL_CERTIFIED,1.4453692756100298,0,32,0,0,196,FULL_MOTION_CERTIFICATE,0,0,0,202,0,0,0,0,0,,53.816666666,1.99653526028,-0.0691354864346,-0.0952220508124,0.998267630142,-0.0345677432173,-0.0476110254062,0.998267630142,-0.0345677432173,-0.0476110254062,1.84080082373,0.613397482839,0.318107145633,1.8355509875776612,0.6347576299909896,0.32987997257303125
53.766666666666666,29.658361938289826,12.430412193344377,4.460776759649264,1.8012910160773006,0.7514375208646747,0.36831142090830876,1.9964366321996139,-0.07073957776299493,-0.09610767788983873,DEPTH_PROPOSAL_CERTIFIED,1.4379686454194367,0,32,0,0,196,FULL_MOTION_CERTIFICATE,0,0,0,202,0,0,0,0,0,,53.816666666,1.99653526028,-0.0691354864346,-0.0952220508124,0.998267630142,-0.0345677432173,-0.0476110254062,0.998267630142,-0.0345677432173,-0.0476110254062,1.84080082373,0.613397482839,0.318107145633,1.8410459934209908,0.6126612397703733,0.3181071456333646
53.78333333333333,29.688440898385487,12.442731362233001,4.466835785318527,1.8047376057396791,0.7391501333174574,0.3635415401558248,1.9963873922950948,-0.07152772927444179,-0.09654617460071678,DEPTH_PROPOSAL_CERTIFIED,1.4321834512038707,0,32,0,0,196,FULL_MOTION_CERTIFICATE,0,0,0,202,0,0,0,0,0,,53.85,1.9964366322,-0.070739577763,-0.0961076778898,0.9982183161,-0.0353697888815,-0.0480538389449,0.9982183161,-0.0353697888815,-0.0480538389449,1.85254703417,0.565232715305,0.29159883895,1.8467859996206992,0.5892440052413964,0.305348994975517
53.8,29.71858050203561,12.454830026266215,4.472803974243844,1.8083762190074975,0.7259198419929392,0.3580913355190037,1.9963383020915184,-0.07230543532833436,-0.0969809652681039,DEPTH_PROPOSAL_CERTIFIED,1.4279106410620448,0,32,0,0,196,FULL_MOTION_CERTIFICATE,0,0,0,202,0,0,0,0,0,,53.866666666,1.9963873923,-0.0715277292744,-0.0965461746007,0.998193696148,-0.0357638646372,-0.0482730873004,0.998193696148,-0.0357638646372,-0.0482730873004,1.85877717149,0.539178704971,0.276849641349,1.852767300874885,0.5645102878338075,0.29159883894978234
53.81666666666667,29.748784004672707,12.466692004160162,4.478669585272483,1.8122101582250372,0.711718673636506,0.3519366617182515,1.9962894421268953,-0.0730717680243027,-0.09741139548580209,DEPTH_PROPOSAL_CERTIFIED,1.4250474643355355,0,32,0,0,196,FULL_MOTION_CERTIFICATE,0,0,0,202,0,0,0,0,0,,53.883333333,1.99633830209,-0.0723054353283,-0.0969809652681,0.998169151046,-0.0361527176642,-0.0484904826341,0.998169151046,-0.0361527176642,-0.0484904826341,1.86523695058,0.511816322696,0.261093859643,1.8589842166790027,0.5384644196880899,0.27684964134910517
53.833333333333336,29.779054704495618,12.47830068961323,4.484420495793449,1.81624198937468,0.6965211271840765,0.3450546312580004,1.996240897061482,-0.07382576966114886,-0.09783678568466972,DEPTH_PROPOSAL_CERTIFIED,1.423491957929984,0,32,0,0,196,FULL_MOTION_CERTIFICATE,0,0,0,202,0,0,0,0,0,,53.9,1.99628944213,-0.0730717680243,-0.0974113954858,0.998144721063,-0.0365358840122,-0.0487056977429,0.998144721063,-0.0365358840122,-0.0487056977429,1.87191890777,0.483150571112,0.24432336451,1.8654303294003256,0.5111110604644258,0.26109385964293214
53.85,29.809395929880143,12.48963908987436,4.490044220371552,1.8204735230715585,0.6803040156679234,0.33742347468620715,1.9961927555543233,-0.07456645495883624,-0.09825643219305893,DEPTH_PROPOSAL_CERTIFIED,1.4231434440219695,0,32,0,0,196,FULL_MOTION_CERTIFICATE,0,0,0,203,0,0,0,0,0,,53.916666666,1.99624089706,-0.0738257696611,-0.0978367856847,0.998120448531,-0.0369128848306,-0.0489183928423,0.998120448531,-0.0369128848306,-0.0489183928423,1.87881417871,0.453186879248,0.226529336812,1.8720982341734793,0.4824552551708426,0.24432336451032358
53.86666666666667,29.83981102598221,12.500689861927075,4.495527927098804,1.8249057661241619,0.6630463231628558,0.32902240363511637,1.9961451101350423,-0.07529281313112197,-0.0986696081615863,DEPTH_PROPOSAL_CERTIFIED,1.4239030291497357,0,32,0,0,196,FULL_MOTION_CERTIFICATE,0,0,0,203,0,0,0,0,0,,53.916666666,1.99624089706,-0.0738257696611,-0.0978367856847,0.998120448531,-0.0369128848306,-0.0489183928423,0.998120448531,-0.0369128848306,-0.0489183928423,1.87881417871,0.453186879248,0.226529336812,1.8789791313659274,0.45250247460101845,0.22652933681180276
53.88333333333333,29.870299624265833,12.511450035491013,4.5008658221024564,1.8293158970173766,0.6456104138362899,0.3202737002191558,1.996098057070558,-0.07600380982139049,-0.0990755643525566,DEPTH_PROPOSAL_CERTIFIED,1.4256756870339202,0,32,0,0,196,FULL_MOTION_CERTIFICATE,0,0,0,203,0,0,0,0,0,,53.95,1.99614511014,-0.0752928131311,-0.0986696081616,0.998072555068,-0.0376464065656,-0.0493348040808,0.998072555068,-0.0376464065656,-0.0493348040808,1.89319637535,0.389389436259,0.187831317763,1.8860620489630546,0.42125862385231333,0.20770215406990336
53.9,29.900860308285104,12.521920946562847,4.506054579691321,1.8336410411563162,0.6282546643101031,0.31132545533193806,1.996051642806791,-0.0766992375843426,-0.09947394735452615,DEPTH_PROPOSAL_CERTIFIED,1.4283719305716422,0,32,0,0,196,FULL_MOTION_CERTIFICATE,0,0,0,203,0,0,0,0,0,,53.966666666,1.99609805707,-0.0760038098214,-0.0990755643526,0.998049028535,-0.0380019049107,-0.0495377821763,0.998049028535,-0.0380019049107,-0.0495377821763,1.90059507667,0.355927343452,0.167202516641,1.893332070183085,0.3887291096766966,0.1878313177625717
53.916666666666664,29.93149177161003,12.532103808030834,4.511091255635255,1.8378877994957705,0.6109716880792694,0.3022005566360256,1.9960058973339552,-0.0773791370985768,-0.09986454300678055,DEPTH_PROPOSAL_CERTIFIED,1.4319077936046323,0,32,0,0,196,FULL_MOTION_CERTIFICATE,0,0,0,203,0,0,0,0,0,,53.983333333,1.99605164281,-0.0766992375843,-0.0994739473545,0.998025821403,-0.0383496187922,-0.0497369736773,0.998025821403,-0.0383496187922,-0.0497369736773,1.90782663485,0.323152601809,0.146999753813,1.9007163383390737,0.3552792147499941,0.16720251664135974
53.93333333333333,29.96219294062621,12.541999617753813,4.515973485720048,1.8420701409708076,0.5937485833787151,0.2929338050876197,1.9959608494946008,-0.07804354186769365,-0.1002471588501933,DEPTH_PROPOSAL_CERTIFIED,1.4362046269971236,0,32,0,0,196,FULL_MOTION_CERTIFICATE,0,0,0,203,0,0,0,0,0,,54,1.99600589733,-0.0773791370986,-0.0998645430068,0.998002948667,-0.0386895685493,-0.0499322715034,0.998002948667,-0.0386895685493,-0.0499322715034,1.91474244488,0.291770393412,0.127656602675,1.9079342177269658,0.3225168112368607,0.14699975381337374
53.95,29.992962941537794,12.551609190835098,4.520699376858198,1.8462000546943653,0.5765743848769299,0.2835534682888931,1.9959165265629555,-0.07869247307982373,-0.10062163620935385,DEPTH_PROPOSAL_CERTIFIED,1.4411889767997184,0,32,0,0,196,FULL_MOTION_CERTIFICATE,0,0,0,203,0,0,0,0,0,,54.016666666,1.99596084949,-0.0780435418677,-0.10024715885,0.997980424747,-0.0390217709338,-0.0501235794251,0.997980424747,-0.0390217709338,-0.0501235794251,1.92134262876,0.261780762274,0.109173040713,1.914837313523332,0.2911471370816385,0.12765660267533216
53.96666666666667,30.02380105065737,12.560933201627632,4.525267386514345,1.8502865471746899,0.5594406475520826,0.27408057936885727,1.9958729544763723,-0.07932594140359532,-0.10098784387336221,DEPTH_PROPOSAL_CERTIFIED,1.4355539826733819,0,32,0,0,196,FULL_MOTION_CERTIFICATE,0,0,0,203,0,0,0,0,0,,54.033333333,1.99591652656,-0.0786924730798,-0.100621636209,0.997958263281,-0.0393462365399,-0.0503108181047,0.997958263281,-0.0393462365399,-0.0503108181047,1.92762731669,0.233183747489,0.0915490442404,1.9214257130990642,0.2611702388028689,0.1091730407130923
53.983333333333334,30.054706659405188,12.56997221421019,4.529676239230308,1.8543365248692745,0.5423407549535614,0.264531162957769,1.9958301580883782,-0.0799439493217576,-0.10134567100650531,DEPTH_PROPOSAL_CERTIFIED,1.426728402707399,0,32,0,0,196,FULL_MOTION_CERTIFICATE,0,0,0,203,0,0,0,0,0,,54.05,1.99587295448,-0.0793259414036,-0.100987843873,0.997936477238,-0.0396629707018,-0.0504939219367,0.997936477238,-0.0396629707018,-0.0504939219367,1.93359664542,0.205979394129,0.0747845945834,1.9276995129523662,0.23258615590851445,0.09154904424044828
54.0,30.085679249036218,12.578726704898028,4.533924867217158,1.858355377861876,0.5252694412702231,0.25491767921102665,1.9957881613401052,-0.0805464928245537,-0.10169502223976463,DEPTH_PROPOSAL_CERTIFIED,1.4179727251645458,0,32,0,0,197,FULL_MOTION_CERTIFICATE,0,0,0,203,0,0,0,0,0,,54.066666666,1.99583015809,-0.0799439493218,-0.101345671007,0.997915079044,-0.0399719746609,-0.0506728355033,0.997915079044,-0.0399719746609,-0.0506728355033,1.93925076032,0.180167747933,0.0588796743485,1.9336588167913498,0.20539493235792186,0.0747845945833957
54.016666666666666,30.116718371983612,12.587197079145886,4.5380123670641375,1.862347376843765,0.5082224548715026,0.2452499908187381,1.995746987379735,-0.08113356266001683,-0.1020358141772045,DEPTH_PROPOSAL_CERTIFIED,1.4092790380714408,0,32,0,0,197,FULL_MOTION_CERTIFICATE,0,0,0,203,0,0,0,0,0,,54.083333333,1.99578816134,-0.0805464928246,-0.10169502224,0.99789408067,-0.0402732464123,-0.0508475111199,0.99789408067,-0.0402732464123,-0.0508475111199,1.94458981725,0.155748851507,0.0438342646677,1.9393037373939257,0.17959661164225604,0.058879674348497536
54.03333333333333,30.147823637814035,12.595383684430288,4.541937967542634,1.8663159498255621,0.49119631706416295,0.23553602870981555,1.995706658647681,-0.08170514527196732,-0.10236797284988877,DEPTH_PROPOSAL_CERTIFIED,1.4006392395094767,0,32,0,0,197,FULL_MOTION_CERTIFICATE,0,0,0,203,0,0,0,0,0,,54.1,1.99574698738,-0.08113356266,-0.102035814177,0.99787349369,-0.04056678133,-0.0510179070886,0.99787349369,-0.04056678133,-0.0510179070886,1.9496139818,0.132722753728,0.0296483506036,1.9446343983442849,0.15519123325869616,0.04383426466767215
54.05,30.1789947024679,12.603286820198075,4.545701005236045,1.870263879231978,0.47418814606724874,0.2257822616046587,1.9956671969384905,-0.08226122351386918,-0.10269143182208273,DEPTH_PROPOSAL_CERTIFIED,1.39204505907927,0,32,0,0,197,FULL_MOTION_CERTIFICATE,0,0,0,203,0,0,0,0,0,,54.116666666,1.99570665865,-0.081705145272,-0.10236797285,0.997853329324,-0.040852572636,-0.0511839864249,0.997853329324,-0.040852572636,-0.0511839864249,1.95432343173,0.111089505248,0.016321917994,1.9496509331249274,0.132178842314676,0.02964835060360638
54.06666666666667,30.210231259884115,12.610906745638836,4.549300905809658,1.874193444972078,0.4571955264454192,0.21599403441673845,1.99562862344652,-0.08280177719900235,-0.10300613075752137,DEPTH_PROPOSAL_CERTIFIED,1.383488071802463,0,32,0,0,198,FULL_MOTION_CERTIFICATE,0,0,0,203,0,0,0,0,0,,54.133333333,1.99566719694,-0.0822612235139,-0.102691431822,0.997833598469,-0.0411306117569,-0.051345715911,0.997833598469,-0.0411306117569,-0.051345715911,1.95871835946,0.0908491555641,0.00385495124471,1.9543534875297952,0.11055948517684627,0.016321917993950684
54.083333333333336,30.241533035384997,12.618243685817598,4.552737169425233,1.8781065300530004,0.44021641072577133,0.20617581693451573,1.9955909588000262,-0.08332678352912498,-0.10331201431722133,DEPTH_PROPOSAL_CERTIFIED,1.3749597063847878,0,32,0,0,198,FULL_MOTION_CERTIFICATE,0,0,0,204,0,0,0,0,0,,54.15,1.99562862345,-0.082801777199,-0.103006130758,0.997814311723,-0.0414008885995,-0.0515030653788,0.997814311723,-0.0414008885995,-0.0515030653788,1.96279897259,0.0720017610935,-0.00775256212831,1.9587422220738337,0.0903332066445266,0.003854951244708287
54.1,30.272899780380275,12.625297836552996,4.556009359256703,1.8820046997167263,0.42324904412388764,0.19633138988820958,1.9955542230868257,-0.08383621743149884,-0.10360903130091717,DEPTH_PROPOSAL_CERTIFIED,1.3664512492072736,0,32,0,0,198,FULL_MOTION_CERTIFICATE,0,0,0,204,0,0,0,0,0,,54.166666666,1.9955909588,-0.0833267835291,-0.103312014317,0.9977954794,-0.0416633917646,-0.0516560071586,0.9977954794,-0.0416633917646,-0.0516560071586,1.96656549751,0.0545473816906,-0.0185006341425,1.9628173124632053,0.071500058110038,-0.007752562128308545
54.11666666666667,30.304331268072147,12.632069368321057,4.559117092365446,1.8858892615124938,0.40629190608369575,0.18646398652457355,1.9955184358736773,-0.08433005182573741,-0.1038971339707717,DEPTH_PROPOSAL_CERTIFIED,1.357953845036164,0,32,0,0,198,FULL_MOTION_CERTIFICATE,0,0,0,204,0,0,0,0,0,,54.183333333,1.99555422309,-0.0838362174315,-0.103609031301,0.997777111543,-0.0419181087157,-0.0518045156505,0.997777111543,-0.0419181087157,-0.0518045156505,1.97001818344,0.0384860788323,-0.0283892780551,1.9665789531755962,0.05406009413451304,-0.018500634142490896
54.13333333333333,30.335827289929313,12.638558429390532,4.562060032400725,1.8897613114299403,0.3893436641685063,0.17657640211679365,1.9954836162209357,-0.08480825783608174,-0.10417627751377234,DEPTH_PROPOSAL_CERTIFIED,1.3494584951816098,0,32,0,0,198,FULL_MOTION_CERTIFICATE,0,0,0,204,0,0,0,0,0,,54.2,1.99551843587,-0.0843300518257,-0.103897133971,0.997759217937,-0.0421650259129,-0.0519485669854,0.997759217937,-0.0421650259129,-0.0519485669854,1.97315730574,0.0238179227184,-0.0374185047253,1.9700273614840236,0.03801337068136924,-0.028389278055072787
54.15,30.36738765275774,12.644765148341945,4.564837883735919,1.8936217697057378,0.3724031370847626,0.16667108011164278,1.9954497826935498,-0.08527080496056796,-0.10444641961140991,DEPTH_PROPOSAL_CERTIFIED,1.3409560536533554,0,32,0,0,198,FULL_MOTION_CERTIFICATE,0,0,0,204,0,0,0,0,0,,54.216666666,1.99548361622,-0.0848082578361,-0.104176277514,0.99774180811,-0.042404128918,-0.0520881387569,0.99774180811,-0.042404128918,-0.0520881387569,1.97598317284,0.0105429903087,-0.0455883247802,1.9731627807277172,0.02335995225514921,-0.037418504725327754
54.166666666666664,30.399012176239246,12.650689636083316,4.567450386754561,1.8974714088905518,0.3554692644823311,0.15675018111854136,1.9954169533692108,-0.08571766120554972,-0.1047075200937714,DEPTH_PROPOSAL_CERTIFIED,1.3324372217319143,0,32,0,0,198,FULL_MOTION_CERTIFICATE,0,0,0,204,0,0,0,0,0,,54.233333333,1.99544978269,-0.0852708049606,-0.104446419611,0.997724891347,-0.0426354024803,-0.0522232098057,0.997724891347,-0.0426354024803,-0.0522232098057,1.97849613541,-0.0013386345781,-0.0528987498571,1.9759854872463862,0.010099909967285797,-0.04558832478024684
54.18333333333333,30.430700690840954,12.656331987445904,4.5698973140762735,1.9013108761026158,0.33854108175535924,0.14681563930275088,1.9953851458442216,-0.08614879319184326,-0.10495954066126466,DEPTH_PROPOSAL_CERTIFIED,1.3251351488602343,0,32,0,0,198,FULL_MOTION_CERTIFICATE,0,0,0,204,0,0,0,0,0,,54.25,1.99541695337,-0.0857176612055,-0.104707520094,0.997708476685,-0.0428588306028,-0.0523537600469,0.997708476685,-0.0428588306028,-0.0523537600469,1.98069659817,-0.0118268538326,-0.0593497899124,1.978495799491632,-0.0017666783398610497,-0.05289874985712599
54.2,30.462453036024044,12.661692282420452,4.572178467570267,1.9051407109847838,0.3216176984727195,0.1368692096395755,1.995354377237508,-0.08656416623710525,-0.10520244466167475,DEPTH_PROPOSAL_CERTIFIED,1.3180257884060849,0,32,0,0,198,FULL_MOTION_CERTIFICATE,0,0,0,204,0,0,0,0,0,,54.266666666,1.99538514584,-0.0861487931918,-0.104959540661,0.997692572922,-0.0430743965959,-0.0524797703306,0.997692572922,-0.0430743965959,-0.0524797703306,1.98258504051,-0.0209215531864,-0.0649414549727,1.9806940898832066,-0.012239720642111845,-0.05934978991244338
54.21666666666667,30.494269058702276,12.666770587076453,4.574293676049363,1.9089613606939269,0.30469827936002963,0.12691250874574897,1.995324664193079,-0.08696374441777124,-0.10543619691365881,DEPTH_PROPOSAL_CERTIFIED,1.3110497027061794,0,32,0,0,198,FULL_MOTION_CERTIFICATE,0,0,0,204,0,0,0,0,0,,54.283333333,1.99535437724,-0.0865641662371,-0.105202444662,0.997677188619,-0.0432820831186,-0.0526012223308,0.997677188619,-0.0432820831186,-0.0526012223308,1.98416205065,-0.0286225957277,-0.0696737560231,1.9825808053770042,-0.021319108849022106,-0.06494145497274857
54.233333333333334,30.526148611925816,12.6715669541927,4.576242793575659,1.9127731934125476,0.2877820269748679,0.11694705157777534,1.9952960228811503,-0.08734749061288034,-0.10566076357047686,DEPTH_PROPOSAL_CERTIFIED,1.3041834715961884,0,32,0,0,198,FULL_MOTION_CERTIFICATE,0,0,0,204,0,0,0,0,0,,54.3,1.99532466419,-0.0869637444178,-0.105436196914,0.997662332097,-0.0434818722089,-0.0527180984568,0.997662332097,-0.0434818722089,-0.0527180984568,1.98542839004,-0.0349298043063,-0.073546703498,1.9841565016138767,-0.029004712307439597,-0.06967375602314423
54.25,30.558091553805358,12.676081423617465,4.578025698343907,1.9165765127726373,0.27086816548587145,0.1069742860949133,1.9952684689980418,-0.08771536653132958,-0.10587611202005784,DEPTH_PROPOSAL_CERTIFIED,1.297402818932391,0,32,0,0,198,FULL_MOTION_CERTIFICATE,0,0,0,204,0,0,0,0,0,,54.316666666,1.99529602288,-0.0873474906129,-0.10566076357,0.997634234499,-0.0438576832657,-0.05293805601,0.997648011441,-0.0436737453064,-0.0528303817852,1.98638037543,-0.0398439364219,-0.0765604080677,1.9854219073425874,-0.035296360199385084,-0.0735467034979797
54.266666666666666,30.590097742466433,12.680314021463124,4.579642292052303,1.920371319664577,0.2539558707395202,0.09699562250376145,1.9952420177649017,-0.08806733272361816,-0.10608221081967668,DEPTH_PROPOSAL_CERTIFIED,1.290682653749188,0,32,0,0,199,FULL_MOTION_CERTIFICATE,0,0,0,204,0,0,0,0,0,,54.333333333,1.995268469,-0.0877153665313,-0.10587611202,0.997634234499,-0.0438576832657,-0.05293805601,0.997634234499,-0.0438576832657,-0.05293805601,1.98705371587,-0.0434705599876,-0.0787812947752,1.9863733062967772,-0.040194815594321386,-0.07656040806773105
54.28333333333333,30.622167044645472,12.684264763032745,4.581092498157135,1.924158130742419,0.2370444941772892,0.08701236628992454,1.9952166839290664,-0.08840334851357919,-0.10627902964690235,DEPTH_PROPOSAL_CERTIFIED,1.283997108958297,0,32,0,0,199,FULL_MOTION_CERTIFICATE,0,0,0,204,0,0,0,0,0,,54.35,1.99524201776,-0.0880673327236,-0.10608221082,0.997621008882,-0.0440336663618,-0.0530411054098,0.997621008882,-0.0440336663618,-0.0530411054098,1.98767404178,-0.0468491034442,-0.0808495460321,1.9870463566788823,-0.043805658703409286,-0.07878129477520385
54.3,30.654299325528232,12.68793366207068,4.582376242310393,1.9279368529656105,0.22013394227615093,0.07702464919547189,1.9951924817552529,-0.08872337218831053,-0.10646653922640954,DEPTH_PROPOSAL_CERTIFIED,1.2773195811425286,0,32,0,0,199,FULL_MOTION_CERTIFICATE,0,0,0,204,0,0,0,0,0,,54.366666666,1.99521668393,-0.0884033485136,-0.106279029647,0.997608341965,-0.0442016742568,-0.0531395148235,0.997608341965,-0.0442016742568,-0.0531395148235,1.98824545404,-0.0499971521872,-0.0827760219864,1.9876664913137072,-0.04716835984135894,-0.08084954603205922
54.31666666666667,30.686494448366698,12.69132073089377,4.583493451993601,1.9317073703072256,0.20322412938534234,0.06703258099240611,1.9951694250617953,-0.08902736151999238,-0.10664471013310214,DEPTH_PROPOSAL_CERTIFIED,1.2706227677727804,0,32,0,0,200,FULL_MOTION_CERTIFICATE,0,0,0,205,0,0,0,0,0,,54.383333333,1.99519248176,-0.0887233721883,-0.106466539226,0.997596240878,-0.0443616860942,-0.0532332696132,0.997596240878,-0.0443616860942,-0.0532332696132,1.98877174403,-0.0529309567914,-0.0845707581769,1.9882378026436998,-0.05030050578760972,-0.0827760219864277
54.333333333333336,30.71875227405798,12.694425980512468,4.5844440561565065,1.9354695414769854,0.18631497712189266,0.05703624977436135,1.9951475272174828,-0.08931527376844904,-0.10681351276702089,DEPTH_PROPOSAL_CERTIFIED,1.2638787046229496,0,32,0,0,200,FULL_MOTION_CERTIFICATE,0,0,0,205,0,0,0,0,0,,54.4,1.99516942506,-0.08902736152,-0.106644710133,0.997584712531,-0.04451368076,-0.0533223550666,0.997584712531,-0.04451368076,-0.0533223550666,1.98925641685,-0.0556655329619,-0.0862430272979,1.988764074354045,-0.05321834833420289,-0.08457075817686649
54.35,30.751072660671795,12.697249420743534,4.585227984852938,1.9392231968289815,0.1694064138639075,0.04703572178584492,1.995126801138357,-0.08958706568305205,-0.10697291732830051,DEPTH_PROPOSAL_CERTIFIED,1.2570588033812053,0,32,0,0,200,FULL_MOTION_CERTIFICATE,0,0,0,205,0,0,0,0,0,,54.416666666,1.99514752722,-0.0893152737684,-0.106813512767,0.997573763609,-0.0446576368842,-0.0534067563835,0.997573763609,-0.0446576368842,-0.0534067563835,1.98970271307,-0.0582147556483,-0.0878013973469,1.9892488045148988,-0.055936904250443,-0.08624302729790549
54.36666666666667,30.78345546290865,12.69979106031585,4.585845168864774,1.9429681342113578,0.15249837433900992,0.03703104071014165,1.9951072592844825,-0.08984269350402652,-0.10712289379167289,DEPTH_PROPOSAL_CERTIFIED,1.2501338894542764,0,32,0,0,200,FULL_MOTION_CERTIFICATE,0,0,0,205,0,0,0,0,0,,54.416666666,1.99514752722,-0.0893152737684,-0.106813512767,0.997573763609,-0.0446576368842,-0.0534067563835,0.997573763609,-0.0446576368842,-0.0534067563835,1.98970271307,-0.0582147556483,-0.0878013973469,1.9896952272866386,-0.05847004941045661,-0.0878013973468673
54.38333333333333,30.81589778120101,12.702063320664031,4.586302887993002,1.9465390975417778,0.13633562089086115,0.027463147693706506,1.9950889136567234,-0.09008211296320566,-0.10726341187991377,DEPTH_PROPOSAL_CERTIFIED,1.2431120338306014,0,32,0,0,200,FULL_MOTION_CERTIFICATE,0,0,0,205,0,0,0,0,0,,54.45,1.99510725928,-0.089842693504,-0.107122893792,0.997553629642,-0.044921346752,-0.0535614468958,0.997553629642,-0.044921346752,-0.0535614468958,1.99049056589,-0.062825348147,-0.0906180067312,1.9901048501729026,-0.06084997117656594,-0.08926514710680938
54.4,30.848395584840606,12.704083832685845,4.586611514754532,1.9498682183759781,0.12123072130877945,0.0185176056918198,1.9950717193259686,-0.09030601557139617,-0.10739487090798033,DEPTH_PROPOSAL_CERTIFIED,1.2359680995543387,0,32,0,0,200,FULL_MOTION_CERTIFICATE,0,0,0,205,0,0,0,0,0,,54.466666666,1.99508891366,-0.0900821129632,-0.10726341188,0.997535859663,-0.0451530077857,-0.053697435454,0.997544456828,-0.0450410564816,-0.05363170594,1.99083762296,-0.064907216808,-0.0918889812392,1.990483492553225,-0.06304905359262872,-0.09061800673120472
54.416666666666664,30.880945108898892,12.705869057861618,4.5867807392598365,1.9529714434972893,0.10711351054641732,0.010153470318257229,1.9950556064704479,-0.0905154044861037,-0.10751785266434292,DEPTH_PROPOSAL_CERTIFIED,1.2286676116284272,0,32,0,0,200,FULL_MOTION_CERTIFICATE,0,0,0,205,0,0,0,0,0,,54.483333333,1.99507171933,-0.0903060155714,-0.107394870908,0.997535859663,-0.0451530077857,-0.053697435454,0.997535859663,-0.0451530077857,-0.053697435454,1.99115838784,-0.0668313682679,-0.093063669874,1.9908307899772895,-0.06511646075441106,-0.09188898123921238
54.43333333333333,30.91354284048983,12.707434408555345,4.586819639093181,1.9558638954563716,0.0939210416237131,0.002333990000664211,1.9950405093005825,-0.09071121691167162,-0.1076329009925712,DEPTH_PROPOSAL_CERTIFIED,1.2212111582139602,0,32,0,0,200,FULL_MOTION_CERTIFICATE,0,0,0,205,0,0,0,0,0,,54.5,1.99505560647,-0.0905154044861,-0.107517852664,0.997527803235,-0.0452577022431,-0.0537589263322,0.997527803235,-0.0452577022431,-0.0537589263322,1.99145363168,-0.0686256134719,-0.0941586837436,1.9911518093571774,-0.06702707923328814,-0.09306366987397646
54.45,30.946185500641306,12.708794292451428,4.586736704742505,1.9585596090879476,0.08159303376495468,-0.004976061040573035,1.9950263656631269,-0.09089433102725826,-0.10774052578340013,DEPTH_PROPOSAL_CERTIFIED,1.2135993366369662,0,32,0,0,200,FULL_MOTION_CERTIFICATE,0,0,0,205,0,0,0,0,0,,54.516666666,1.9950405093,-0.0907112169117,-0.107632900993,0.99752025465,-0.0453556084558,-0.0538164504963,0.99752025465,-0.0453556084558,-0.0538164504963,1.99172536483,-0.0702987651807,-0.0951794577368,1.9914473153931607,-0.06880866211183795,-0.09415868374363177
54.46666666666667,30.978870029108105,12.709962177609619,4.586539877214182,1.9610717080079447,0.07007310949142942,-0.011809651699378582,1.995013116977093,-0.09106556837242409,-0.10784120430683984,DEPTH_PROPOSAL_CERTIFIED,1.2058327845896262,0,32,0,0,200,FULL_MOTION_CERTIFICATE,0,0,0,205,0,0,0,0,0,,54.533333333,1.99502636566,-0.0908943310273,-0.107740525783,0.997513182832,-0.0454471655136,-0.0538702628917,0.997513182832,-0.0454471655136,-0.0538702628917,1.99197544065,-0.0718590353518,-0.09613105382,1.9917193148319128,-0.07046996664558733,-0.09517945773681137
54.483333333333334,31.01159357013814,12.710950653345767,4.586236583269041,1.96341246180209,0.05930854416887184,-0.0181976367085146,1.9950007080580372,-0.09122569748907604,-0.10793538328815543,DEPTH_PROPOSAL_CERTIFIED,1.1979122026434255,0,32,0,0,200,FULL_MOTION_CERTIFICATE,0,0,0,205,0,0,0,0,0,,54.55,1.99501311698,-0.0910655683724,-0.107841204307,0.997506558489,-0.0455327841862,-0.0539206021534,0.997506558489,-0.0455327841862,-0.0539206021534,1.99220556765,-0.0733140757612,-0.0970181864504,1.9919696580906645,-0.0720191527663387,-0.09613105381997882
54.5,31.04435345913462,12.711771487203555,4.58583376842776,1.9655933397890122,0.04925003146719038,-0.02416889047683607,1.9949890869469262,-0.09137543732974912,-0.10802348085239179,DEPTH_PROPOSAL_CERTIFIED,1.189838369692847,0,32,0,0,200,FULL_MOTION_CERTIFICATE,0,0,0,205,0,0,0,0,0,,54.566666666,1.99500070806,-0.0912256974891,-0.107935383288,0.997494543473,-0.0456877186649,-0.0540117404262,0.997500354029,-0.0456128487445,-0.0539676916441,1.99241644032,-0.0746823606738,-0.0978519208414,1.9922000512294642,-0.07346382349333089,-0.09701818645036246
54.516666666666666,31.077147209048,12.712435663941632,4.585337919457231,1.967624994803051,0.039850604284658475,-0.029750938231727662,1.9949782047441262,-0.09151546044726788,-0.10810588834576987,DEPTH_PROPOSAL_CERTIFIED,1.1816121394528083,0,32,0,0,200,FULL_MOTION_CERTIFICATE,0,0,0,205,0,0,0,0,0,,54.583333333,1.99498908695,-0.0913754373297,-0.108023480852,0.997489102372,-0.0457577302236,-0.0540529441729,0.997494543473,-0.0456877186649,-0.0540117404262,1.99261051338,-0.0759575955306,-0.098628736577,1.9924111859743274,-0.0748224073422378,-0.09785192084140926
54.53333333333333,31.109972500024156,12.71295345283824,4.5847551035695995,1.9695174585693842,0.031067333796525244,-0.03496895325788231,1.9949680155164644,-0.09164639511188354,-0.1081829715310918,DEPTH_PROPOSAL_CERTIFIED,1.1732344606470844,0,32,0,0,200,FULL_MOTION_CERTIFICATE,0,0,0,205,0,0,0,0,0,,54.6,1.99497820474,-0.0915154604473,-0.108105888346,0.997484007758,-0.0458231975559,-0.0540914857655,0.997489102372,-0.0457577302236,-0.0540529441729,1.99278911203,-0.0771461409772,-0.0993525422698,1.9926055165186507,-0.07608856615870678,-0.0986287365769729
54.55,31.142827168409628,12.713334453913554,4.584090995271599,1.9712801031285108,0.02286006451883211,-0.039846497879996355,1.9949584760608774,-0.09176882915733156,-0.10825507280471859,DEPTH_PROPOSAL_CERTIFIED,1.1647063784583378,0,32,0,0,200,FULL_MOTION_CERTIFICATE,0,0,0,206,0,0,0,0,0,,54.616666666,1.99496801552,-0.0916463951119,-0.108182971531,0.99747923803,-0.0458844145787,-0.0541275364024,0.997484007758,-0.0458231975559,-0.0540914857655,1.99295345779,-0.0782539203405,-0.100026976374,1.9927843667498566,-0.07726862066903029,-0.09935254226979136
54.56666666666667,31.175709196459323,12.713587641199332,4.583350901520955,1.9729216829809577,0.015191237146694007,-0.04440562503865346,1.99494954575762,-0.0918833125688639,-0.108322512677822,DEPTH_PROPOSAL_CERTIFIED,1.1560290331820395,0,32,0,0,200,FULL_MOTION_CERTIFICATE,0,0,0,206,0,0,0,0,0,,54.633333333,1.99495847606,-0.0917688291573,-0.108255072805,0.99747923803,-0.0458844145787,-0.0541275364024,0.99747923803,-0.0458844145787,-0.0541275364024,1.99310535311,-0.0792777770895,-0.100650317025,1.9929489571808037,-0.0783684567933534,-0.10002697637424787
54.583333333333336,31.208616703558253,12.71372141419201,4.582539791745075,1.9744504259357996,0.008026379560669018,-0.04866658655279968,1.9949411864293503,-0.09199035990667286,-0.10838559116458679,DEPTH_PROPOSAL_CERTIFIED,1.1483152676769395,0,32,0,0,200,FULL_MOTION_CERTIFICATE,0,0,0,206,0,0,0,0,0,,54.65,1.99494954576,-0.0918833125689,-0.108322512678,0.997474772879,-0.0459416562844,-0.0541612563389,0.997474772879,-0.0459416562844,-0.0541612563389,1.99324506468,-0.0802327419177,-0.10123154398,1.9931010899848722,-0.07938488298884122,-0.10065031702538671
54.6,31.24154793616819,12.713743622440628,4.581662312073454,1.9758739565963275,0.00133249491707321,-0.05264878029731293,1.994933362154055,-0.0920904532413044,-0.10844458947559146,DEPTH_PROPOSAL_CERTIFIED,1.143609897473174,0,32,0,0,200,FULL_MOTION_CERTIFICATE,0,0,0,206,0,0,0,0,0,,54.666666666,1.99494118643,-0.0919903599067,-0.108385591165,0.997470593215,-0.0459951799533,-0.0541927955823,0.997470593215,-0.0459951799533,-0.0541927955823,1.99337355875,-0.0811234705176,-0.10177351723,1.9932410306547697,-0.08033289773480068,-0.10123154398037756
54.61666666666667,31.274501259420166,12.713661601370125,4.580722806218836,1.9771993951187568,-0.00492126423013791,-0.056370351277079137,1.9949260391990014,-0.09218404347048992,-0.10849977076111819,DEPTH_PROPOSAL_CERTIFIED,1.1387947558785887,0,32,0,0,200,FULL_MOTION_CERTIFICATE,0,0,0,206,0,0,0,0,0,,54.683333333,1.99493336215,-0.0920904532413,-0.108444589476,0.997466681077,-0.0460452266207,-0.0542222947378,0.997466681077,-0.0460452266207,-0.0542222947378,1.99349172567,-0.0819543025587,-0.102278901501,1.9933697450923946,-0.08121712582611826,-0.10177351723022963
54.63333333333333,31.307475149248305,12.713482205787283,4.579725335023026,1.9784333896884247,-0.0107637349704863,-0.05984827174861458,1.994919185896063,-0.09227155232879793,-0.10855138126538731,DEPTH_PROPOSAL_CERTIFIED,1.1338754546513192,0,32,0,0,200,FULL_MOTION_CERTIFICATE,0,0,0,206,0,0,0,0,0,,54.7,1.9949260392,-0.0921840434705,-0.108499770761,0.9974630196,-0.0460920217352,-0.0542498853806,0.9974630196,-0.0460920217352,-0.0542498853806,1.99360038579,-0.0827292829463,-0.102750179485,1.9934881234383766,-0.08204187800274103,-0.10227890150134958
54.65,31.340468185031277,12.713211841218186,4.578673694751791,1.9795821469785408,-0.0162218741458542,-0.06309841627409814,1.994912772523019,-0.09235337426812243,-0.10859965140742595,DEPTH_PROPOSAL_CERTIFIED,1.128857292112572,0,32,0,0,200,FULL_MOTION_CERTIFICATE,0,0,0,206,0,0,0,0,0,,54.716666666,1.9949191859,-0.0922715523288,-0.108551381265,0.997459592948,-0.0461357761644,-0.0542756906327,0.997459592948,-0.0461357761644,-0.0542756906327,1.99370029489,-0.083452182113,-0.103189664451,1.9935969859179594,-0.08281117208534666,-0.10275017948500002
54.666666666666664,31.373479042709867,12.712856493216,4.577571434217707,1.9806514607155656,-0.021320880131113586,-0.06613563204505896,1.994906771190697,-0.09242987821731558,-0.10864479679322439,DEPTH_PROPOSAL_CERTIFIED,1.1237452745419154,0,32,0,0,200,FULL_MOTION_CERTIFICATE,0,0,0,206,0,0,0,0,0,,54.716666666,1.9949191859,-0.0922715523288,-0.108551381265,0.997459592948,-0.0461357761644,-0.0542756906327,0.997459592948,-0.0461357761644,-0.0542756906327,1.99370029489,-0.083452182113,-0.103189664451,1.993697088307269,-0.08352875315128189,-0.1031896644507833
54.68333333333333,31.4065064883509,12.712421754769192,4.576421870804948,1.9816467384620629,-0.026084306808482345,-0.06897380476556157,1.9949011557358058,-0.09250140922869898,-0.10868701916351627,DEPTH_PROPOSAL_CERTIFIED,1.1185441356554973,0,32,0,0,200,FULL_MOTION_CERTIFICATE,0,0,0,206,0,0,0,0,0,,54.75,1.99490677119,-0.0924298782173,-0.108644796793,0.997453385595,-0.0462149391087,-0.0543223983966,0.997453385595,-0.0462149391087,-0.0543223983966,1.99387659031,-0.0847555575563,-0.103981730512,1.9937891269693309,-0.08419811227238477,-0.1035995119556956
54.7,31.439549372129555,12.711912851932516,4.575228105465741,1.9825730267186523,-0.03053417020061978,-0.07162592035238649,1.9948959016192886,-0.09256829001869891,-0.10872650728124908,DEPTH_PROPOSAL_CERTIFIED,1.113258354394094,0,32,0,0,200,FULL_MOTION_CERTIFICATE,0,0,0,206,0,0,0,0,0,,54.766666666,1.99490115574,-0.0925014092287,-0.108687019164,0.997450577868,-0.0462507046143,-0.0543435095818,0.997450577868,-0.0462507046143,-0.0543435095818,1.9939542089,-0.0853423644777,-0.104338191759,1.9938737434490401,-0.0848225035846748,-0.1039817305116376
54.71666666666667,31.472606622703715,12.711334667794846,4.573993036753547,1.9834350344496838,-0.034691048260170755,-0.07410412273166656,1.9948909858300083,-0.09263082240941269,-0.10876343776257216,DEPTH_PROPOSAL_CERTIFIED,1.1078921712166174,0,32,0,0,200,FULL_MOTION_CERTIFICATE,0,0,0,206,0,0,0,0,0,,54.783333333,1.99489590162,-0.0925682900187,-0.108726507281,0.99744795081,-0.0462841450093,-0.0543632536406,0.99744795081,-0.0462841450093,-0.0543632536406,1.99402554926,-0.0858897830902,-0.104670639911,1.9939515287682694,-0.08540496058669575,-0.10433819175888512
54.733333333333334,31.50567724195582,12.71069176489074,4.572719373954004,1.9842371551263864,-0.03857417424634311,-0.07641976797253773,1.9948863867935795,-0.09268928867744834,-0.10879797585491037,DEPTH_PROPOSAL_CERTIFIED,1.1024496030678252,0,32,0,0,200,FULL_MOTION_CERTIFICATE,0,0,0,206,0,0,0,0,0,,54.8,1.99489098583,-0.0926308224094,-0.108763437763,0.997445492915,-0.0463154112047,-0.0543817188813,0.997445492915,-0.0463154112047,-0.0543817188813,1.99409111264,-0.0864004678974,-0.104980700361,1.9940230273821593,-0.0859483112776487,-0.10467063991116772
54.75,31.53876030007871,12.709988406156203,4.571409649371144,1.9849834873735281,-0.042201524072220345,-0.07858347497163756,1.9948820842861406,-0.09274395281597614,-0.10883027616546759,DEPTH_PROPOSAL_CERTIFIED,1.0969344571673862,0,32,0,0,200,FULL_MOTION_CERTIFICATE,0,0,0,206,0,0,0,0,0,,54.816666666,1.99488638679,-0.0926892886774,-0.108797975855,0.997443193397,-0.0463446443387,-0.0543989879275,0.997443193397,-0.0463446443387,-0.0543989879275,1.99415136068,-0.086876893695,-0.105269887887,1.9940887407886565,-0.08645519194792539,-0.10498070036065714
54.766666666666666,31.571854930983832,12.709228574522326,4.570066229822482,1.9856778543074558,-0.04558989803261551,-0.0806051729197356,1.9948780593528679,-0.09279506171557339,-0.10886048334330926,DEPTH_PROPOSAL_CERTIFIED,1.0913503437469387,0,32,0,0,200,FULL_MOTION_CERTIFICATE,0,0,0,206,0,0,0,0,0,,54.833333333,1.99488208429,-0.092743952816,-0.108830276165,0.997441042143,-0.046371976408,-0.0544151380827,0.997441042143,-0.046371976408,-0.0544151380827,1.99420671853,-0.0873213678797,-0.105539614277,1.9941491309013746,-0.08692806034943912,-0.10526988788653306
54.78333333333333,31.604960328011238,12.708415991234538,4.568691327393318,1.9863238216444539,-0.048754997267236116,-0.08249414574980819,1.9948742942310267,-0.0928428462690625,-0.10888873271795887,DEPTH_PROPOSAL_CERTIFIED,1.0862583632753515,0,32,0,0,200,FULL_MOTION_CERTIFICATE,0,0,0,206,0,0,0,0,0,,54.85,1.99487805935,-0.0927950617156,-0.108860483343,0.997439029676,-0.0463975308578,-0.0544302416717,0.997439029676,-0.0463975308578,-0.0544302416717,1.99425757768,-0.0877360416634,-0.105791195272,1.99420462315583,-0.08736920792960982,-0.10553961427669535
54.8,31.6380757399221,12.707554132979947,4.567287009497587,1.9869247146519393,-0.051711495275501076,-0.08425907374388489,1.9948707722773547,-0.09288752240521105,-0.10891515089725964,DEPTH_PROPOSAL_CERTIFIED,1.0842733766081818,0,32,0,0,200,FULL_MOTION_CERTIFICATE,0,0,0,206,0,0,0,0,0,,54.866666666,1.99487429423,-0.0928428462691,-0.108888732718,0.997437147116,-0.0464214231345,-0.054444366359,0.997437147116,-0.0464214231345,-0.054444366359,1.99430429863,-0.0881229207848,-0.10602585719,1.9942556093432622,-0.08778077097633578,-0.10579119527162197
54.81666666666667,31.671200467155714,12.706646247899611,4.565855208289423,1.9874836340160174,-0.054473104820091385,-0.08590807248980242,1.994867477899579,-0.0929292920558722,-0.10893985632709267,DEPTH_PROPOSAL_CERTIFIED,1.0822372345845155,0,32,0,0,200,FULL_MOTION_CERTIFICATE,0,0,0,207,0,0,0,0,0,,54.883333333,1.99487077228,-0.0928875224052,-0.108915150897,0.997435386139,-0.0464437612026,-0.0544575754486,0.997435386139,-0.0464437612026,-0.0544575754486,1.9943472133,-0.0884838754602,-0.106244743081,1.9943024502577664,-0.08816474126407971,-0.10602585718998829
54.833333333333336,31.704333858333907,12.705695370557756,4.564397729466877,1.9880034706916043,-0.05705264051129738,-0.0874487293527931,1.9948643964918675,-0.09296834406082777,-0.10896295981536495,DEPTH_PROPOSAL_CERTIFIED,1.0801531053685598,0,32,0,0,200,FULL_MOTION_CERTIFICATE,0,0,0,207,0,0,0,0,0,,54.9,1.9948674779,-0.0929292920559,-0.108939856327,0.99743373895,-0.0464646460279,-0.0544699281635,0.99743373895,-0.0464646460279,-0.0544699281635,1.99438662729,-0.0888206494514,-0.106448918331,1.9943454781337655,-0.08852297594401251,-0.1062447430812805
54.85,31.737475306997172,12.704704335935544,4.562916260506731,1.9884869197959976,-0.05946207733270107,-0.0888881376087374,1.9948615143740211,-0.09300485501432806,-0.10898456502253155,DEPTH_PROPOSAL_CERTIFIED,1.0780239934992526,0,32,0,0,200,FULL_MOTION_CERTIFICATE,0,0,0,207,0,0,0,0,0,,54.916666666,1.99486439649,-0.0929683440608,-0.108962959815,0.997432198246,-0.0464841720304,-0.0544814799077,0.997432198246,-0.0464841720304,-0.0544814799077,1.99442282192,-0.0891348687275,-0.106639376012,1.994384998869595,-0.0888572065538279,-0.10644891833125887
54.86666666666667,31.77062424855729,12.703675792512456,4.561412378366784,1.988936493607205,-0.061712605385230386,-0.09023292839685043,1.9948588187342198,-0.09303899005708156,-0.1090047689207823,DEPTH_PROPOSAL_CERTIFIED,1.0758527497176769,0,32,0,0,200,FULL_MOTION_CERTIFICATE,0,0,0,207,0,0,0,0,0,,54.933333333,1.99486151437,-0.0930048550143,-0.108984565023,0.997430757187,-0.0465024275072,-0.0544922825113,0.997430757187,-0.0465024275072,-0.0544922825113,1.9944560562,-0.0894280495126,-0.10681704185,1.9944212941039354,-0.08916904762608975,-0.1066393760118304
54.88333333333333,31.80378015745266,12.702612214494293,4.559887556689649,1.9893545337223764,-0.06381468108983955,-0.09148930062811379,1.9948562975751343,-0.09307090361719095,-0.10902366222387924,DEPTH_PROPOSAL_CERTIFIED,1.0736420801444782,0,32,0,0,200,FULL_MOTION_CERTIFICATE,0,0,0,207,0,0,0,0,0,,54.95,1.99485881873,-0.0930389900571,-0.109004768921,0.997429409367,-0.0465194950285,-0.0545023844604,0.997429409367,-0.0465194950285,-0.0545023844604,1.99448656851,-0.08970160562,-0.106982778752,1.9944546231274671,-0.08946000468607293,-0.10681704184952776
54.9,31.836942544493112,12.70151591324324,4.558343172540135,1.9897432224272502,-0.06577807506316564,-0.09266304897084601,1.9948539396632405,-0.09310074010331049,-0.10904132978950662,DEPTH_PROPOSAL_CERTIFIED,1.0713945548617871,0,32,0,0,200,FULL_MOTION_CERTIFICATE,0,0,0,207,0,0,0,0,0,,54.966666666,1.99485629758,-0.0930709036172,-0.109023662224,0.997428148788,-0.0465354518086,-0.0545118311119,0.997428148788,-0.0465354518086,-0.0545118311119,1.99451457829,-0.089956855458,-0.10713739113,1.9944852246267104,-0.08973148153774553,-0.10698277875217996
54.916666666666664,31.870110954381904,12.700389047961679,4.5567805127060765,1.9901045933276047,-0.06761191689372473,-0.09375959004352542,1.9948517344811456,-0.09312863455310187,-0.10905785099588532,DEPTH_PROPOSAL_CERTIFIED,1.0691126159476556,0,32,0,0,200,FULL_MOTION_CERTIFICATE,0,0,0,207,0,0,0,0,0,,54.983333333,1.99485393966,-0.0931007401033,-0.10904132979,0.997426969832,-0.0465503700517,-0.0545206648948,0.997426969832,-0.0465503700517,-0.0545206648948,1.99454028749,-0.090195028542,-0.10728162891,1.9945133183119308,-0.08998478722654689,-0.1071373911302151
54.93333333333333,31.903284963403383,12.699233635678077,4.555200779590621,1.9904405412888182,-0.0693247370160901,-0.09478398692737336,1.994849672182779,-0.09315471323985734,-0.10907330009428588,DEPTH_PROPOSAL_CERTIFIED,1.0667985850061101,0,32,0,0,200,FULL_MOTION_CERTIFICATE,0,0,0,207,0,0,0,0,0,,55,1.99485173448,-0.0931286345531,-0.109057850996,0.997425867241,-0.0465643172766,-0.0545289254979,0.997425867241,-0.0465643172766,-0.0545289254979,1.99456388196,-0.0904172714261,-0.107416191192,1.994539106415623,-0.09022114250894897,-0.10728162891031892
54.95,31.936464177265496,12.698051560580423,4.553605096722304,1.9907528317259837,-0.07092450585928162,-0.09574097209895298,1.9948477435512886,-0.09317909423997339,-0.10908774653897041,DEPTH_PROPOSAL_CERTIFIED,1.0644546702313353,0,32,0,0,200,FULL_MOTION_CERTIFICATE,0,0,0,207,0,0,0,0,0,,55.016666666,1.99484967218,-0.0931547132399,-0.109073300094,0.997424836091,-0.0465773566199,-0.0545366500471,0.997424836091,-0.0465773566199,-0.0545366500471,1.99458553273,-0.0906246533733,-0.10754172974,1.9945627750594006,-0.09044168574621031,-0.10741619119221975
54.96666666666667,31.969648229086943,12.696844582739487,4.551994513907471,1.991043109286864,-0.07241867045614132,-0.0966349688899705,1.9948459399594793,-0.09320188796380093,-0.10910125529600437,DEPTH_PROPOSAL_CERTIFIED,1.0620829730404118,0,32,0,0,200,FULL_MOTION_CERTIFICATE,0,0,0,207,0,0,0,0,0,,55.033333333,1.99484774355,-0.09317909424,-0.109087746539,0.997423871776,-0.04658954712,-0.0545438732695,0.997423871776,-0.04658954712,-0.0545438732695,1.99460539719,-0.0908181716247,-0.107658852227,1.9945844955296013,-0.09064747853783078,-0.10754172974038503
54.983333333333334,32.002836777519704,12.695614346261557,4.55037001204802,1.9913129059659869,-0.07381418867585852,-0.09747011156705367,1.99484425333267,-0.09322319765222134,-0.1091138871322816,DEPTH_PROPOSAL_CERTIFIED,1.0597178485436871,0,32,0,0,200,FULL_MOTION_CERTIFICATE,0,0,0,207,0,0,0,0,0,,55.05,1.99484593996,-0.0932018879638,-0.109101255296,0.99742296998,-0.0466009439819,-0.054550627648,0.99742296998,-0.0466009439819,-0.054550627648,1.99462362012,-0.0909987561994,-0.107768125189,1.9946044254512882,-0.09083951095640945,-0.10765885222746881
55.0,32.036029504997785,12.694362386907818,4.548732507646117,1.9915636486851642,-0.07511756122440034,-0.09825026411420044,1.994842676113815,-0.09324311984115163,-0.1091256988860208,DEPTH_PROPOSAL_CERTIFIED,1.0576754666529757,0,32,0,0,201,FULL_MOTION_CERTIFICATE,0,0,0,207,0,0,0,0,0,,55.066666666,1.99484425333,-0.0932231976522,-0.109113887132,0.997422126666,-0.0466115988261,-0.0545569435661,0.997422126666,-0.0466115988261,-0.0545569435661,1.99464033476,-0.0911672744846,-0.107870076848,1.9946227098591272,-0.09101870631661145,-0.1077681251893918
55.016666666666666,32.06922611610404,12.69309013921505,4.547082857016015,1.9917966663754103,-0.07633486156606747,-0.0989790378061287,1.9948412012307672,-0.09326174479604689,-0.10913674371991787,DEPTH_PROPOSAL_CERTIFIED,1.0556116861741378,0,32,0,0,201,FULL_MOTION_CERTIFICATE,0,0,0,207,0,0,0,0,0,,55.083333333,1.99484267611,-0.0932431198412,-0.109125698886,0.997421338057,-0.0466215599206,-0.054562849443,0.997421338057,-0.0466215599206,-0.054562849443,1.99465566365,-0.0913245354996,-0.107965199731,1.9946394821964135,-0.09118592573440729,-0.10787007684765387
55.03333333333333,32.10242633604724,12.691798943150063,4.545421860221866,1.9920131965919996,-0.0774717638992507,-0.09965980764894095,1.9948398220655623,-0.09327915691832851,-0.10914707135805847,DEPTH_PROPOSAL_CERTIFIED,1.053528043410842,0,32,0,0,201,FULL_MOTION_CERTIFICATE,0,0,0,207,0,0,0,0,0,,55.1,1.99484120123,-0.093261744796,-0.10913674372,0.997420600615,-0.046630872398,-0.05456837186,0.997420600615,-0.046630872398,-0.05456837186,1.99466971953,-0.0914712937826,-0.108053953066,1.9946548652343878,-0.09134197236408685,-0.1079651997312508
55.05,32.1356299092421,12.69049005032831,4.543750264759262,1.9922143916919066,-0.07853356930523167,-0.10029572775625603,1.9948385324255975,-0.0932954351255429,-0.10915672830762495,DEPTH_PROPOSAL_CERTIFIED,1.0514259729654318,0,32,0,0,201,FULL_MOTION_CERTIFICATE,0,0,0,207,0,0,0,0,0,,55.116666666,1.99483982207,-0.0932791569183,-0.109147071358,0.997419911033,-0.0466395784592,-0.054573535679,0.997419911033,-0.0466395784592,-0.054573535679,1.99468260608,-0.0916082531055,-0.108136765054,1.9946689719107715,-0.09148759525820029,-0.10805395306550063
55.06666666666667,32.16883659798548,12.689164629825049,4.542068768997039,1.9924013246025036,-0.07952523019562796,-0.10088974573336175,1.9948373265165977,-0.09331065320694668,-0.1091657580663707,DEPTH_PROPOSAL_CERTIFIED,1.0493068144214093,0,32,0,0,202,FULL_MOTION_CERTIFICATE,0,0,0,208,0,0,0,0,0,,55.133333333,1.99483853243,-0.0932954351255,-0.109156728308,0.997419266213,-0.0466477175628,-0.0545783641538,0.997419266213,-0.0466477175628,-0.0545783641538,1.99469441869,-0.0917360699278,-0.108214034999,1.9946819061117849,-0.09162349305845789,-0.10813676505404858
55.083333333333336,32.20204618122228,12.687823773605588,4.540378025394834,1.992574994207742,-0.08045137316763018,-0.10144461613227725,1.9948361989172683,-0.09332488015610005,-0.10917420131677012,DEPTH_PROPOSAL_CERTIFIED,1.0471718185924224,0,32,0,0,202,FULL_MOTION_CERTIFICATE,0,0,0,208,0,0,0,0,0,,55.15,1.99483732652,-0.0933106532069,-0.109165758066,0.997418663258,-0.0466553266035,-0.0545828790332,0.997418663258,-0.0466553266035,-0.0545828790332,1.99470524504,-0.0918553565422,-0.108286135233,1.9946937633916493,-0.09175031742605791,-0.10821403499904675
55.1,32.23525845339521,12.686468501599514,4.538678643510937,1.9927363303760086,-0.0813163203645326,-0.10196291303383664,1.9948351445555221,-0.09333818048194564,-0.10918209610769256,DEPTH_PROPOSAL_CERTIFIED,1.045022153365435,0,32,0,0,202,FULL_MOTION_CERTIFICATE,0,0,0,208,0,0,0,0,0,,55.166666666,1.99483619892,-0.0933248801561,-0.109174201317,0.997418099459,-0.0466624400781,-0.0545871006584,0.997418099459,-0.0466624400781,-0.0545871006584,1.99471516578,-0.0919666840843,-0.108353412964,1.9947046316288615,-0.0918686761667428,-0.10828613523286178
55.11666666666667,32.268473223372766,12.685099766442105,4.536971192813997,1.9928861986534334,-0.08212410944445855,-0.10244704181640961,1.9948341586861986,-0.0933506144997659,-0.10918947802440164,DEPTH_PROPOSAL_CERTIFIED,1.0428589091636882,0,32,0,0,202,FULL_MOTION_CERTIFICATE,0,0,0,208,0,0,0,0,0,,55.183333333,1.99483514456,-0.0933381804819,-0.109182096108,0.997417572278,-0.046669090241,-0.0545910480538,0.997417572278,-0.046669090241,-0.0545910480538,1.99472425509,-0.0920705853286,-0.108416191991,1.9947145916380171,-0.09197913621955589,-0.10835341296380009
55.13333333333333,32.301690313450166,12.683718457904659,4.535256205311281,1.9930254046442821,-0.0828785122467584,-0.10289925016297766,1.9948332368701789,-0.09336223860331193,-0.10919638034762397,DEPTH_PROPOSAL_CERTIFIED,1.0406831040537294,0,32,0,0,202,FULL_MOTION_CERTIFICATE,0,0,0,208,0,0,0,0,0,,55.2,1.99483415869,-0.0933506144998,-0.109189478024,0.997417079343,-0.0466753072499,-0.0545947390122,0.997417079343,-0.0466753072499,-0.0545947390122,1.99473258112,-0.0921675572375,-0.108474774268,1.994723717732637,-0.09208222643481723,-0.10841619199110814
55.15,32.334909558418474,12.682325407034059,4.533534178005403,1.9931546980983916,-0.08358305223601091,-0.10332163835271639,1.9948323749548091,-0.09337310551931804,-0.10920283420238555,DEPTH_PROPOSAL_CERTIFIED,1.0384956885192431,0,32,0,0,202,FULL_MOTION_CERTIFICATE,0,0,0,208,0,0,0,0,0,,55.216666666,1.99483323687,-0.0933622386033,-0.109196380348,0.997416618435,-0.0466811193017,-0.0545981901738,0.997416618435,-0.0466811193017,-0.0545981901738,1.99474020655,-0.0922580633979,-0.108529441393,1.994732078238529,-0.09217844010489201,-0.10847477426752929
55.166666666666664,32.36813080469722,12.680921390020593,4.531805575190636,1.9932747767251955,-0.08424102080790513,-0.10371616888604258,1.994831569055563,-0.09338326454554065,-0.10920886869727339,DEPTH_PROPOSAL_CERTIFIED,1.0362975499230456,0,32,0,0,202,FULL_MOTION_CERTIFICATE,0,0,0,208,0,0,0,0,0,,55.233333333,1.99483237495,-0.0933731055193,-0.109202834202,0.997416187477,-0.0466865527597,-0.0546014171012,0.997416187477,-0.0466865527597,-0.0546014171012,1.99474718901,-0.0923425362876,-0.108580456,1.9947397359722028,-0.09226823738501519,-0.10852944139262251
55.18333333333333,32.40135390952642,12.679507131811755,4.530070830599209,1.993386289752143,-0.08485549253030356,-0.10408467548561835,1.9948308155388557,-0.09339276177338278,-0.10921451105473333,DEPTH_PROPOSAL_CERTIFIED,1.0342470790904925,0,32,0,0,202,FULL_MOTION_CERTIFICATE,0,0,0,208,0,0,0,0,0,,55.25,1.99483156906,-0.0933832645455,-0.109208868697,0.997415784528,-0.0466916322728,-0.0546044343486,0.997415784528,-0.0466916322728,-0.0546044343486,1.99475358143,-0.092421379339,-0.108628063024,1.9947467486809027,-0.09235204754356487,-0.10858045600044304
55.2,32.43457874021383,12.678083309488672,4.528330349407354,1.9934898412439477,-0.08542933938498473,-0.10442887151124454,1.9948301110059474,-0.09340164029609863,-0.10921978673297797,DEPTH_PROPOSAL_CERTIFIED,1.0359015453603628,0,32,0,0,202,FULL_MOTION_CERTIFICATE,0,0,0,208,0,0,0,0,0,,55.266666666,1.99483081554,-0.0933927617734,-0.109214511055,0.997415407769,-0.0466963808867,-0.0546072555274,0.997415407769,-0.0466963808867,-0.0546072555274,1.9947594325,-0.0924949689144,-0.108672490903,1.994753169443965,-0.09243027101209224,-0.10862806302388234
55.21666666666667,32.46780517343381,12.676650555420688,4.526584510110207,1.9935859931987026,-0.08596524407904929,-0.1047503578288192,1.9948294522778662,-0.09340994040351099,-0.10922471954004397,DEPTH_PROPOSAL_CERTIFIED,1.0375575580722334,0,32,0,0,202,FULL_MOTION_CERTIFICATE,0,0,0,208,0,0,0,0,0,,55.283333333,1.99483011101,-0.0934016402961,-0.109219786733,0.997415055503,-0.046700820148,-0.0546098933665,0.997415055503,-0.046700820148,-0.0546098933665,1.99476478694,-0.0925636561417,-0.108713952709,1.9947590470467118,-0.09250328134663734,-0.1086724909032303
55.233333333333334,32.501033094574396,12.675209460212587,4.52483366627407,1.9936752684354897,-0.08646571248601555,-0.10505063016825283,1.9948288363812834,-0.09341769976411142,-0.10922933174050053,DEPTH_PROPOSAL_CERTIFIED,1.0392158486306209,0,32,0,0,202,FULL_MOTION_CERTIFICATE,0,0,0,208,0,0,0,0,0,,55.3,1.99482945228,-0.0934099404035,-0.10922471954,0.997414726139,-0.0467049702018,-0.05461235977,0.997414726139,-0.0467049702018,-0.05461235977,1.99476968582,-0.0926277685871,-0.108752647167,1.9947644263242919,-0.09257142705100434,-0.10871395270934345
55.25,32.534262397129176,12.673760575458083,4.523078148174045,1.9937581532869904,-0.0869330852702411,-0.10533108600149038,1.994828260535293,-0.09342495359535737,-0.10923364415528042,DEPTH_PROPOSAL_CERTIFIED,1.0408770991695402,0,32,0,0,202,FULL_MOTION_CERTIFICATE,0,0,0,208,0,0,0,0,0,,55.316666666,1.99482883638,-0.0934176997641,-0.109229331741,0.997414418191,-0.0467088498821,-0.0546146658703,0.997414418191,-0.0467088498821,-0.0546146658703,1.99477416693,-0.0926876118556,-0.108788759633,1.9947693484752995,-0.09263503323779311,-0.10875264716698858
55.266666666666666,32.567492982131014,12.672304416312231,4.521318264324486,1.9938351001102348,-0.08736954875111846,-0.10559303097359218,1.9948277221390245,-0.09343173482293071,-0.10923767625507554,DEPTH_PROPOSAL_CERTIFIED,1.0425419458972889,0,32,0,0,203,FULL_MOTION_CERTIFICATE,0,0,0,208,0,0,0,0,0,,55.333333333,1.99482826054,-0.0934249535954,-0.109233644155,0.997414130268,-0.0467124767977,-0.0546168220776,0.997414130268,-0.0467124767977,-0.0546168220776,1.99477826493,-0.0927434710795,-0.108822463007,1.9947738513538178,-0.09269440321782255,-0.1087887596332344
55.28333333333333,32.6007247576248,12.670841463894629,4.519554302909228,1.9939065296274858,-0.08777714505616965,-0.10583768491550115,1.9948272187600509,-0.09343807422967015,-0.10924144624770969,DEPTH_PROPOSAL_CERTIFIED,1.0442109822159449,0,32,0,0,203,FULL_MOTION_CERTIFICATE,0,0,0,208,0,0,0,0,0,,55.35,1.99482772214,-0.0934317348229,-0.109237676255,0.99741386107,-0.0467158674115,-0.0546188381275,0.99741386107,-0.0467158674115,-0.0546188381275,1.99478201169,-0.0927956122732,-0.108853918557,1.9947779697379475,-0.09274981997779448,-0.10882246300679074
55.3,32.633957638176604,12.669372167534513,4.51778653311816,1.9939728331083373,-0.08815778160695002,-0.1060661874640641,1.994826748123533,-0.09344400059484406,-0.10924497115987462,DEPTH_PROPOSAL_CERTIFIED,1.0458847616303248,0,32,0,0,203,FULL_MOTION_CERTIFICATE,0,0,0,208,0,0,0,0,0,,55.366666666,1.99482721876,-0.0934380742297,-0.109241446248,0.99741360938,-0.0467190371148,-0.0546207231239,0.99741360938,-0.0467190371148,-0.0546207231239,1.99478543646,-0.0928442836316,-0.108883276714,1.9947817355747244,-0.09280154752647084,-0.10885391855653233
55.31666666666667,32.66719154441668,12.667896946868114,4.516015206396221,1.994034374403774,-0.0885132399839259,-0.10627960331631542,1.994826308102058,-0.09344954082439103,-0.10924826691359257,DEPTH_PROPOSAL_CERTIFIED,1.0475638004605634,0,32,0,0,204,FULL_MOTION_CERTIFICATE,0,0,0,209,0,0,0,0,0,,55.383333333,1.99482674812,-0.0934440005948,-0.10924497116,0.997413374062,-0.0467220002974,-0.0546224855799,0.997413374062,-0.0467220002974,-0.0546224855799,1.99478856614,-0.0928897167358,-0.108910677809,1.9947851782081027,-0.09284983218303003,-0.10888327671378054
55.333333333333336,32.70042640261405,12.666416193797938,4.51424055761053,1.994091491842014,-0.08884518421051607,-0.1064789271414983,1.9948258967061276,-0.09345472007270977,-0.10925134839774339,DEPTH_PROPOSAL_CERTIFIED,1.049248580371505,0,32,0,0,204,FULL_MOTION_CERTIFICATE,0,0,0,209,0,0,0,0,0,,55.4,1.9948263081,-0.0934495408244,-0.109248266914,0.997413154051,-0.0467247704122,-0.0546241334568,0.997413154051,-0.0467247704122,-0.0546241334568,1.99479142538,-0.0929321276524,-0.108936252741,1.9947883245885407,-0.09289490377491624,-0.10891067780872962
55.35,32.733662144280636,12.664930274323067,4.512462806141,1.994144499995207,-0.08915516849222727,-0.10666508817179597,1.9948255120752547,-0.09345956185654639,-0.10925422953497337,DEPTH_PROPOSAL_CERTIFIED,1.0509395507309622,0,32,0,0,204,FULL_MOTION_CERTIFICATE,0,0,0,209,0,0,0,0,0,,55.416666666,1.99482589671,-0.0934547200727,-0.109251348398,0.997412948353,-0.0467273600364,-0.0546256741989,0.997412948353,-0.0467273600364,-0.0546256741989,1.99479403684,-0.0929717179857,-0.108960123624,1.9947911994641587,-0.09293697672910414,-0.1089362527414277
55.36666666666667,32.76689870580273,12.663439530248924,4.510682156899436,1.9941936913257674,-0.08944464444862346,-0.1068389544938968,1.99482515246963,-0.09346408816149014,-0.10925692334428325,DEPTH_PROPOSAL_CERTIFIED,1.0526371308085882,0,32,0,0,204,FULL_MOTION_CERTIFICATE,0,0,0,209,0,0,0,0,0,,55.416666666,1.99482589671,-0.0934547200727,-0.109251348398,0.997412948353,-0.0467273600364,-0.0546256741989,0.997412948353,-0.0467273600364,-0.0546256741989,1.99479403684,-0.0929717179857,-0.108960123624,1.994793825558606,-0.09297625111665726,-0.10896012362352707
55.38333333333333,32.8001359732013,12.661942397286127,4.5088997428322575,1.994236043914408,-0.0898279777677821,-0.10694484403069163,1.9948248162623248,-0.09346831954155659,-0.10925944199957364,DEPTH_PROPOSAL_CERTIFIED,1.0543609745120346,0,32,0,0,204,FULL_MOTION_CERTIFICATE,0,0,0,209,0,0,0,0,0,,55.45,1.99482515247,-0.0934640881615,-0.109256923344,0.996956955991,-0.0623290753165,-0.0468178841021,0.997412576235,-0.0467320440807,-0.0546284616721,1.99468938305,-0.0967850842104,-0.107130565435,1.9947527454958243,-0.09450464426151778,-0.10823669637958859
55.4,32.833373812762446,12.660436475248131,4.507117094268357,1.994270373668933,-0.09035532227972555,-0.10695891383405495,1.9948245042835102,-0.09347215473286725,-0.10926185702083512,DEPTH_PROPOSAL_CERTIFIED,1.060931473255762,0,32,0,0,204,FULL_MOTION_CERTIFICATE,0,0,0,209,0,0,0,0,0,,55.466666666,1.99482481626,-0.0934683195416,-0.109259442,0.996956955991,-0.0623290753165,-0.0468178841021,0.997412408131,-0.0467341597708,-0.0546297209998,1.99463063525,-0.0988966800671,-0.106108232352,1.994689196674136,-0.09678892532543591,-0.10713056543508756
55.416666666666664,32.86661210699338,12.65891976451388,4.505335519797236,1.9942976538561121,-0.09100264405503561,-0.10689446826726506,1.994824218481761,-0.09347543853085029,-0.10926426565943828,DEPTH_PROPOSAL_CERTIFIED,1.0675309671561126,0,32,0,0,204,FULL_MOTION_CERTIFICATE,0,0,0,209,0,0,0,0,0,,55.483333333,1.99482450428,-0.0934721547329,-0.109261857021,0.996956955991,-0.0623290753165,-0.0468178841021,0.997412252142,-0.0467360773664,-0.0546309285104,1.99457633803,-0.100848306664,-0.105163348686,1.9946304721396997,-0.09889996971381886,-0.10610823235242832
55.43333333333333,32.899850752931755,12.657390619094173,4.503556131083162,1.9943187563026425,-0.09174872518251938,-0.1067633228444372,1.994823960386479,-0.09347804076238737,-0.10926675140786081,DEPTH_PROPOSAL_CERTIFIED,1.0741604587643376,0,32,0,0,204,FULL_MOTION_CERTIFICATE,0,0,0,209,0,0,0,0,0,,55.5,1.99482421848,-0.0934754385309,-0.109264265659,0.996956955991,-0.0623290753165,-0.0468178841021,0.997412109241,-0.0467377192654,-0.0546321328297,1.99452615424,-0.102652082758,-0.104290047117,1.9945762061503125,-0.10085091493782192,-0.1051633486859371
55.45,32.93308966061801,12.65584770451197,4.501779865191976,1.994334461174553,-0.09257487493214478,-0.10657595347113308,1.994823731159297,-0.09347985340655743,-0.10926938551482869,DEPTH_PROPOSAL_CERTIFIED,1.0808210663851465,0,32,0,0,204,FULL_MOTION_CERTIFICATE,0,0,0,209,0,0,0,0,0,,55.516666666,1.99482396039,-0.0934780407624,-0.109266751408,0.996956955991,-0.0623290753165,-0.0468178841021,0.997411980193,-0.0467390203812,-0.0546333757039,1.99447977225,-0.104319209046,-0.103482904807,1.9945260606118609,-0.10265390187757073,-0.10429004711682384
55.46666666666667,32.966328751715636,12.65428996003604,4.500007504665265,1.9943454658578494,-0.09346466855581619,-0.10634163160265661,1.99482353164008,-0.09348078800624128,-0.10927222835071819,DEPTH_PROPOSAL_CERTIFIED,1.087514009104291,0,32,0,0,204,FULL_MOTION_CERTIFICATE,0,0,0,209,0,0,0,0,0,,55.533333333,1.99482373116,-0.0934798534066,-0.109269385515,0.996956955991,-0.0623290753165,-0.0468178841021,0.99741186558,-0.0467399267033,-0.0546346927574,1.99443690405,-0.105860037985,-0.102736909595,1.9944797229940663,-0.10432015076460799,-0.1034829048072436
55.483333333333334,32.99956795826598,12.652716564849614,4.49823969555523,1.994352393020388,-0.09440371118561901,-0.1060685466020859,1.9948233623880858,-0.09348077334313803,-0.10927533063716464,DEPTH_PROPOSAL_CERTIFIED,1.0942405932409518,0,32,0,0,204,FULL_MOTION_CERTIFICATE,0,0,0,209,0,0,0,0,0,,55.55,1.99482353164,-0.0934807880062,-0.109272228351,0.996956955991,-0.0623290753165,-0.0468178841021,0.99741176582,-0.0467403940031,-0.0546361141754,1.99439728344,-0.107284137456,-0.102047429173,1.9944369044033585,-0.10586003126921419,-0.10273690959512294
55.5,33.0328072215648,12.651126907775291,4.4964769636136666,1.9943557979296307,-0.09537942445938993,-0.1057639164938165,1.9948232237187744,-0.09347975335123351,-0.10927873455357118,DEPTH_PROPOSAL_CERTIFIED,1.1010022001150603,0,32,0,0,204,FULL_MOTION_CERTIFICATE,0,0,0,209,0,0,0,0,0,,55.566666666,1.99482336239,-0.0934807733431,-0.109275330637,0.996956955991,-0.0623290753165,-0.0468178841021,0.997411681194,-0.0467403866716,-0.0546376653186,1.99436066439,-0.108600350523,-0.101410182155,1.9943973378223938,-0.1072831263993959,-0.10204742917292958
55.516666666666666,33.06604649114964,12.649520560211048,4.494719728811419,1.9943561750905925,-0.0963808538545649,-0.10543408813484052,1.9948231157366996,-0.09347768524609365,-0.10928247473203336,DEPTH_PROPOSAL_CERTIFIED,1.1078002750281875,0,32,0,0,204,FULL_MOTION_CERTIFICATE,0,0,0,209,0,0,0,0,0,,55.583333333,1.99482322372,-0.0934797533512,-0.109278734554,0.996956955991,-0.0623290753165,-0.0468178841021,0.997411611859,-0.0467398766756,-0.0546393672768,1.99432681951,-0.109816850556,-0.10082121139,1.9943607764543254,-0.10859829247570008,-0.1014101821553334
55.53333333333333,33.09928572388739,12.647897251964231,4.492968318348496,1.9943539642650192,-0.09739849480897966,-0.10508462777535867,1.994823038364878,-0.09347453784933378,-0.10928657915119941,DEPTH_PROPOSAL_CERTIFIED,1.1146363173640996,0,32,0,0,204,FULL_MOTION_CERTIFICATE,0,0,0,209,0,0,0,0,0,,55.6,1.99482311574,-0.0934776852461,-0.109282474732,0.996956955991,-0.0623290753165,-0.0468178841021,0.997411557868,-0.046738842623,-0.054641237366,1.99429553863,-0.110941191493,-0.100276859622,1.994326992193024,-0.10981371445284059,-0.10082121138967975
55.55,33.13252488315287,12.64625684970031,4.491222978299908,1.9943495559287616,-0.0984241358353118,-0.10472040291527973,1.994822991370977,-0.09347029008950344,-0.10929106993862982,DEPTH_PROPOSAL_CERTIFIED,1.1215118717212647,0,32,0,0,204,FULL_MOTION_CERTIFICATE,0,0,0,209,0,0,0,0,0,,55.616666666,1.99482303836,-0.0934745378493,-0.109286579151,0.996956955991,-0.0623290753165,-0.0468178841021,0.997411519182,-0.0467372689247,-0.0546432895756,1.99426662752,-0.111980355023,-0.0997737466562,1.9942957742264185,-0.11093695635656473,-0.10027685962231649
55.56666666666667,33.16576393808982,12.644599337748524,4.489483884029425,1.9943432962162673,-0.09945071710712612,-0.10434565622898716,1.994822974390652,-0.09346492966240089,-0.10929596409032875,DEPTH_PROPOSAL_CERTIFIED,1.1284285199948885,0,32,0,0,204,FULL_MOTION_CERTIFICATE,0,0,0,210,0,0,0,0,0,,55.633333333,1.99482299137,-0.0934702900895,-0.109291069939,0.996956955991,-0.0623290753165,-0.0468178841021,0.997411495685,-0.0467351450448,-0.0546455349693,1.99423990665,-0.112940794103,-0.0993087482793,1.9942669277238363,-0.11197500862325582,-0.09977374665621958
55.583333333333336,33.19900286294646,12.642924801030754,4.487751149491201,1.9943354913986586,-0.1004722030661801,-0.103964072293408,1.9948229869482916,-0.09345845183532375,-0.10930127411536049,DEPTH_PROPOSAL_CERTIFIED,1.1353878743311396,0,32,0,0,204,FULL_MOTION_CERTIFICATE,0,0,0,210,0,0,0,0,0,,55.65,1.99482297439,-0.0934649296624,-0.10929596409,0.996956955991,-0.0623290753165,-0.0468178841021,0.997411487195,-0.0467324648312,-0.0546479820452,1.99421521008,-0.113828472646,-0.0988789770529,1.9942402726238337,-0.11293433176663936,-0.09930874827934189
55.6,33.23224163647877,12.641233409902476,4.486024835527776,1.9943264119387603,-0.10148346769667373,-0.10357883780549318,1.9948230284754465,-0.09345085838119879,-0.10930700861274202,DEPTH_PROPOSAL_CERTIFIED,1.1403565892466858,0,32,0,0,204,FULL_MOTION_CERTIFICATE,0,0,0,210,0,0,0,0,0,,55.666666666,1.99482298695,-0.0934584518353,-0.109301274115,0.996956955991,-0.0623290753165,-0.0468178841021,0.997411493474,-0.0467292259177,-0.0546506370577,1.99419238447,-0.114648902764,-0.0984817642772,1.9942156425280015,-0.11382089618869667,-0.0988789770529322
55.61666666666667,33.26548024141477,12.639525406713782,4.484304957263251,1.9943162961602023,-0.1024801913216207,-0.10319269587153536,1.99482309832716,-0.09344215662987432,-0.10931317278712346,DEPTH_PROPOSAL_CERTIFIED,1.1452611321655273,0,32,0,0,204,FULL_MOTION_CERTIFICATE,0,0,0,210,0,0,0,0,0,,55.683333333,1.99482302848,-0.0934508583812,-0.109307008613,0.996956955991,-0.0623290753165,-0.0468178841021,0.997411514238,-0.0467254291906,-0.0546535043064,1.99417128807,-0.115407179133,-0.0981146433553,1.9941928836617966,-0.11464021954597453,-0.0984817642772496
55.63333333333333,33.2987186639742,12.637801093916634,4.4825914906811954,1.9943053535658914,-0.10345876782882851,-0.10280799492333435,1.9948231957964124,-0.0934323586249881,-0.10931976890919477,DEPTH_PROPOSAL_CERTIFIED,1.1501623327954353,0,32,0,0,204,FULL_MOTION_CERTIFICATE,0,0,0,210,0,0,0,0,0,,55.7,1.99482309833,-0.0934421566299,-0.109313172787,0.996956955991,-0.0623290753165,-0.0468178841021,0.997411549164,-0.0467210783149,-0.0546565863936,1.99415178988,-0.116108010321,-0.0977753346249,1.9941718539153,-0.11539740121676458,-0.09811464335528172
55.65,33.331956893438175,12.636060823561538,4.480884378468204,1.9942937678387873,-0.10441622130578901,-0.10242673277951574,1.9948233201268624,-0.09342148037590967,-0.10932679672620972,DEPTH_PROPOSAL_CERTIFIED,1.15505878954334,0,32,0,0,204,FULL_MOTION_CERTIFICATE,0,0,0,210,0,0,0,0,0,,55.716666666,1.9948231958,-0.093432358625,-0.109319768909,0.996956955991,-0.0623290753165,-0.0468178841021,0.997411597898,-0.0467161793125,-0.0546598844546,1.99413376883,-0.116755748198,-0.0974617311208,1.9941524219681181,-0.11609715372470784,-0.09777533462492827
55.666666666666664,33.36519492176406,12.63430498804113,4.4791835351967,1.99428169955309,-0.10535013122451108,-0.10205059629021533,1.9948234705240642,-0.09340954119526905,-0.10933425382750278,DEPTH_PROPOSAL_CERTIFIED,1.159949119496181,0,32,0,0,204,FULL_MOTION_CERTIFICATE,0,0,0,210,0,0,0,0,0,,55.733333333,1.99482332013,-0.0934214803759,-0.109326796726,0.996956955991,-0.0623290753165,-0.0468178841021,0.997411660063,-0.046710740188,-0.0546633983631,1.99411711301,-0.117354415061,-0.0971718854395,1.9941344664675853,-0.11674383223292098,-0.09746173112075009
55.68333333333333,33.3984327432411,12.632534011951877,4.477488851913645,1.9942692886225826,-0.10625856535521111,-0.10168099698333968,1.994823646165304,-0.0933965631134366,-0.109342135969442,DEPTH_PROPOSAL_CERTIFIED,1.164831960471378,0,32,0,0,204,FULL_MOTION_CERTIFICATE,0,0,0,210,0,0,0,0,0,,55.75,1.99482347052,-0.0934095411953,-0.109334253828,0.996956955991,-0.0623290753165,-0.0468178841021,0.997411735262,-0.0467047705976,-0.0546671269138,1.99410171899,-0.117907728373,-0.0969039977648,1.99411787527039,-0.11734146174975224,-0.09717188543945646
55.7,33.43167035418296,12.630748344957855,4.475800200195258,1.9942566565110897,-0.10714001964133812,-0.10131910310314417,1.994823846208205,-0.09338257036213572,-0.10935043736384695,DEPTH_PROPOSAL_CERTIFIED,1.1697059725416126,0,32,0,0,204,FULL_MOTION_CERTIFICATE,0,0,0,210,0,0,0,0,0,,55.766666666,1.99482364617,-0.0933965631134,-0.109342135969,0.996956955991,-0.0623290753165,-0.0468178841021,0.997411823083,-0.0466982815567,-0.0546710679847,1.99408749119,-0.118419123978,-0.0966564046261,1.994102544750878,-0.11789376193208335,-0.0969039977647606
55.71666666666667,33.464907752653396,12.628948455551301,4.474117435722424,1.994243908226284,-0.10799336439318631,-0.10096586837003754,1.9948240697982222,-0.09336758892013759,-0.10935915093350958,DEPTH_PROPOSAL_CERTIFIED,1.1745698391066313,0,32,0,0,204,FULL_MOTION_CERTIFICATE,0,0,0,210,0,0,0,0,0,,55.783333333,1.99482384621,-0.0933825703621,-0.109350437364,0.998417934007,-0.0311402437666,-0.0468178841021,0.997411923104,-0.0466912851811,-0.0546752186819,1.99415099196,-0.117265679289,-0.0964153659203,1.9940883791516528,-0.1184041703657349,-0.0966564046261365
55.733333333333334,33.498145034986834,12.627136878769997,4.472440416833491,1.994236940006408,-0.1086946068781907,-0.10062113333596498,1.9948243160751424,-0.09335164611462589,-0.10936826853813267,DEPTH_PROPOSAL_CERTIFIED,1.1794236491280277,0,32,0,0,204,FULL_MOTION_CERTIFICATE,0,0,0,210,0,0,0,0,0,,55.8,1.9948240698,-0.0933675889201,-0.109359150934,0.998417934007,-0.0311402437666,-0.0468178841021,0.997412034899,-0.0466837944601,-0.0546795754668,1.99429181484,-0.114447447584,-0.0961911641714,1.9941519277239221,-0.11724976519524477,-0.09641536592027948
55.75,33.53138238781758,12.625318059402893,4.470768991339968,1.994241169844815,-0.10912916202623316,-0.10028552961137471,1.9948245778408982,-0.09333490454856044,-0.10937778218081186,DEPTH_PROPOSAL_CERTIFIED,1.1842689077266333,0,32,0,0,204,FULL_MOTION_CERTIFICATE,0,0,0,210,0,0,0,0,0,,55.816666666,1.99482431608,-0.0933516461146,-0.109368268538,0.998417934007,-0.0311402437666,-0.0468178841021,0.997412158038,-0.0466758230573,-0.0546841342691,1.99448454613,-0.110495405314,-0.0959975735755,1.9942927738733807,-0.11443073483235146,-0.09619116417137318
55.766666666666666,33.56462004914632,12.623497536728227,4.469102979932349,1.9942596797247703,-0.1092313604800367,-0.09996068445714502,1.9948248420585812,-0.0933176525736037,-0.10938768314626524,DEPTH_PROPOSAL_CERTIFIED,1.1891080829970244,0,32,0,0,204,FULL_MOTION_CERTIFICATE,0,0,0,210,0,0,0,0,0,,55.833333333,1.99482457784,-0.0933349045486,-0.109377782181,0.917608988202,-0.367068362462,0.152494465641,0.99741228892,-0.0466674522743,-0.0546888910904,1.99434613784,-0.107963215042,-0.0949964285144,1.994485500260224,-0.11047818161644009,-0.09599757357554259
55.78333333333333,33.59785782082656,12.621678637179818,4.467443236524658,1.994266300814771,-0.10913397290457261,-0.09958460446148114,1.9948250923854927,-0.09330025154276936,-0.10939796090999872,DEPTH_PROPOSAL_CERTIFIED,1.1939427808583873,0,32,0,0,204,FULL_MOTION_CERTIFICATE,0,0,0,210,0,0,0,0,0,,55.85,1.99482484206,-0.0933176525736,-0.109387683146,0.917608988202,-0.367068362462,0.152494465641,0.997412421029,-0.0466588262868,-0.0546938415731,1.99387760999,-0.106853348316,-0.093191669857,1.9943470781127801,-0.10794584448391048,-0.09499642851438145
55.8,33.63109510290593,12.619862639048703,4.465791565004094,1.9942369247622824,-0.10895988786689007,-0.09910029123386964,1.9948253156233755,-0.09328291800667927,-0.1094086713028719,DEPTH_PROPOSAL_CERTIFIED,1.2047440463456511,0,32,0,0,204,FULL_MOTION_CERTIFICATE,0,0,0,210,0,0,0,0,0,,55.866666666,1.99482509239,-0.0933002515428,-0.10939796091,0.917608988202,-0.367068362462,0.152494465641,0.997412546193,-0.0466501257714,-0.054698980455,1.99307998335,-0.107168259843,-0.0905872373625,1.993878536921923,-0.10683605040716301,-0.09319166985700898
55.81666666666667,33.6643309253643,12.618048924716039,4.464150642288922,1.9941493475012486,-0.10882285995985433,-0.09845536291028059,1.9948255015110938,-0.09326573383580321,-0.10941993151653644,DEPTH_PROPOSAL_CERTIFIED,1.2159668328230406,0,32,0,0,204,FULL_MOTION_CERTIFICATE,0,0,0,211,0,0,0,0,0,,55.883333333,1.99482531562,-0.0932829180067,-0.109408671303,0.917608988202,-0.367068362462,0.152494465641,0.997412657812,-0.0466414590033,-0.0547043356514,1.99195428362,-0.108910398759,-0.0871870860998,1.9930809049166367,-0.1071511194940191,-0.0905872373624974
55.833333333333336,33.69756397745242,12.616235121348344,4.462523947195986,1.9939831252875697,-0.10882820206168028,-0.09760170557614965,1.9948256425327062,-0.09324865558197538,-0.1094319154823217,DEPTH_PROPOSAL_CERTIFIED,1.2271985616054435,0,32,0,0,204,FULL_MOTION_CERTIFICATE,0,0,0,211,0,0,0,0,0,,55.9,1.99482550151,-0.0932657338358,-0.109419931517,0.917608988202,-0.367068362462,0.152494465641,0.997412750756,-0.0466328669179,-0.0547099657583,1.99050154629,-0.112082218863,-0.0829952050108,1.9919552142806864,-0.10889337570395696,-0.08718708609975151
55.85,33.730792634820446,12.614417230916875,4.460915694654269,1.993719442081933,-0.10907342588822809,-0.09649515250301673,1.9948257337399617,-0.09323152313529746,-0.10944484959419676,DEPTH_PROPOSAL_CERTIFIED,1.238436239462317,0,32,0,0,204,FULL_MOTION_CERTIFICATE,0,0,0,211,0,0,0,0,0,,55.916666666,1.99482564253,-0.093248655582,-0.109431915482,0.917608988202,-0.367068362462,0.152494465641,0.997412821266,-0.046624327791,-0.0547159577412,1.98872282137,-0.116686189146,-0.0780156347193,1.9905025069731652,-0.11206515657211145,-0.08299520501079427
55.86666666666667,33.76401498461036,12.612589750337216,4.459330774837027,1.993340987395017,-0.10964883477949919,-0.09509518903455141,1.994825772588004,-0.09321406772848953,-0.10945900874839741,DEPTH_PROPOSAL_CERTIFIED,1.2496756009481977,0,32,0,0,204,FULL_MOTION_CERTIFICATE,0,0,0,211,0,0,0,0,0,,55.933333333,1.99482573374,-0.0932315231353,-0.109444849594,0.917608988202,-0.367068362462,0.152494465641,0.99741286687,-0.0466157615676,-0.0547224247971,1.98661917786,-0.122724806196,-0.0722524855195,1.9887238402146405,-0.11666882325300704,-0.07801563471927353
55.88333333333333,33.79722884867355,12.610745782462493,4.457774696817152,1.9928318437913688,-0.11063807248344913,-0.09336468119250481,1.9948257587829115,-0.09319591933688123,-0.10947471267436246,DEPTH_PROPOSAL_CERTIFIED,1.260911072170115,0,32,0,0,204,FULL_MOTION_CERTIFICATE,0,0,0,211,0,0,0,0,0,,55.95,1.99482577259,-0.0932140677285,-0.109459008748,0.917608988202,-0.367068362462,0.152494465641,0.997412886294,-0.0466070338642,-0.0547295043742,1.98419171,-0.130200603903,-0.0657099599425,1.98662029182686,-0.12270677247163927,-0.07225248551953495
55.9,33.830431805064066,12.608877138611353,4.456253536374613,1.9921773834312089,-0.11211863106838327,-0.0912696265523503,1.9948256941395786,-0.09317661351851259,-0.10949232253345961,DEPTH_PROPOSAL_CERTIFIED,1.272135737815888,0,32,0,0,204,FULL_MOTION_CERTIFICATE,0,0,0,211,0,0,0,0,0,,55.966666666,1.99482575878,-0.0931959193369,-0.109474712674,0.917608988202,-0.367068362462,0.152494465641,0.997412879391,-0.0465979596684,-0.0547373563372,1.98144154284,-0.13911616647,-0.0583923745861,1.9841929670372576,-0.13018144580458088,-0.06570995994246376
55.916666666666664,33.863621207946196,12.60697443325615,4.454773887613849,1.9913641729280687,-0.11416232131220434,-0.08877892564581989,1.9948255824483918,-0.0931555977357463,-0.10951223776332585,DEPTH_PROPOSAL_CERTIFIED,1.2833413114184533,0,32,0,0,204,FULL_MOTION_CERTIFICATE,0,0,0,211,0,0,0,0,0,,55.983333333,1.99482569414,-0.0931766135185,-0.109492322533,0.917608988202,-0.367068362462,0.152494465641,0.99741284707,-0.0465883067593,-0.0547461612667,1.97836983839,-0.149474144073,-0.0503041836557,1.9814430047897582,-0.13909534228682296,-0.05839237458614708
55.93333333333333,33.89679420604476,12.605027171445906,4.4533428180727705,1.9903798859137654,-0.11683570861463269,-0.08586417246475263,1.9948254293491416,-0.09313223719644491,-0.10953489314732902,DEPTH_PROPOSAL_CERTIFIED,1.2945181089669102,0,32,0,0,204,FULL_MOTION_CERTIFICATE,0,0,0,211,0,0,0,0,0,,56,1.99482558245,-0.0931555977357,-0.109512237763,0.917608988202,-0.367068362462,0.152494465641,0.997412791224,-0.0465777988679,-0.0547561188817,1.97497780411,-0.161277264402,-0.0414500101501,1.9783715843392642,-0.14945103370426047,-0.0503041836557299
55.95,33.92994775976003,12.603023829500358,4.451967827019462,1.9892132229157473,-0.12020051673277353,-0.08249946319849034,1.9948252422106083,-0.0931058202497114,-0.10956075609001927,DEPTH_PROPOSAL_CERTIFIED,1.305655026114187,0,32,0,0,204,FULL_MOTION_CERTIFICATE,0,0,0,211,0,0,0,0,0,,56.016666666,1.99482542935,-0.0931322371964,-0.109534893147,0.917608988202,-0.367068362462,0.152494465641,0.997412714675,-0.0465661185982,-0.0547674465737,1.97126670118,-0.174528350878,-0.0318346772774,1.9749799343399335,-0.1612511757740753,-0.04145001015010683
55.96666666666667,33.963078657059405,12.600951929462253,4.450656806655448,1.9878538379624175,-0.1243140022863065,-0.07866122184083299,1.9948250300142991,-0.09307556336894132,-0.10959032408021038,DEPTH_PROPOSAL_CERTIFIED,1.316739519357739,0,32,0,0,204,FULL_MOTION_CERTIFICATE,0,0,0,211,0,0,0,0,0,,56.033333333,1.99482524221,-0.0931058202497,-0.10956075609,0.917608988202,-0.367068362462,0.152494465641,0.997412621105,-0.0465529101249,-0.054780378045,1.96723785383,-0.18923034485,-0.0214632443874,1.9712693415317928,-0.17449852603941185,-0.031834677277410434
55.983333333333334,33.99618352825085,12.598798107753103,4.449418005959935,1.9862922714867826,-0.12922930254900897,-0.07432804173072294,1.9948248032408886,-0.0930406157519301,-0.10962412232465923,DEPTH_PROPOSAL_CERTIFIED,1.327757591691022,0,32,0,0,204,FULL_MOTION_CERTIFICATE,0,0,0,211,0,0,0,0,0,,56.05,1.99482503001,-0.0930755633689,-0.10959032408,0.917608988202,-0.367068362462,0.152494465641,0.997412515007,-0.0465377816845,-0.0547951620401,1.96289266265,-0.205386322935,-0.0103410553566,1.9672411604840339,-0.18919596575398268,-0.02146324438737698
56.0,34.029258859740075,12.596548178450039,4.448259996913886,1.9845198893536162,-0.13499575818379106,-0.06948054276298696,1.994824573757966,-0.09300006356522562,-0.10966270153617982,DEPTH_PROPOSAL_CERTIFIED,1.3410623125614964,0,32,0,0,205,FULL_MOTION_CERTIFICATE,0,0,0,211,0,0,0,0,0,,56.066666666,1.99482480324,-0.0930406157519,-0.109624122325,0.917608988202,-0.367068362462,0.152494465641,0.99741240162,-0.046520307876,-0.0548120611623,1.95823261837,-0.222999525456,0.00152620938423,1.9628968273289857,-0.2053465169281369,-0.010341055356604317
56.016666666666666,34.06230100686629,12.594187191555674,4.447191642857921,1.9825288275729562,-0.14165921366188375,-0.06410124335789479,1.994824354707796,-0.09295293385830457,-0.10970663586018684,DEPTH_PROPOSAL_CERTIFIED,1.354630385035753,0,32,0,0,205,FULL_MOTION_CERTIFICATE,0,0,0,211,0,0,0,0,0,,56.083333333,1.99482457376,-0.0930000635652,-0.109662701536,0.917608988202,-0.367068362462,0.152494465641,0.997412286879,-0.0465000317826,-0.0548313507681,1.95325931831,-0.242073391545,0.0141324701158,1.958237873848902,-0.22295337049461966,0.00152620938423372
56.03333333333333,34.095306205907576,12.591699486596292,4.446222068743211,1.9803119424773432,-0.1492622975628755,-0.05817444688261748,1.9948241603939072,-0.0928981981703021,-0.10975652092452172,DEPTH_PROPOSAL_CERTIFIED,1.368146044286255,0,32,0,0,205,FULL_MOTION_CERTIFICATE,0,0,0,211,0,0,0,0,0,,56.1,1.99482435471,-0.0929529338583,-0.10970663586,0.917608988202,-0.367068362462,0.152494465641,0.997412177354,-0.0464764669292,-0.0548533179301,1.94797448973,-0.262611590585,0.0274711630949,1.9532659443108624,-0.2420199211549809,0.014132470115770113
56.05,34.128270585348616,12.58906874186291,4.4453606330249364,1.9778627664624453,-0.15784468400296542,-0.05168614309644571,1.9948240061654494,-0.0928347758497646,-0.10981297199762782,DEPTH_PROPOSAL_CERTIFIED,1.3815991153636655,0,32,0,0,205,FULL_MOTION_CERTIFICATE,0,0,0,211,0,0,0,0,0,,56.116666666,1.99482416039,-0.0928981981703,-0.109756520925,0.917608988202,-0.367068362462,0.152494465641,0.997412080197,-0.0464490990852,-0.0548782604623,1.94238001615,-0.28461807188,0.0415351419107,1.9479828190806896,-0.2625497985720686,0.0274711630948547
56.06666666666667,34.16119017650021,12.586278019562851,4.444616900949348,1.9751754690952623,-0.1674433380035042,-0.04462392453529557,1.9948239082983903,-0.09276153710668704,-0.10987662223939645,DEPTH_PROPOSAL_CERTIFIED,1.3949792264834577,0,32,0,0,206,FULL_MOTION_CERTIFICATE,0,0,0,212,0,0,0,0,0,,56.133333333,1.99482400617,-0.0928347758498,-0.109812971998,0.917608988202,-0.367068362462,0.152494465641,0.997412003083,-0.0464173879249,-0.0549064859988,1.93647797079,-0.308097127558,0.0563165519715,1.942390441215643,-0.2845469168100305,0.04153514191070169
56.083333333333336,34.19406092356232,12.58330980711253,4.444000618970359,1.972244823726488,-0.1780927470193015,-0.036976918739326875,1.9948238838728145,-0.09267730581311538,-0.10994812102897257,DEPTH_PROPOSAL_CERTIFIED,1.4082758466011447,0,32,0,0,206,FULL_MOTION_CERTIFICATE,0,0,0,212,0,0,0,0,0,,56.15,1.9948239083,-0.0927615371067,-0.109876622239,0.917608988202,-0.367068362462,0.152494465641,0.997411954149,-0.0463807685533,-0.0549383111197,1.93027649912,-0.333064994503,0.0717846664052,1.93649095022744,-0.3080155370120367,0.05631655197149688
56.1,34.226878700601326,12.580146040215467,4.443521662225139,1.9690666223407256,-0.1898260138237251,-0.028737404713224113,1.9948239506457819,-0.09258086206626825,-0.11002813235269213,DEPTH_PROPOSAL_CERTIFIED,1.4214783017163772,0,32,0,0,206,FULL_MOTION_CERTIFICATE,0,0,0,212,0,0,0,0,0,,56.166666666,1.99482388387,-0.0926773058131,-0.109948121029,0.917608988202,-0.367068362462,0.152494465641,0.997411941936,-0.0463386529066,-0.0549740605145,1.92379401794,-0.359555013375,0.0878707279111,1.930292565434421,-0.3329718688377019,0.07178466640523574
56.11666666666667,34.25963934022086,12.576768102593531,4.443189937970606,1.9656383771718666,-0.20267625731614905,-0.01990345527198883,1.9948241270640952,-0.09247094358055748,-0.11011733140741985,DEPTH_PROPOSAL_CERTIFIED,1.4345757641123487,0,32,0,0,206,FULL_MOTION_CERTIFICATE,0,0,0,212,0,0,0,0,0,,56.183333333,1.99482395065,-0.0925808620663,-0.110028132353,0.883291527455,-0.444834439667,0.148048636644,0.997411975323,-0.0462904310331,-0.0550140661763,1.91664916238,-0.387541283248,0.103640125894,1.9238137861117852,-0.3594492279237308,0.08787072791108821
56.13333333333333,34.292338155292214,12.57315690050575,4.443014203086232,1.9619289042815753,-0.21667212526681212,-0.01054409306247866,1.9948244324948694,-0.09234624557352547,-0.11021639828082155,DEPTH_PROPOSAL_CERTIFIED,1.4475567126845972,0,32,0,0,206,FULL_MOTION_CERTIFICATE,0,0,0,212,0,0,0,0,0,,56.2,1.99482412706,-0.0924709435806,-0.110117331407,0.883291527455,-0.444834439667,0.148048636644,0.997412063532,-0.0462354717903,-0.0550586657037,1.90883539224,-0.41700925386,0.119042244403,1.916673335020018,-0.3874217142649121,0.10364012589355243
56.15,34.324969970190416,12.569292917301823,4.443002087314819,1.9579088938922324,-0.23183899223566337,-0.0007269462847739362,1.994824891401816,-0.0922054242857558,-0.11032593700493473,DEPTH_PROPOSAL_CERTIFIED,1.4604090141897177,0,32,0,0,206,FULL_MOTION_CERTIFICATE,0,0,0,212,0,0,0,0,0,,56.216666666,1.99482443249,-0.0923462455735,-0.110216398281,0.883291527455,-0.444834439667,0.148048636644,0.997412216247,-0.0461731227868,-0.0551081991404,1.90034282585,-0.447929601128,0.133988720403,1.9088647671422463,-0.41687476925566,0.11904224440323105
56.166666666666664,34.357529145452126,12.565156282487532,4.443160067082153,1.953550515702687,-0.2481980888574874,0.009478786040042087,1.9948255329848024,-0.09204710056990807,-0.11044647675943592,DEPTH_PROPOSAL_CERTIFIED,1.4731199939029394,0,32,0,0,206,FULL_MOTION_CERTIFICATE,0,0,0,212,0,0,0,0,0,,56.233333333,1.9948248914,-0.0922054242858,-0.110325937005,0.883291527455,-0.444834439667,0.148048636644,0.997412445701,-0.0461027121429,-0.0551629685025,1.8911723686,-0.479901335971,0.147833911351,1.9003783017902287,-0.4477790676437526,0.1339887204028052
56.18333333333333,34.390013262740524,12.560740856918661,4.443484639547149,1.94904703730393,-0.2649255341322366,0.019474347899795415,1.9948263909502983,-0.09186986447386246,-0.11057846973874126,DEPTH_PROPOSAL_CERTIFIED,1.4856859426846865,0,32,0,0,206,FULL_MOTION_CERTIFICATE,0,0,0,212,0,0,0,0,0,,56.25,1.99482553298,-0.0920471005699,-0.110446476759,0.883291527455,-0.444834439667,0.148048636644,0.997412766492,-0.046023550285,-0.0552232383797,1.88184152046,-0.511317509345,0.160115963081,1.8912149184709206,-0.47973362628806504,0.1478339113509077
56.2,34.42242055813528,12.55604378422326,4.443970098319467,1.9444377236844947,-0.28182436172402037,0.029127526339105005,1.9948274915667032,-0.09167323492461023,-0.11072170919991717,DEPTH_PROPOSAL_CERTIFIED,1.5008468917013036,0,32,0,0,206,FULL_MOTION_CERTIFICATE,0,0,0,212,0,0,0,0,0,,56.266666666,1.99482639095,-0.0918698644739,-0.110578469739,0.883291527455,-0.444834439667,0.148048636644,0.997413195475,-0.0459349322369,-0.0552892348694,1.8728006193,-0.541401321752,0.171439615577,1.8818918182854412,-0.5111323583537069,0.16011596308149745
56.21666666666667,34.454749468003385,12.551062671171032,4.444611402836092,1.9397345920864262,-0.298866783133715,0.038478270997450936,1.994828858262418,-0.09145695235652432,-0.11087584096237411,DEPTH_PROPOSAL_CERTIFIED,1.5170630405166368,0,32,0,0,206,FULL_MOTION_CERTIFICATE,0,0,0,212,0,0,0,0,0,,56.283333333,1.99482749157,-0.0916732349246,-0.1107217092,0.883291527455,-0.444834439667,0.148048636644,0.997413745783,-0.0458366174623,-0.0553608546,1.86414796828,-0.570040142406,0.182029080069,1.8728592015305459,-0.541198634587594,0.17143961557730214
56.233333333333334,34.48699866410938,12.545795555789617,4.445404231261525,1.9349517663596894,-0.3160269228849153,0.04756970552599999,1.9948305098605905,-0.09122078806767826,-0.11104055454493914,DEPTH_PROPOSAL_CERTIFIED,1.5331088178956231,0,32,0,0,206,FULL_MOTION_CERTIFICATE,0,0,0,212,0,0,0,0,0,,56.3,1.99482885826,-0.0914569523565,-0.110875840962,0.883291527455,-0.444834439667,0.148048636644,0.997414429131,-0.0457284761783,-0.0554379204812,1.85591609458,-0.597202997137,0.191968737635,1.8642153216603452,-0.5698198365087905,0.18202908006925092
56.25,34.51916702440217,12.54024082496667,4.446344890807522,1.930101617567581,-0.3332838493768834,0.05643957275979626,1.9948324604383545,-0.09096454234690228,-0.11121558711385655,DEPTH_PROPOSAL_CERTIFIED,1.5489816510376695,0,32,0,0,206,FULL_MOTION_CERTIFICATE,0,0,0,212,0,0,0,0,0,,56.316666666,1.99483050986,-0.0912207880677,-0.111040554545,0.883291527455,-0.444834439667,0.148048636644,0.99741525493,-0.0456103940338,-0.0555202772725,1.84811962195,-0.622877161225,0.201298469445,1.855992659903405,-0.596965004249474,0.1919687376352744
56.266666666666666,34.5512535977933,12.534397141389062,4.447430216588007,1.92519440346764,-0.3506210146565167,0.06511954682911077,1.994834719895127,-0.09068803900070896,-0.11140071760601936,DEPTH_PROPOSAL_CERTIFIED,1.5646792865489707,0,32,0,0,207,FULL_MOTION_CERTIFICATE,0,0,0,212,0,0,0,0,0,,56.333333333,1.99483246044,-0.0909645423469,-0.111215587114,0.883291527455,-0.444834439667,0.148048636644,0.997416230219,-0.0454822711735,-0.0556077935569,1.84076641514,-0.647056126215,0.210040266408,1.848205794534176,-0.6226214227382766,0.20129846944491783
56.28333333333333,34.583257573433436,12.528263386178834,4.448657483097643,1.9202385384082254,-0.3680253126136977,0.07363599057814668,1.9948372945404291,-0.0903911204577311,-0.1115957600136186,DEPTH_PROPOSAL_CERTIFIED,1.5801996668523577,0,32,0,0,207,FULL_MOTION_CERTIFICATE,0,0,0,212,0,0,0,0,0,,56.35,1.9948347199,-0.0906880390007,-0.111400717606,0.883291527455,-0.444834439667,0.148048636644,0.997417359948,-0.0453440195004,-0.055700358803,1.83386123272,-0.669736069111,0.218207620241,1.8408625448054605,-0.6467825884369011,0.21004026640837534
56.3,34.6151782557849,12.521838615040695,4.450024331371401,1.915240941087958,-0.38548626828833177,0.08201089642555034,1.9948401875881563,-0.09007364391437572,-0.11180055749072211,DEPTH_PROPOSAL_CERTIFIED,1.5955408289314539,0,32,0,0,207,FULL_MOTION_CERTIFICATE,0,0,0,212,0,0,0,0,0,,56.366666666,1.99483729454,-0.0903911204577,-0.111595760014,0.883291527455,-0.444834439667,0.148048636644,0.99741864727,-0.0451955602289,-0.0557978800068,1.82740720544,-0.690914524035,0.225809487336,1.8339676235880855,-0.6694446793913377,0.2182076202406606
56.31666666666667,34.64701504481414,12.51512202482369,4.4515287101756105,1.9102073417536423,-0.40299541302020325,0.0902627282524993,1.9948433995515786,-0.08973547838538247,-0.11201497750054387,DEPTH_PROPOSAL_CERTIFIED,1.610700821256572,0,32,0,0,208,FULL_MOTION_CERTIFICATE,0,0,0,213,0,0,0,0,0,,56.383333333,1.99484018759,-0.0900736439144,-0.111800557491,0.883291527455,-0.444834439667,0.148048636644,0.997420093794,-0.0450368219572,-0.0559002787454,1.82140652841,-0.710589788368,0.232852189938,1.8275241157017899,-0.6906052277248309,0.2258094873356236
56.333333333333336,34.678767420325336,12.508112927893402,4.453168828774161,1.9051425306719232,-0.4205458158173183,0.09840711591305831,1.9948469285543922,-0.08937650245448982,-0.11223890789788854,DEPTH_PROPOSAL_CERTIFIED,1.6256776348934596,0,32,0,0,208,FULL_MOTION_CERTIFICATE,0,0,0,213,0,0,0,0,0,,56.4,1.99484339955,-0.0897354783854,-0.112014977501,0.883291527455,-0.444834439667,0.148048636644,0.997421699776,-0.0448677391927,-0.0560074887503,1.81586082381,-0.728760614237,0.239340417124,1.821534170021378,-0.7102625264602509,0.23285218993756535
56.35,34.71043492955816,12.500810732348445,4.454943119009006,1.9000505539696881,-0.4381317326974418,0.10645741409071838,1.9948507705748324,-0.0889966025512836,-0.11247225378432642,DEPTH_PROPOSAL_CERTIFIED,1.6404691455652207,0,32,0,0,208,FULL_MOTION_CERTIFICATE,0,0,0,213,0,0,0,0,0,,56.416666666,1.99484692855,-0.0893765024545,-0.112238907898,0.883291527455,-0.444834439667,0.148048636644,0.997423464277,-0.0446882512272,-0.0561194539489,1.81077134312,-0.745426046473,0.245277798508,1.8159993622453268,-0.728415321522806,0.23934041712405482
56.36666666666667,34.74201717734822,12.493214926643349,4.456850204843741,1.8949348674032949,-0.45574834230582495,0.11442515008409818,1.9948549196372527,-0.08859567162234712,-0.11271493498572234,DEPTH_PROPOSAL_CERTIFIED,1.6550730641905949,0,32,0,0,208,FULL_MOTION_CERTIFICATE,0,0,0,213,0,0,0,0,0,,56.433333333,1.99485077057,-0.0889966025513,-0.112472253784,0.883291527455,-0.444834439667,0.148048636644,0.997425385287,-0.0444983012756,-0.0562361268922,1.80613908903,-0.760585326541,0.250667253062,1.8109208970261061,-0.7450626500877154,0.24527779850837683
56.38333333333333,34.773513818314164,12.485325067577175,4.458888877925643,1.8897984579568465,-0.47339154397040295,0.12232038491413469,1.994859367962423,-0.08817360810007838,-0.11296688402879558,DEPTH_PROPOSAL_CERTIFIED,1.669486894031897,0,32,0,0,208,FULL_MOTION_CERTIFICATE,0,0,0,213,0,0,0,0,0,,56.45,1.99485491964,-0.0885956716223,-0.112714934986,0.883291527455,-0.444834439667,0.148048636644,0.997427459819,-0.0442978358112,-0.0563574674929,1.80196489588,-0.77423782448,0.255511211704,1.8062997299050272,-0.7602037448109441,0.25066725306233306
56.4,34.80492455067133,12.477140770898181,4.46105807807066,1.884643941430127,-0.4910578007396513,0.13015200870098242,1.9948641060850894,-0.08773031509917904,-0.11322804452049774,DEPTH_PROPOSAL_CERTIFIED,1.6837383937377424,0,32,0,0,208,FULL_MOTION_CERTIFICATE,0,0,0,213,0,0,0,0,0,,56.466666666,1.99485936796,-0.0881736081001,-0.112966884029,0.883291527455,-0.444834439667,0.148048636644,0.997429683981,-0.04408680405,-0.0564834420144,1.79824948266,-0.786382999945,0.25981177336,1.8021366477652017,-0.7738379659917393,0.25551121170385027
56.416666666666664,34.836249111380134,12.468661703988165,4.463356877864719,1.8794736425284746,-0.508744014601072,0.13792798764357314,1.994869122945115,-0.08726569979039696,-0.11349836985736958,DEPTH_PROPOSAL_CERTIFIED,1.6980036188009207,0,32,0,0,208,FULL_MOTION_CERTIFICATE,0,0,0,213,0,0,0,0,0,,56.483333333,1.99486410609,-0.0877303150992,-0.11322804452,0.883291527455,-0.444834439667,0.148048636644,0.997432053043,-0.0438651575496,-0.0566140222602,1.79499349308,-0.797020372524,0.263570822609,1.7984323218056986,-0.7859647627974473,0.2598117733602233
56.43333333333333,34.867487272426864,12.459887580251783,4.465784470821328,1.874289662803843,-0.5264474241829706,0.14565557739653642,1.9948744059568004,-0.08677967291549929,-0.11377782221145451,DEPTH_PROPOSAL_CERTIFIED,1.712150802379512,0,32,0,0,208,FULL_MOTION_CERTIFICATE,0,0,0,213,0,0,0,0,0,,56.5,1.99486912295,-0.0872656997904,-0.113498369857,0.883291527455,-0.444834439667,0.148048636644,0.997434561473,-0.0436328498952,-0.0567491849287,1.79219753241,-0.806149490549,0.266790131544,1.7951873475998863,-0.7965836437129581,0.2635708226088825
56.45,34.8986388381134,12.450818154966425,4.468340162762623,1.8690939411915672,-0.5441655171212479,0.15334151647765024,1.9948799410595346,-0.0862721484184069,-0.11406637175600619,DEPTH_PROPOSAL_CERTIFIED,1.7261789154957818,0,32,0,0,208,FULL_MOTION_CERTIFICATE,0,0,0,213,0,0,0,0,0,,56.516666666,1.99487440596,-0.0867796729155,-0.113777822211,0.883291527455,-0.444834439667,0.148048636644,0.997437202978,-0.0433898364577,-0.0568889111057,1.78986220787,-0.813769902735,0.269471481005,1.7924022819212666,-0.8056941454702707,0.2667901315436281
56.46666666666667,34.929703643315165,12.441453222467787,4.471023366335906,1.8638883121061554,-0.5618959499183511,0.1609922143969564,1.994885712751657,-0.08574304317630581,-0.11436399610969855,DEPTH_PROPOSAL_CERTIFIED,1.7400863045777757,0,32,0,0,208,FULL_MOTION_CERTIFICATE,0,0,0,213,0,0,0,0,0,,56.533333333,1.99487994106,-0.0862721484184,-0.114066371756,0.891795963309,-0.427592857533,0.147865844648,0.99743997053,-0.0431360742092,-0.057033185878,1.78815930421,-0.819866343931,0.271917601621,1.7900776831446281,-0.8132958047758017,0.269471481004933
56.483333333333334,34.96068176629754,12.431792689805047,4.4738339192198895,1.8586873789428475,-0.5796319597644591,0.1686331730390064,1.9948917041080843,-0.08519227682279001,-0.11467067999489827,DEPTH_PROPOSAL_CERTIFIED,1.7538708907944782,0,32,0,0,208,FULL_MOTION_CERTIFICATE,0,0,0,213,0,0,0,0,0,,56.55,1.99488571275,-0.0857430431763,-0.11436399611,0.891795963309,-0.427592857533,0.147865844648,0.997442856376,-0.0428715215882,-0.0571819980548,1.78706178672,-0.824436601678,0.274077279117,1.7883852826968702,-0.8193732969570485,0.2719176016209133
56.5,34.99157351001139,12.421836569746901,4.476772056682712,1.8535046228312364,-0.5973672034887502,0.17628824776937377,1.9948978952261118,-0.0846197773815194,-0.11498643788870035,DEPTH_PROPOSAL_CERTIFIED,1.767530101313457,0,32,0,0,208,FULL_MOTION_CERTIFICATE,0,0,0,213,0,0,0,0,0,,56.566666666,1.99489170411,-0.0851922768228,-0.114670679995,0.891795963309,-0.427592857533,0.147865844648,0.997445852054,-0.0425961384114,-0.0573353399974,1.78653277853,-0.827480584816,0.275883316504,1.7872979928876913,-0.8239244045081311,0.27407727911664703
56.516666666666666,35.02238100405524,12.411590573639224,4.479835945494947,1.848449642631108,-0.6147597664606661,0.18383332873409028,1.9949042633299765,-0.08402548076579681,-0.11531131223761286,DEPTH_PROPOSAL_CERTIFIED,1.7810650342498162,0,32,0,0,208,FULL_MOTION_CERTIFICATE,0,0,0,213,0,0,0,0,0,,56.583333333,1.99489789523,-0.0846197773815,-0.114986437889,0.891795963309,-0.427592857533,0.147865844648,0.997448947613,-0.0423098886908,-0.0574932189444,1.78630998671,-0.829579458361,0.277386981139,1.7867788841895356,-0.8269490347180533,0.27588331650363734
56.53333333333333,35.05311036171736,12.401074035859907,4.483017957605673,1.8437614597271283,-0.6309922667590234,0.19092072664357104,1.9949107759554552,-0.08340972016152143,-0.11564520984191833,DEPTH_PROPOSAL_CERTIFIED,1.7944862752027975,0,32,0,0,208,FULL_MOTION_CERTIFICATE,0,0,0,214,0,0,0,0,0,,56.6,1.99490426333,-0.0840254807658,-0.115311312238,0.891795963309,-0.427592857533,0.147865844648,0.997452131665,-0.0420127403829,-0.0576556561188,1.78610407307,-0.831519326332,0.278776731785,1.786565628298574,-0.8290287703989955,0.27738698113924165
56.55,35.083767253786824,12.390305025376117,4.4863108990158205,1.8394135241680336,-0.6461406290274463,0.1975764846088321,1.9949173832003242,-0.08277377993242838,-0.11598765262246173,DEPTH_PROPOSAL_CERTIFIED,1.8064981303994165,0,32,0,0,208,FULL_MOTION_CERTIFICATE,0,0,0,214,0,0,0,0,0,,56.616666666,1.99491077596,-0.0834097201615,-0.115645209842,0.891795963309,-0.427592857533,0.147865844648,0.997455387978,-0.0417048600808,-0.057822604921,1.78591375895,-0.833312234498,0.280061198212,1.7863687103470738,-0.8309506487022162,0.2787767317850219
56.56666666666667,35.114356940499746,12.379300426493899,4.489707987791629,1.8353812027748215,-0.6602759329328897,0.20382532654845292,1.9949240382543025,-0.08211886136131216,-0.11633818893152452,DEPTH_PROPOSAL_CERTIFIED,1.8181397039205631,0,32,0,0,208,FULL_MOTION_CERTIFICATE,0,0,0,214,0,0,0,0,0,,56.633333333,1.9949173832,-0.0827737799324,-0.115987652622,0.891795963309,-0.427592857533,0.147865844648,0.9974586916,-0.0413868899662,-0.0579938263112,1.78573786256,-0.834969316392,0.281248356651,1.786186881777654,-0.8327266405792296,0.2800611982117966
56.583333333333336,35.144884301186046,12.368076014636221,4.493202832918576,1.831641641177945,-0.6734647114606203,0.2096907076168318,1.9949306972422929,-0.08144608784500816,-0.11669639229694702,DEPTH_PROPOSAL_CERTIFIED,1.8295666110106916,0,32,0,0,208,FULL_MOTION_CERTIFICATE,0,0,0,214,0,0,0,0,0,,56.65,1.99492403825,-0.0821188613613,-0.116338188932,0.891795963309,-0.427592857533,0.147865844648,0.997462019127,-0.0410594306807,-0.0581690944658,1.78557529165,-0.836500861777,0.282345578843,1.7860189896960503,-0.8343678094989428,0.2812483566510587
56.6,35.17535386178193,12.356646527439965,4.496789413994041,1.8281736357531813,-0.685769231775447,0.2151948645279142,1.9949373190688424,-0.08075650977905398,-0.1170618602053013,DEPTH_PROPOSAL_CERTIFIED,1.8407947981708284,0,32,0,0,208,FULL_MOTION_CERTIFICATE,0,0,0,214,0,0,0,0,0,,56.666666666,1.99493069724,-0.081446087845,-0.116696392297,0.891795963309,-0.427592857533,0.147865844648,0.997465348621,-0.0407230439225,-0.0583481961485,1.78542503673,-0.837916380909,0.283359678079,1.7858639695710614,-0.8358843796163421,0.28234557884312345
56.61666666666667,35.20576982036095,12.345025731445745,4.500462061753283,1.8249575147413346,-0.6972477596533079,0.22035886555453718,1.9949438652650324,-0.0800511091491619,-0.11743421292537408,DEPTH_PROPOSAL_CERTIFIED,1.8515334107032366,0,32,0,0,208,FULL_MOTION_CERTIFICATE,0,0,0,214,0,0,0,0,0,,56.683333333,1.99493731907,-0.0807565097791,-0.117061860205,0.891795963309,-0.427592857533,0.147865844648,0.997468659534,-0.0403782548895,-0.0585309301027,1.78528616475,-0.839224663826,0.284296951675,1.7857208383968033,-0.8372857997632185,0.28335967807934154
56.63333333333333,35.2361360708259,12.333226484639882,4.5042154394192435,1.8219750278970974,-0.7079548083518142,0.22520265995761404,1.9949502998387527,-0.07933080384576585,-0.11781309237285748,DEPTH_PROPOSAL_CERTIFIED,1.8610393632269826,0,32,0,0,208,FULL_MOTION_CERTIFICATE,0,0,0,214,0,0,0,0,0,,56.7,1.99494386527,-0.0800511091492,-0.117434212925,0.891795963309,-0.427592857533,0.147865844648,0.997471932633,-0.0400255545746,-0.0587171064627,1.78515781337,-0.840433834398,0.285163219694,1.7855886883974006,-0.8385808024735999,0.28429695167515556
56.65,35.26645622489363,12.321260795094828,4.508044524862648,1.819209244063832,-0.7179413727033276,0.22974512660431795,1.9949565891291288,-0.0785964517171489,-0.11819816101677107,DEPTH_PROPOSAL_CERTIFIED,1.8707974164908814,0,32,0,0,208,FULL_MOTION_CERTIFICATE,0,0,0,214,0,0,0,0,0,,56.716666666,1.99495029984,-0.0793308038458,-0.117813092373,0.891795963309,-0.427592857533,0.147865844648,0.997475149919,-0.0396654019229,-0.0589065461864,1.78503918559,-0.841551401071,0.285963861299,1.7854666812979927,-0.8397774577917976,0.285163219694109
56.666666666666664,35.29673363249532,12.309139875939824,4.5119445935569304,1.8166444561011597,-0.727255149300249,0.2340041216569178,1.9949627016656746,-0.07784885437598275,-0.11858910082777072,DEPTH_PROPOSAL_CERTIFIED,1.880817143404474,0,32,0,0,208,FULL_MOTION_CERTIFICATE,0,0,0,214,0,0,0,0,0,,56.733333333,1.99495658913,-0.0785964517171,-0.118198161017,0.891795963309,-0.427592857533,0.147865844648,0.997478294565,-0.0392982258586,-0.0590990805084,1.78492954476,-0.842584303667,0.286703848283,1.7853540429565544,-0.8408832237826973,0.2859638612986392
56.68333333333333,35.32697086806916,12.296872133796482,4.515912065854734,1.8142341344304695,-0.7360645286005751,0.23804833786822557,1.9949686080326114,-0.07708876077330902,-0.11898561226828526,DEPTH_PROPOSAL_CERTIFIED,1.8911046896529125,0,32,0,0,208,FULL_MOTION_CERTIFICATE,0,0,0,214,0,0,0,0,0,,56.75,1.99496270167,-0.077848854376,-0.118589100828,0.891795963309,-0.427592857533,0.147865844648,0.997481350833,-0.038924427188,-0.0592945504139,1.78482821005,-0.843538956065,0.287387775646,1.7848282100480497,-0.8435389560645609,0.28738777564618334
56.7,35.35717138646391,12.28446956276747,4.519941835422461,1.8120311036842387,-0.7441542617404742,0.2417861740635268,1.9949742828107204,-0.07631672567230943,-0.11938747131298619,DEPTH_PROPOSAL_CERTIFIED,1.901668032265543,0,32,0,0,208,FULL_MOTION_CERTIFICATE,0,0,0,214,0,0,0,0,0,,56.766666666,1.99496860803,-0.0770887607733,-0.118985612268,0.891795963309,-0.427592857533,0.147865844648,0.997484304016,-0.0385443803867,-0.0594928061341,1.78473455222,-0.844421286257,0.288019890291,1.7851541285802344,-0.842849006047203,0.28738777564618334
56.71666666666667,35.38733785740055,12.271941275632196,4.524029980894515,1.8099882561985516,-0.7516972281163966,0.24528872832321308,1.9949796979515286,-0.07553355815371689,-0.1197943502585409,DEPTH_PROPOSAL_CERTIFIED,1.9125117971933556,0,32,0,0,208,FULL_MOTION_CERTIFICATE,0,0,0,214,0,0,0,0,0,,56.783333333,1.99497428281,-0.0763167256723,-0.119387471313,0.891795963309,-0.427592857533,0.147865844648,0.997487141405,-0.0381583628362,-0.0596937356565,1.78464798967,-0.845236773304,0.2886041175,1.7850655168731666,-0.8437214179026568,0.2880198902913884
56.733333333333334,35.41747275696073,12.259295778520675,4.528172817514519,1.8080939736106512,-0.7587298266912614,0.24857019720027562,1.994984829468305,-0.07473986769596173,-0.12020599971759983,DEPTH_PROPOSAL_CERTIFIED,1.9236392273134069,0,32,0,0,208,FULL_MOTION_CERTIFICATE,0,0,0,214,0,0,0,0,0,,56.8,1.99497969795,-0.0755335581537,-0.119794350259,0.891795963309,-0.427592857533,0.147865844648,0.997489848976,-0.0377667790769,-0.0598971751293,1.78456798489,-0.845990481028,0.289144085072,1.7849837260382642,-0.844527529304617,0.288604117500441
56.75,35.44757838159955,12.24654101052366,4.532366883790926,1.8063374783294248,-0.7652860798209269,0.2516439765844636,1.9949896549407993,-0.07393622340326321,-0.12062218514043321,DEPTH_PROPOSAL_CERTIFIED,1.9350522954447693,0,32,0,0,208,FULL_MOTION_CERTIFICATE,0,0,0,214,0,0,0,0,0,,56.816666666,1.99498482947,-0.074739867696,-0.120205999718,0.891795963309,-0.427592857533,0.147865844648,0.997492414734,-0.037369933848,-0.0601029998588,1.78449404109,-0.84668708964,0.289643145978,1.7849082358984631,-0.8452723680028511,0.289144085071559
56.766666666666666,35.47765686114706,12.233684380783407,4.536608928816568,1.804708772850898,-0.7713977844153029,0.2545227015384995,1.9949941534082056,-0.0731231565994781,-0.12104268600788841,DEPTH_PROPOSAL_CERTIFIED,1.9467518088201845,0,32,0,0,208,FULL_MOTION_CERTIFICATE,0,0,0,214,0,0,0,0,0,,56.833333333,1.99498965494,-0.0739362234033,-0.12062218514,0.891795963309,-0.427592857533,0.147865844648,0.99749482747,-0.0369681117016,-0.0603110925702,1.78442569908,-0.847330924912,0.290104399269,1.7848385660128696,-0.8459605804666959,0.28964314597773955
56.78333333333333,35.50771017087105,12.220732803219292,4.540895900228232,1.8031985834396125,-0.7770946538469735,0.2572182846998782,1.9949983052678482,-0.07230116326016814,-0.12146729506183891,DEPTH_PROPOSAL_CERTIFIED,1.958737505581098,0,32,0,0,208,FULL_MOTION_CERTIFICATE,0,0,0,215,0,0,0,0,0,,56.85,1.99499415341,-0.0731231565995,-0.121042686008,0.891795963309,-0.427592857533,0.147865844648,0.997497076704,-0.0365615782997,-0.0605213430039,1.7843625345,-0.847925984784,0.290530709128,1.7847742726219302,-0.8465964609133588,0.2901043992687
56.8,35.53774014266881,12.207692729034061,4.545224932781851,1.8017983078658628,-0.7824044511138657,0.259741953217147,1.9950020921794762,-0.07147070629250878,-0.1218958175720682,DEPTH_PROPOSAL_CERTIFIED,1.9710081438358342,0,32,0,0,208,FULL_MOTION_CERTIFICATE,0,0,0,215,0,0,0,0,0,,56.866666666,1.99499830527,-0.0723011632602,-0.121467295062,0.891795963309,-0.427592857533,0.147865844648,0.997499152634,-0.0361505816301,-0.0607336475309,1.78430415511,-0.848475964329,0.290924722761,1.7847149458661156,-0.8471839777699548,0.29053070912782825
56.81666666666667,35.567748475450564,12.19457017713746,4.54959333751924,1.800499966904636,-0.7873531137956878,0.262104284243214,1.9950054969750295,-0.07063221767216438,-0.12232807063845491,DEPTH_PROPOSAL_CERTIFIED,1.9835615837928562,0,32,0,0,208,FULL_MOTION_CERTIFICATE,0,0,0,215,0,0,0,0,0,,56.883333333,1.99500209218,-0.0714707062925,-0.121895817572,0.930987040081,-0.352057732415,0.0965322964026,0.99750104609,-0.0357353531463,-0.060947908786,1.78490139033,-0.847758685347,0.290457340322,1.7846602071776752,-0.847726798513894,0.2909247227612206
56.833333333333336,35.59773756632905,12.181372310430786,4.553997541569857,1.7993454527091481,-0.7918720024004687,0.26425224303708233,1.9950085035737066,-0.06978610044571511,-0.1227638825273124,DEPTH_PROPOSAL_CERTIFIED,1.9963961611228673,0,32,0,0,208,FULL_MOTION_CERTIFICATE,0,0,0,215,0,0,0,0,0,,56.9,1.99500549698,-0.0706322176722,-0.122328070638,0.930987040081,-0.352057732415,0.0965322964026,0.997502748488,-0.0353161088361,-0.0611640353192,1.78615239467,-0.845773584494,0.289127988254,1.785260379524195,-0.8470024433787985,0.2904573403222776
56.85,35.627710455332526,12.168107349765686,4.558433154389688,1.7983733402083701,-0.7958976399060587,0.2661367691898657,1.9950110974084494,-0.06893284133864477,-0.12320302188710998,DEPTH_PROPOSAL_CERTIFIED,2.0101634678782503,0,32,0,0,208,FULL_MOTION_CERTIFICATE,0,0,0,215,0,0,0,0,0,,56.916666666,1.99500850357,-0.0697861004457,-0.122763882527,0.930987040081,-0.352057732415,0.0965322964026,0.997504251787,-0.0348930502229,-0.0613819412637,1.78805500851,-0.842520005608,0.286935997597,1.7865135676988784,-0.8450104174742591,0.28912798825382374
56.86666666666667,35.657670773915086,12.154784494543485,4.562895028861548,1.7976191149537002,-0.7993713133321595,0.2677124683116429,1.9950132656313193,-0.06807300490491171,-0.12364520192177068,DEPTH_PROPOSAL_CERTIFIED,2.0241028965713608,0,32,0,0,208,FULL_MOTION_CERTIFICATE,0,0,0,215,0,0,0,0,0,,56.933333333,1.99501109741,-0.0689328413386,-0.123203021887,0.930987040081,-0.352057732415,0.0965322964026,0.997505548704,-0.0344664206693,-0.0616015109436,1.7906065705,-0.837997143165,0.283880546218,1.788417566846725,-0.8417501291305919,0.28693599759732613
56.88333333333333,35.68762627484044,12.141420183996617,4.567372368074306,1.7973300555212368,-0.8018586328120965,0.26864035276550935,1.9950149973073241,-0.06720722812215629,-0.12409008424122168,DEPTH_PROPOSAL_CERTIFIED,2.0381698685858285,0,32,0,0,208,FULL_MOTION_CERTIFICATE,0,0,0,215,0,0,0,0,0,,56.95,1.99501326563,-0.0680730049049,-0.123645201922,0.930987040081,-0.352057732415,0.0965322964026,0.997506632816,-0.0340365024525,-0.0618226009609,1.79380353045,-0.832203930467,0.279960543103,1.7938035304451823,-0.832203930467329,0.2799605431026808
56.9,35.71757778089457,12.128018546050672,4.5718640004566815,1.7970903632482078,-0.8040982767567263,0.26949794294256774,1.9950162892368604,-0.06633667033084596,-0.1245369497338215,DEPTH_PROPOSAL_CERTIFIED,2.0523690041149942,0,32,0,0,208,FULL_MOTION_CERTIFICATE,0,0,0,215,0,0,0,0,0,,56.966666666,1.99501499731,-0.0672072281222,-0.124090084241,0.930987040081,-0.352057732415,0.0965322964026,0.997507498654,-0.0336036140611,-0.0620450421206,1.79764045708,-0.825138751054,0.275174330366,1.7941661175172547,-0.8314219328812122,0.2799605431026808
56.916666666666664,35.747530437785954,12.114591336459448,4.576362799994895,1.7971594134831892,-0.8056325754734766,0.2699279722928188,1.9950171293187229,-0.06546161008960104,-0.12498572450228013,DEPTH_PROPOSAL_CERTIFIED,2.066711288034859,0,32,0,0,208,FULL_MOTION_CERTIFICATE,0,0,0,215,0,0,0,0,0,,56.983333333,1.99501628924,-0.0663366703308,-0.124536949734,0.930987040081,-0.352057732415,0.0965322964026,0.997508144618,-0.0331683351654,-0.0622684748669,1.80210605092,-0.816798298279,0.269518499736,1.7980018263499622,-0.824351019817831,0.2751743303658816
56.93333333333333,35.77748979399168,12.101151030010803,4.580861082522304,1.797561372343426,-0.8064183869187691,0.2698969516446034,1.9950175133842492,-0.06458287583703591,-0.12543593360255537,DEPTH_PROPOSAL_CERTIFIED,2.0812081108093508,0,32,0,0,208,FULL_MOTION_CERTIFICATE,0,0,0,215,0,0,0,0,0,,57,1.99501712932,-0.0654616100896,-0.124985724502,0.930987040081,-0.352057732415,0.0965322964026,0.997508564659,-0.0327308050448,-0.0624928622511,1.80664150777,-0.808261719816,0.263726536974,1.8024652704383168,-0.816005286551339,0.2695184997363759
56.95,35.80746106526166,12.087709403117719,4.585351574122102,1.7982762761986302,-0.8064976135847554,0.26942949598775684,1.9950174398511398,-0.06370135071927911,-0.12588706290299462,DEPTH_PROPOSAL_CERTIFIED,2.095870088938618,0,32,0,0,208,FULL_MOTION_CERTIFICATE,0,0,0,215,0,0,0,0,0,,57.016666666,1.99501751338,-0.064582875837,-0.125435933603,0.930987040081,-0.352057732415,0.0965322964026,0.997508756692,-0.0322914379185,-0.0627179668013,1.81083336914,-0.80037185233,0.2583733596,1.8069981032321158,-0.8074641789097873,0.263726536974231
56.96666666666667,35.837448638289516,12.074276522353582,4.589828105953731,1.7992543816712976,-0.8059728458482722,0.26859190989775944,1.9950169089919427,-0.06281787084130998,-0.12633862409888108,DEPTH_PROPOSAL_CERTIFIED,2.1107062726907464,0,32,0,0,208,FULL_MOTION_CERTIFICATE,0,0,0,215,0,0,0,0,0,,57.033333333,1.99501743985,-0.0637013507193,-0.125887062903,0.930987040081,-0.352057732415,0.0965322964026,0.997508719926,-0.0318506753596,-0.0629435314515,1.81470766551,-0.793079701616,0.253425725653,1.8111872684378412,-0.7995706794631778,0.2583733595997907
56.983333333333334,35.86745616643422,12.06086093599111,4.594285488562829,1.800451688682768,-0.8049351817482993,0.2674429565458655,1.995015922088175,-0.06193315229154508,-0.12679020175825936,DEPTH_PROPOSAL_CERTIFIED,2.1257243270409814,0,32,0,0,208,FULL_MOTION_CERTIFICATE,0,0,0,215,0,0,0,0,0,,57.05,1.99501690899,-0.0628178708413,-0.126338624099,0.930987040081,-0.352057732415,0.0965322964026,0.997508454496,-0.0314089354207,-0.0631693120494,1.81828845457,-0.786339986573,0.248852912467,1.8150588342227072,-0.7922756797286281,0.2534257256527585
57.0,35.897486655690635,12.047469846328395,4.5987193988940485,1.8018293553847524,-0.8034653797629107,0.266034619873208,1.995014481203764,-0.06104780441346993,-0.12724144514886193,DEPTH_PROPOSAL_CERTIFIED,2.1409306939220203,0,32,0,0,209,FULL_MOTION_CERTIFICATE,0,0,0,215,0,0,0,0,0,,57.066666666,1.99501592209,-0.0619331522915,-0.126790201758,0.930987040081,-0.352057732415,0.0965322964026,0.997507961044,-0.0309665761458,-0.0633951008791,1.82159797153,-0.780110856387,0.244626524783,1.8186368891489633,-0.7855337955411693,0.24885291246678576
57.016666666666666,35.92754254183865,12.034109264615694,4.603126278802174,1.8033531688809337,-0.8016349027620898,0.2644127944875625,1.9950125889882904,-0.0601623417627692,-0.12769206088030297,DEPTH_PROPOSAL_CERTIFIED,2.1563307377613268,0,32,0,0,209,FULL_MOTION_CERTIFICATE,0,0,0,215,0,0,0,0,0,,57.083333333,1.9950144812,-0.0610478044135,-0.127241445149,0.930987040081,-0.352057732415,0.0965322964026,0.997507240602,-0.0305239022067,-0.0636207225744,1.8246567677,-0.774353629639,0.240720317737,1.8219436935343458,-0.7793030833520737,0.24462652478268637
57.03333333333333,35.95762575961559,12.020784150231615,4.607503243966927,1.8049930666163578,-0.7995068630448081,0.2626179098852144,1.9950102485075056,-0.059277194872000324,-0.12814180628556723,DEPTH_PROPOSAL_CERTIFIED,2.171928876031893,0,32,0,0,209,FULL_MOTION_CERTIFICATE,0,0,0,216,0,0,0,0,0,,57.1,1.99501258899,-0.0601623417628,-0.12769206088,0.930987040081,-0.352057732415,0.0965322964026,0.997506294494,-0.0300811708814,-0.0638460304402,1.82748383688,-0.769032556441,0.237110035473,1.8249998189885328,-0.7735447784939699,0.24072031773656638
57.05,35.987737804676556,12.007498535603247,4.611848002219543,1.8067227036581701,-0.7971368777021297,0.2606854951569851,1.9950074630985721,-0.05839271993406808,-0.12859048347253876,DEPTH_PROPOSAL_CERTIFIED,2.1877286963305758,0,32,0,0,209,FULL_MOTION_CERTIFICATE,0,0,0,216,0,0,0,0,0,,57.116666666,1.99501024851,-0.059277194872,-0.128141806286,0.930987040081,-0.352057732415,0.0965322964026,0.997505124254,-0.029638597436,-0.0640709031428,1.83009673399,-0.764114595152,0.233773259646,1.827824275568281,-0.7682230565214517,0.23711003547258608
57.06666666666667,36.01787978903982,11.994255638233113,4.61615878037682,1.808519061794839,-0.7945738422077118,0.2586466894364856,1.9950042362475247,-0.05750920750560078,-0.12903793398264193,DEPTH_PROPOSAL_CERTIFIED,2.1998087533557165,0,32,0,0,210,FULL_MOTION_CERTIFICATE,0,0,0,216,0,0,0,0,0,,57.133333333,1.9950074631,-0.0583927199341,-0.128590483473,0.930987040081,-0.352057732415,0.0965322964026,0.997503731549,-0.029196359967,-0.0642952417363,1.83251168451,-0.7595692064,0.230689269673,1.8304346310621908,-0.7633048091758249,0.2337732596464022
57.083333333333336,36.0480524906495,11.981057961070688,4.620434258761665,1.810362096581259,-0.7918606297455507,0.25652870309072967,1.9950005714865628,-0.056626890322658475,-0.12948403399907224,DEPTH_PROPOSAL_CERTIFIED,2.209879536931002,0,32,0,0,210,FULL_MOTION_CERTIFICATE,0,0,0,216,0,0,0,0,0,,57.15,1.99500423625,-0.0575092075056,-0.129037933983,0.930987040081,-0.352057732415,0.0965322964026,0.997502118124,-0.0287546037528,-0.0645189669913,1.83474368423,-0.755368165288,0.227838915307,1.8328471209755852,-0.7587594377071832,0.23068926967250564
57.1,36.07825639762812,11.967907382349322,4.624673512666986,1.8122344187167472,-0.7890347232819711,0.25435523431926277,1.9949964723089146,-0.055745950312891965,-0.1299286900522734,DEPTH_PROPOSAL_CERTIFIED,2.2202945395599656,0,32,0,0,210,FULL_MOTION_CERTIFICATE,0,0,0,216,0,0,0,0,0,,57.166666666,1.99500057149,-0.0566268903227,-0.129484033999,0.930987040081,-0.352057732415,0.0965322964026,0.997500285743,-0.0283134451613,-0.0647420169995,1.83680659293,-0.751485385105,0.225204497041,1.8350767487697055,-0.7545586644262972,0.22783891530736486
57.11666666666667,36.10849174773955,11.954805235910117,4.6288759600858445,1.81412100668607,-0.7861287863523939,0.25214684513154306,1.9949919420991642,-0.05486652488045998,-0.13037183517519255,DEPTH_PROPOSAL_CERTIFIED,2.2310624086537194,0,32,0,0,210,FULL_MOTION_CERTIFICATE,0,0,0,216,0,0,0,0,0,,57.183333333,1.99499647231,-0.0557459503129,-0.129928690052,0.930987040081,-0.352057732415,0.0965322964026,0.997498236154,-0.0278729751564,-0.0649643450261,1.83871322079,-0.74789675471,0.222769655763,1.8371373799118105,-0.7506763558115498,0.225204497041361
57.13333333333333,36.13875856353522,11.941752382939377,4.633041315093884,1.8160089477404218,-0.7831711782444019,0.24992130048238442,1.9949869840771157,-0.053988712533389153,-0.13081342546497468,DEPTH_PROPOSAL_CERTIFIED,2.2421912230086303,0,32,0,0,210,FULL_MOTION_CERTIFICATE,0,0,0,216,0,0,0,0,0,,57.2,1.9949919421,-0.0548665248805,-0.130371835175,0.930987040081,-0.352057732415,0.0965322964026,0.99749597105,-0.0274332624402,-0.0651859175876,1.84047540714,-0.744579990258,0.22051927216,1.839041828603515,-0.7470883593268964,0.2227696557626475
57.15,36.169056683610044,11.92874927595804,4.637169546328789,1.8178872044897842,-0.7801864188802881,0.2476938740943443,1.9949816012534178,-0.05311257791668968,-0.13125343701173128,DEPTH_PROPOSAL_CERTIFIED,2.2536885693861755,0,32,0,0,210,FULL_MOTION_CERTIFICATE,0,0,0,216,0,0,0,0,0,,57.216666666,1.99498698408,-0.0539887125334,-0.130813425465,0.930987040081,-0.352057732415,0.0965322964026,0.997493492039,-0.0269943562667,-0.0654067127325,1.84210409442,-0.74151449603,0.218439372292,1.8408019368320065,-0.7437723546380978,0.220519272160253
57.166666666666664,36.199385790356665,11.915796015826354,4.6412608400614195,1.8197464047973209,-0.7771956079011877,0.2454776239578262,1.9949757963953498,-0.05223815630858428,-0.13169186315873585,DEPTH_PROPOSAL_CERTIFIED,2.265561612579891,0,32,0,0,210,FULL_MOTION_CERTIFICATE,0,0,0,216,0,0,0,0,0,,57.233333333,1.99498160125,-0.0531125779167,-0.131253437012,0.937629768673,-0.344685400501,0.0451928266398,0.997490800627,-0.0265562889583,-0.0656267185059,1.84392335772,-0.73825805949,0.214714783902,1.8424286485492696,-0.7407077139561606,0.21843937229230415
57.18333333333333,36.22974792401349,11.90289619489591,4.645306500965286,1.821728019409647,-0.773989255826727,0.24273965423199384,1.9949695720013365,-0.05136545763215656,-0.13212871206154828,DEPTH_PROPOSAL_CERTIFIED,2.277815029906607,0,32,0,0,210,FULL_MOTION_CERTIFICATE,0,0,0,216,0,0,0,0,0,,57.25,1.9949757964,-0.0522381563086,-0.131691863159,0.937629768673,-0.344685400501,0.0451928266398,0.997487898198,-0.0261190781543,-0.0658459315794,1.84590371768,-0.734871760518,0.209336423577,1.8459037176800284,-0.734871760518304,0.20933642357683688
57.2,36.26014098694937,11.890046781207054,4.649309986072872,1.8235837761521159,-0.7709648213310523,0.24020910645508708,1.9949629655838048,-0.05049474789174391,-0.13256336743014624,DEPTH_PROPOSAL_CERTIFIED,2.290453800662768,0,32,0,0,210,FULL_MOTION_CERTIFICATE,0,0,0,216,0,0,0,0,0,,57.266666666,1.994969572,-0.0513654576322,-0.132128712062,0.937629768673,-0.344685400501,0.0451928266398,0.997484786001,-0.0256827288161,-0.0660643560308,1.84799554753,-0.731457661966,0.202295361273,1.846224008410228,-0.7340667204838351,0.20933642357683688
57.21666666666667,36.290565274544946,11.877248265858823,4.653265600290075,1.8254572557350524,-0.7679109208939235,0.2373368530321947,1.9949559711092684,-0.04962580905209711,-0.13299606163868358,DEPTH_PROPOSAL_CERTIFIED,2.3034799525470464,0,32,0,0,210,FULL_MOTION_CERTIFICATE,0,0,0,216,0,0,0,0,0,,57.283333333,1.99496296558,-0.0504947478917,-0.13256336743,0.937629768673,-0.344685400501,0.0451928266398,0.997481482792,-0.0252473739459,-0.0662816837151,1.85006100135,-0.728269263345,0.193817352922,1.8483137066468793,-0.7306533355609508,0.20229536127290546
57.233333333333334,36.32102102661381,11.864500817706082,4.657166265643502,1.8273451241322072,-0.7648468891644492,0.23403992120566766,1.9949486187222432,-0.048758681145737684,-0.1334263829650685,DEPTH_PROPOSAL_CERTIFIED,2.3168927895764995,0,32,0,0,210,FULL_MOTION_CERTIFICATE,0,0,0,216,0,0,0,0,0,,57.3,1.99495597111,-0.0496258090521,-0.132996061639,0.937629768673,-0.344685400501,0.0451928266398,0.997477985555,-0.024812904526,-0.0664980308193,1.85196998138,-0.725322410078,0.185981617944,1.8503771185774978,-0.7274657020648606,0.1938173529220351
57.25,36.351508267366015,11.851804287721043,4.661006251321094,1.8292344451322191,-0.761791799102393,0.23039914065553582,1.9949409463232097,-0.047893381160545874,-0.13385381848892441,DEPTH_PROPOSAL_CERTIFIED,2.330690511542871,0,32,0,0,210,FULL_MOTION_CERTIFICATE,0,0,0,216,0,0,0,0,0,,57.316666666,1.99494861872,-0.0487586811457,-0.133426382965,0.937629768673,-0.344685400501,0.0451928266398,0.997474309361,-0.0243793405729,-0.0667131914825,1.85373434161,-0.722598803439,0.178739499698,1.8522841613323653,-0.724519700345306,0.18598161794392465
57.266666666666666,36.38202683670869,11.839158256213949,4.664781010179296,1.831114160560667,-0.7587618904256905,0.22648553149211925,1.9949329865206238,-0.04702990264006034,-0.13427794885821986,DEPTH_PROPOSAL_CERTIFIED,2.344870416812511,0,32,0,0,211,FULL_MOTION_CERTIFICATE,0,0,0,216,0,0,0,0,0,,57.333333333,1.99494094632,-0.0478933811605,-0.133853818489,0.937629768673,-0.344685400501,0.0451928266398,0.997470473162,-0.0239466905803,-0.0669269092445,1.85536503829,-0.720081530477,0.172046026351,1.8540466887877305,-0.7217970045699181,0.1787394996984341
57.28333333333333,36.412576418041105,11.826562074722341,4.668487032288582,1.8329748799449497,-0.7557708894965148,0.22236132655718754,1.9949247671466341,-0.04616821907634544,-0.13469843715598945,DEPTH_PROPOSAL_CERTIFIED,2.3506115172770583,0,32,0,0,211,FULL_MOTION_CERTIFICATE,0,0,0,217,0,0,0,0,0,,57.35,1.99493298652,-0.0470299026401,-0.134277948858,0.937629768673,-0.344685400501,0.0451928266398,0.99746649326,-0.02351495132,-0.0671389744291,1.85687219734,-0.717754960015,0.165859634328,1.855675656433202,-0.719280678160569,0.17204602635101746
57.3,36.44315656289489,11.814014903104546,4.672121713877377,1.8348086912272739,-0.7528302970677525,0.2180808953276994,1.994916311728579,-0.04530828692504335,-0.1351150189104082,DEPTH_PROPOSAL_CERTIFIED,2.344148029983309,0,32,0,0,211,FULL_MOTION_CERTIFICATE,0,0,0,217,0,0,0,0,0,,57.366666666,1.99492476715,-0.0461682190763,-0.134698437156,0.937629768673,-0.344685400501,0.0451928266398,0.997462383573,-0.0230841095382,-0.067349218578,1.85826517759,-0.715604645025,0.16014190872,1.8571811888716303,-0.7169550694368504,0.16585963432794065
57.31666666666667,36.47376671273852,11.801515742324376,4.675683240180052,1.836608990616843,-0.7499496468098522,0.21369157816042167,1.9949076399199939,-0.044450048280155016,-0.13552749313970158,DEPTH_PROPOSAL_CERTIFIED,2.3380971376047013,0,32,0,0,212,FULL_MOTION_CERTIFICATE,0,0,0,217,0,0,0,0,0,,57.383333333,1.99491631173,-0.045308286925,-0.13511501891,0.937629768673,-0.344685400501,0.0451928266398,0.997458155864,-0.0226541434625,-0.0675575094552,1.85955262911,-0.713617232559,0.154857343808,1.8585726431695788,-0.7148057136634831,0.16014190871965503
57.333333333333336,36.50440621823449,11.78906346336759,4.679170480833291,1.8383703297586376,-0.747136737407175,0.20923443919432178,1.9948987678944865,-0.04359343324272969,-0.13593571433281224,DEPTH_PROPOSAL_CERTIFIED,2.3324574301595025,0,32,0,0,212,FULL_MOTION_CERTIFICATE,0,0,0,217,0,0,0,0,0,,57.4,1.99490763992,-0.0444500482802,-0.13552749314,0.937629768673,-0.344685400501,0.0451928266398,0.99745381996,-0.0222250241401,-0.0677637465699,1.86074254643,-0.711780381647,0.149973124731,1.8598586672885336,-0.7128192426945104,0.1548573438078998
57.35,36.535074356209755,11.776656832687085,4.682582896594529,1.8400882785157682,-0.7443978408304154,0.20474494567435822,1.994889708705509,-0.042738362014416435,-0.13633958527579054,DEPTH_PROPOSAL_CERTIFIED,2.3272279486305054,0,32,0,0,212,FULL_MOTION_CERTIFICATE,0,0,0,217,0,0,0,0,0,,57.416666666,1.99489876789,-0.0435934332427,-0.135935714333,0.937629768673,-0.344685400501,0.0451928266398,0.997449383947,-0.0217967166214,-0.0679678571664,1.86184231842,-0.710082686211,0.145458922529,1.8610472533527633,-0.7109833025939462,0.14997312473079963
57.36666666666667,36.56577034457533,11.764294534537536,4.685920456265938,1.8417593019346399,-0.7417378889730204,0.20025358028453602,1.9948804726147464,-0.04188474674379574,-0.13673905064236172,DEPTH_PROPOSAL_CERTIFIED,2.3224081277231208,0,32,0,0,212,FULL_MOTION_CERTIFICATE,0,0,0,217,0,0,0,0,0,,57.433333333,1.99488970871,-0.0427383620144,-0.136339585276,0.937629768673,-0.344685400501,0.0451928266398,0.997444854353,-0.0213691810072,-0.0681697926379,1.86285877442,-0.708513603967,0.141286705078,1.8621457876448757,-0.7092864763127994,0.14545892252870193
57.38333333333333,36.59649415986545,11.751976017319022,4.689178693947989,1.8434289174075353,-0.7391110331108389,0.19549426092305858,1.9948710673916235,-0.041032493150889936,-0.13713409127429327,DEPTH_PROPOSAL_CERTIFIED,2.3179936786388047,0,32,0,0,212,FULL_MOTION_CERTIFICATE,0,0,0,217,0,0,0,0,0,,57.45,1.99488047261,-0.0418847467438,-0.136739050642,0.937629768673,-0.344685400501,0.0451928266398,0.997440236307,-0.0209423733719,-0.0683695253212,1.86379822618,-0.707063391592,0.137430564713,1.8637982261768624,-0.7070633915922236,0.13743056471303008
57.4,36.62724407433528,11.739698967544946,4.6923636188822995,1.8449948681897141,-0.7366229864445445,0.19109549605866272,1.994861521388601,-0.040181563778835076,-0.13752437026011968,DEPTH_PROPOSAL_CERTIFIED,2.3139890209759093,0,32,0,0,212,FULL_MOTION_CERTIFICATE,0,0,0,217,0,0,0,0,0,,57.466666666,1.99487106739,-0.0410324931509,-0.137134091274,0.937629768673,-0.344685400501,0.0451928266398,0.997435533696,-0.0205162465754,-0.0685670456371,1.86466650729,-0.705723043874,0.133866556414,1.8640994677322975,-0.706268817115751,0.13743056471303008
57.416666666666664,36.658019205860946,11.727461935228213,4.695476285054433,1.8465078915399926,-0.7342219390040603,0.1867599703279813,1.9948518138834817,-0.039331789143987515,-0.1379103005888799,DEPTH_PROPOSAL_CERTIFIED,2.3103944666418608,0,32,0,0,212,FULL_MOTION_CERTIFICATE,0,0,0,217,0,0,0,0,0,,57.483333333,1.99486152139,-0.0401815637788,-0.13752437026,0.937629768673,-0.344685400501,0.0451928266398,0.997430760694,-0.0200907818894,-0.0687621851301,1.86546900958,-0.704484237571,0.130572548535,1.8649667764133897,-0.7049291602301515,0.13386655641366474
57.43333333333333,36.68881921469053,11.715263896167505,4.698514163494727,1.848000529775422,-0.7318823436425578,0.1822727064176775,1.9948419468141276,-0.03848306388857329,-0.13829194128570657,DEPTH_PROPOSAL_CERTIFIED,2.3072072474863097,0,32,0,0,212,FULL_MOTION_CERTIFICATE,0,0,0,217,0,0,0,0,0,,57.5,1.99485181388,-0.039331789144,-0.137910300589,0.937629768673,-0.344685400501,0.0451928266398,0.997425906942,-0.019665894572,-0.0689551502944,1.86621071625,-0.703339280232,0.127528086712,1.866210716247662,-0.7033392802322248,0.127528086711968
57.45,36.719642593143156,11.70310289719086,4.701482919940445,1.8494027071568566,-0.729659938598446,0.17812538674300102,1.9948319391688256,-0.03763531446170179,-0.13866909380720702,DEPTH_PROPOSAL_CERTIFIED,2.3044316282660176,0,32,0,0,212,FULL_MOTION_CERTIFICATE,0,0,0,217,0,0,0,0,0,,57.516666666,1.99484194681,-0.0384830638886,-0.138291941286,0.937629768673,-0.344685400501,0.0451928266398,0.997420973407,-0.0192415319443,-0.0691459706429,1.86689623297,-0.702281062151,0.12471426611,1.8665092712103513,-0.7025465970602942,0.127528086711968
57.46666666666667,36.750488435415974,11.690977467772699,4.704384238102534,1.8507505363693484,-0.7275257650896872,0.17407908972534575,1.9948217701377657,-0.03678839675624845,-0.13904214917979543,DEPTH_PROPOSAL_CERTIFIED,2.302068488048353,0,32,0,0,212,FULL_MOTION_CERTIFICATE,0,0,0,217,0,0,0,0,0,,57.533333333,1.99483193917,-0.0376353144617,-0.138669093807,0.937629768673,-0.344685400501,0.0451928266398,0.997415969584,-0.0188176572309,-0.0693345469036,1.86752981665,-0.701303012044,0.122113613571,1.8671940527617485,-0.7014888482828288,0.12471426610994833
57.483333333333334,36.781355838847404,11.678886147667695,4.70721994328968,1.8520442058859627,-0.7254792063002427,0.17014231122878862,1.994811437646422,-0.035942202707684015,-0.13941121296199258,DEPTH_PROPOSAL_CERTIFIED,2.3001188495540084,0,32,0,0,212,FULL_MOTION_CERTIFICATE,0,0,0,217,0,0,0,0,0,,57.55,1.99482177014,-0.0367883967562,-0.13904214918,0.937629768673,-0.344685400501,0.0451928266398,0.997410885069,-0.0183941983781,-0.0695210745899,1.86811540156,-0.700399056644,0.119709980167,1.867826973988659,-0.7005111890690165,0.12211361357078852
57.5,36.8122439086429,11.666827493802113,4.709991971291143,1.853284187729697,-0.7235192319349252,0.16632168008776876,1.9948009385751793,-0.03509662462179452,-0.1397764014408001,DEPTH_PROPOSAL_CERTIFIED,2.2931848908624177,0,32,0,0,212,FULL_MOTION_CERTIFICATE,0,0,0,217,0,0,0,0,0,,57.566666666,1.99481143765,-0.0359422027077,-0.139411212962,0.937629768673,-0.344685400501,0.0451928266398,0.997405718823,-0.0179711013538,-0.069705606481,1.86865662395,-0.699563582766,0.11748844034,1.8684119662232568,-0.6996075446780509,0.11970998016732363
57.516666666666666,36.843151761866515,11.65480008606135,4.712702341161612,1.8544711934170466,-0.7216444644458551,0.16262219222812357,1.9947902688975507,-0.034251555691509304,-0.14013783944513242,DEPTH_PROPOSAL_CERTIFIED,2.27842662420428,0,32,0,0,212,FULL_MOTION_CERTIFICATE,0,0,0,217,0,0,0,0,0,,57.583333333,1.99480093858,-0.0350966246218,-0.139776401441,0.935635221997,-0.352798203846,0.0109616933239,0.997400469288,-0.0175483123109,-0.0698882007204,1.86908770403,-0.69914290271,0.113656436873,1.8689526628027129,-0.6987723010791986,0.11748844034044943
57.53333333333333,36.87407844367152,11.642802088251072,4.715350885583399,1.8556009083006209,-0.7198798686167248,0.15891266530726356,1.99477942380474,-0.03340689043384224,-0.1404956584267665,DEPTH_PROPOSAL_CERTIFIED,2.2640600734390866,0,32,0,0,212,FULL_MOTION_CERTIFICATE,0,0,0,218,0,0,0,0,0,,57.6,1.9947902689,-0.0342515556915,-0.140137839445,0.935635221997,-0.352798203846,0.0109616933239,0.997395134449,-0.0171257778458,-0.0700689197226,1.86938286437,-0.699187485686,0.108229806762,1.8693834298802292,-0.698351799501335,0.11365643687276848
57.55,36.90502290024121,11.630831215917812,4.717935436496923,1.856667394181044,-0.7182523399955956,0.15507305481138794,1.9947684099820377,-0.03256249251046171,-0.14084983002914866,DEPTH_PROPOSAL_CERTIFIED,2.2500829028098166,0,32,0,0,212,FULL_MOTION_CERTIFICATE,0,0,0,218,0,0,0,0,0,,57.616666666,1.9947794238,-0.0334068904338,-0.140495658427,0.935635221997,-0.352798203846,0.0109616933239,0.997389711902,-0.0167034452169,-0.0702478292134,1.86952586282,-0.699673010061,0.101691441863,1.8696785219222094,-0.6983964908178178,0.10822980676170246
57.56666666666667,36.93598396578053,11.618884801048377,4.720452586383997,1.8576639323588129,-0.7167848921658261,0.15102899322439461,1.9947572448387603,-0.03171819212434028,-0.1412001786530126,DEPTH_PROPOSAL_CERTIFIED,2.236492041436122,0,32,0,0,212,FULL_MOTION_CERTIFICATE,0,0,0,218,0,0,0,0,0,,57.633333333,1.99476840998,-0.0325624925105,-0.140849830029,0.935635221997,-0.352798203846,0.0109616933239,0.997384204991,-0.0162812462552,-0.0704249150146,1.86965802806,-0.700121752315,0.0956484072562,1.8698216981275866,-0.6988820286426449,0.10169144186309571
57.583333333333336,36.96696054920233,11.60696042442358,4.722899811288787,1.8585950053078393,-0.7154625974879054,0.1468334942874127,1.9947459525981506,-0.03087379051356048,-0.14154643638263018,DEPTH_PROPOSAL_CERTIFIED,2.223285541207341,0,32,0,0,212,FULL_MOTION_CERTIFICATE,0,0,0,218,0,0,0,0,0,,57.65,1.99475724484,-0.0317181921243,-0.141200178653,0.935635221997,-0.352798203846,0.0109616933239,0.997378622419,-0.0158590960622,-0.0706000893265,1.86978018078,-0.700536498943,0.0900631783106,1.869954095285961,-0.6993306024172722,0.09564840725623054
57.6,36.99795162949772,11.595055893231459,4.725275356501688,1.8594648177238045,-0.7142718715272408,0.14253271277401477,1.9947345524961655,-0.030029106478156934,-0.14188839925112157,DEPTH_PROPOSAL_CERTIFIED,2.210232859458476,0,32,0,0,212,FULL_MOTION_CERTIFICATE,0,0,0,218,0,0,0,0,0,,57.666666666,1.9947459526,-0.0308737905136,-0.141546436383,0.935635221997,-0.352798203846,0.0109616933239,0.997372976299,-0.0154368952568,-0.0707732181913,1.86989307951,-0.700919825348,0.084901073088,1.8700765291985815,-0.6997450148071312,0.09006317831055673
57.61666666666667,37.02895625137923,11.583169220644864,4.727578134492762,1.8602773128904337,-0.7132003551957481,0.138166679464472,1.9947230593560492,-0.029183974828522807,-0.14222591917949437,DEPTH_PROPOSAL_CERTIFIED,2.1974726388138888,0,32,0,0,212,FULL_MOTION_CERTIFICATE,0,0,0,218,0,0,0,0,0,,57.683333333,1.9947345525,-0.0300291064782,-0.141888399251,0.935635221997,-0.352798203846,0.0109616933239,0.997367276248,-0.0150145532391,-0.0709441996256,1.8699974253,-0.701274111896,0.0801300361411,1.8701897539233128,-0.7001278559515355,0.084901073088047
57.63333333333333,37.05997326789865,11.571297193003524,4.729802066223647,1.861020991165145,-0.7123216584804795,0.13343590385309737,1.9947114841062883,-0.02833824496745525,-0.14255889676429412,DEPTH_PROPOSAL_CERTIFIED,2.185423882370109,0,32,0,0,212,FULL_MOTION_CERTIFICATE,0,0,0,218,0,0,0,0,0,,57.7,1.99472305936,-0.0291839748285,-0.142225919179,0.935635221997,-0.352798203846,0.0109616933239,0.997361529678,-0.0145919874143,-0.0711129595897,1.87009386612,-0.701601558554,0.0757204413943,1.870093866116622,-0.7016015585542017,0.07572044139432307
57.65,37.09100211567662,11.55943970265867,4.731953124895872,1.8617308666787598,-0.7114494206912831,0.1290635203334935,1.994699865156017,-0.02749167505221582,-0.14288686345983656,DEPTH_PROPOSAL_CERTIFIED,2.174097572704875,0,32,0,0,212,FULL_MOTION_CERTIFICATE,0,0,0,218,0,0,0,0,0,,57.716666666,1.99471148411,-0.0283382449675,-0.142558896764,0.935635221997,-0.352798203846,0.0109616933239,0.997355742053,-0.0141691224837,-0.0712794483821,1.8701830008,-0.701904198628,0.0716449071069,1.8703913479448593,-0.7008081196630875,0.07572044139432307
57.666666666666664,37.12204201149843,11.54759526725847,4.734031685319073,1.8623937493082567,-0.7106661240120332,0.12471362539208158,1.9946881738580493,-0.026644252126757806,-0.1432102402045582,DEPTH_PROPOSAL_CERTIFIED,2.1634998088206605,0,32,0,0,212,FULL_MOTION_CERTIFICATE,0,0,0,218,0,0,0,0,0,,57.733333333,1.99469986516,-0.0274916750522,-0.14288686346,0.935635221997,-0.352798203846,0.0109616933239,0.997349932578,-0.0137458375261,-0.0714434317299,1.87026538286,-0.702183911442,0.0678781251786,1.8704809173881207,-0.7011099045251836,0.07164490710685305
57.68333333333333,37.15309194238911,11.535761215305394,4.736034088015168,1.8629958534408897,-0.7100431171846268,0.1201441617656569,1.9946764122365326,-0.025795861460239593,-0.14352903538558928,DEPTH_PROPOSAL_CERTIFIED,2.1536334695249315,0,32,0,0,212,FULL_MOTION_CERTIFICATE,0,0,0,218,0,0,0,0,0,,57.75,1.99468817386,-0.0266442521268,-0.143210240205,0.935635221997,-0.352798203846,0.0109616933239,0.997344086929,-0.0133221260634,-0.0716051201023,1.87034152386,-0.70244243389,0.0643967055233,1.8703415238590126,-0.7024424338902673,0.06439670552327222
57.7,37.18415152552853,11.523937765732915,4.737966102508937,1.8635749883645112,-0.7094069743484478,0.11592086962608074,1.9946646047796621,-0.02494629960330238,-0.1438429580316589,DEPTH_PROPOSAL_CERTIFIED,2.1445084145961886,0,32,0,0,212,FULL_MOTION_CERTIFICATE,0,0,0,218,0,0,0,0,0,,57.766666666,1.99467641224,-0.0257958614602,-0.143529035386,0.935635221997,-0.352798203846,0.0109616933239,0.997338206118,-0.0128979307301,-0.0717645176928,1.87041189659,-0.70268137129,0.0611790299796,1.8706404344326917,-0.7016460317470669,0.06439670552327222
57.71666666666667,37.21522011919225,11.512123815075281,4.739828998518302,1.8641156198235251,-0.7088370394581178,0.11177376056195347,1.9946527226381607,-0.02409557717331258,-0.1441524166736665,DEPTH_PROPOSAL_CERTIFIED,2.1317889683014757,0,32,0,0,212,FULL_MOTION_CERTIFICATE,0,0,0,218,0,0,0,0,0,,57.783333333,1.99466460478,-0.0249462996033,-0.143842958032,0.935635221997,-0.352798203846,0.0109616933239,0.99733230239,-0.0124731498017,-0.0719214790158,1.87047693806,-0.702902207386,0.0582051175465,1.8707113236234958,-0.7018838337960918,0.061179029979597746
57.733333333333334,37.246297123569434,11.500318366418567,4.741624257352143,1.8646202626309316,-0.7083269194028974,0.10771553003048004,1.9946407619426623,-0.02324360652178843,-0.14445748700796612,DEPTH_PROPOSAL_CERTIFIED,2.114858220997058,0,32,0,0,212,FULL_MOTION_CERTIFICATE,0,0,0,218,0,0,0,0,0,,57.8,1.99465272264,-0.0240955771733,-0.144152416674,0.935635221997,-0.352798203846,0.0109616933239,0.997326361319,-0.0120477885867,-0.0720762083368,1.87053705215,-0.703106313473,0.0554565015144,1.8707769048812906,-0.7021034547292078,0.05820511754650122
57.75,37.27738197809477,11.488520519588313,4.743353532564121,1.8650912715204935,-0.7078708098152484,0.10375651271865279,1.9946287173342452,-0.022390307643324756,-0.14475826093588084,DEPTH_PROPOSAL_CERTIFIED,2.098084718834644,0,32,0,0,212,FULL_MOTION_CERTIFICATE,0,0,0,218,0,0,0,0,0,,57.816666666,1.99464076194,-0.0232436065218,-0.144457487008,0.935635221997,-0.352798203846,0.0109616933239,0.997320380971,-0.0116218032609,-0.072228743504,1.87059261214,-0.703294956967,0.0529161141261,1.8708375799731471,-0.7023062728459311,0.055456501514357326
57.766666666666666,37.308474158944286,11.476729462212468,4.745018615353633,1.8655308509709894,-0.7074634425507667,0.09990496737073119,1.994616582183684,-0.02153560748424278,-0.14505484372527333,DEPTH_PROPOSAL_CERTIFIED,2.081465904385392,0,32,0,0,212,FULL_MOTION_CERTIFICATE,0,0,0,218,0,0,0,0,0,,57.833333333,1.99462871733,-0.0223903076433,-0.144758260936,0.935635221997,-0.352798203846,0.0109616933239,0.997314358667,-0.0111951538217,-0.0723791304679,1.87064396304,-0.703469309299,0.0505681801793,1.8708937202670393,-0.7024935619240891,0.052916114126084886
57.78333333333333,37.339573176685306,11.464944461583308,4.7466214042199235,1.865941064461198,-0.7071000377497029,0.09616733197743806,1.994604348786971,-0.020679439311688235,-0.1453473515061709,DEPTH_PROPOSAL_CERTIFIED,2.064999598112922,0,32,0,0,212,FULL_MOTION_CERTIFICATE,0,0,0,219,0,0,0,0,0,,57.85,1.99461658218,-0.0215356074842,-0.145054843725,0.935635221997,-0.352798203846,0.0109616933239,0.997308291092,-0.0107678037421,-0.0725274218626,1.87069142372,-0.70363045312,0.0483981200198,1.8709456690417443,-0.7026664991767241,0.05056818017925891
57.8,37.37067857407169,11.453164857248645,4.748163878424651,1.8663238431832803,-0.7067762600797874,0.0925484522836809,1.9945920085393527,-0.019821742138002474,-0.14563590906628907,DEPTH_PROPOSAL_CERTIFIED,2.0486839623350206,0,32,0,0,212,FULL_MOTION_CERTIFICATE,0,0,0,219,0,0,0,0,0,,57.866666666,1.99460434879,-0.0206794393117,-0.145347351506,0.935635221997,-0.352798203846,0.0109616933239,0.997302174393,-0.0103397196558,-0.0726736757531,1.87073528889,-0.703779389066,0.046392458481,1.8709937435926847,-0.7028261725068187,0.04839812001984086
57.81666666666667,37.4017899239758,11.441390054268476,4.749648074859427,1.8666809942458407,-0.7064881788098152,0.089051786086505,1.994579552089914,-0.01896246019563403,-0.1459206479156662,DEPTH_PROPOSAL_CERTIFIED,2.0325174671935944,0,32,0,0,212,FULL_MOTION_CERTIFICATE,0,0,0,219,0,0,0,0,0,,57.883333333,1.99459200854,-0.019821742138,-0.145635909066,0.935635221997,-0.352798203846,0.0109616933239,0.99729600427,-0.009910871069,-0.0728179545331,1.87077583094,-0.703917041995,0.0445387408808,1.8710382372090755,-0.7029735873161547,0.04639245848097609
57.833333333333336,37.432906827449024,11.429619517078747,4.751076067954296,1.8670142083937218,-0.7062322313837657,0.08567958569213248,1.9945669694785637,-0.018101542458247622,-0.1462017045924224,DEPTH_PROPOSAL_CERTIFIED,2.0164988586662598,0,32,0,0,212,FULL_MOTION_CERTIFICATE,0,0,0,219,0,0,0,0,0,,57.9,1.99457955209,-0.0189624601956,-0.145920647916,0.935635221997,-0.352798203846,0.0109616933239,0.997289776045,-0.00948123009782,-0.0729603239578,1.87081330163,-0.704044266672,0.0428254564349,1.871079420997871,-0.7031096727859617,0.044538740880785105
57.85,37.464028911903505,11.417852763908943,4.752449952300102,1.8673250672689405,-0.7060051901882746,0.08243306074840538,1.9945542502571414,-0.01723894220405716,-0.14647921918435336,DEPTH_PROPOSAL_CERTIFIED,2.0006271286239214,0,32,0,0,212,FULL_MOTION_CERTIFICATE,0,0,0,219,0,0,0,0,0,,57.916666666,1.99456696948,-0.0181015424582,-0.146201704592,0.935635221997,-0.352798203846,0.0109616933239,0.997283484739,-0.00905077122912,-0.0731008522962,1.87084793362,-0.704161853108,0.0412419663629,1.87111754554661,-0.7032352876032832,0.0428254564349324
57.86666666666667,37.4951558294075,11.406089361704863,4.753771827688351,1.8676150502398285,-0.7058041322448761,0.07931252329495712,1.9945413835961656,-0.016374616617746803,-0.1467533340436067,DEPTH_PROPOSAL_CERTIFIED,1.9849014869143704,0,32,0,0,212,FULL_MOTION_CERTIFICATE,0,0,0,219,0,0,0,0,0,,57.933333333,1.99455425026,-0.0172389422041,-0.146479219184,0.997277125129,-0.00861947110203,-0.0732396095922,0.997277125129,-0.00861947110203,-0.0732396095922,1.87116834359,-0.702679555139,0.039289045797,1.8711528424846633,-0.7033512253354147,0.041241966362885955
57.88333333333333,37.52628761835915,11.394330930478391,4.75504316838279,1.867907337098742,-0.7055058735883473,0.07628044166632111,1.9945283583786586,-0.015508526427654858,-0.14702419267378047,DEPTH_PROPOSAL_CERTIFIED,1.9693202283655378,0,32,0,0,212,FULL_MOTION_CERTIFICATE,0,0,0,219,0,0,0,0,0,,57.95,1.9945413836,-0.0163746166177,-0.146753334044,0.997270691798,-0.00818730830887,-0.0733766670218,0.997270691798,-0.00818730830887,-0.0733766670218,1.87177414705,-0.699596517131,0.0369701199289,1.8714732367774851,-0.7018671179786948,0.03928904579695943
57.9,37.557424673659135,11.382580988669925,4.756264874832611,1.8682233179994066,-0.7049965085080346,0.07330238698924692,1.994515165446569,-0.014640787146395384,-0.14729189439809504,DEPTH_PROPOSAL_CERTIFIED,1.9538807392400717,0,32,0,0,212,FULL_MOTION_CERTIFICATE,0,0,0,219,0,0,0,0,0,,57.966666666,1.99452835838,-0.0155085264277,-0.147024192674,0.997264179189,-0.00775426321383,-0.0735120963369,0.997264179189,-0.00775426321383,-0.0735120963369,1.87266493697,-0.694911882395,0.0342886375047,1.8720782849875144,-0.6987822545282204,0.03697011992893944
57.916666666666664,37.58856771912093,11.370844810239612,4.757437321497728,1.8685827277077287,-0.7041707058188174,0.0703467999070872,1.9945017977846378,-0.013771658231061436,-0.14755649786916994,DEPTH_PROPOSAL_CERTIFIED,1.9385795119292237,0,32,0,0,212,FULL_MOTION_CERTIFICATE,0,0,0,219,0,0,0,0,0,,57.983333333,1.99451516545,-0.0146407871464,-0.147291894398,0.997257582723,-0.0073203935732,-0.073645947199,0.997257582723,-0.0073203935732,-0.073645947199,1.87384028004,-0.688624787611,0.0312480863533,1.8729675261492602,-0.6940959130103658,0.03428863750473634
57.93333333333333,37.61971778194527,11.359129292604694,4.7585604011002784,1.8690037694604629,-0.7029310580951529,0.06738477615301432,1.9944882506876942,-0.012901533059248968,-0.1478180243186292,DEPTH_PROPOSAL_CERTIFIED,1.9242466033230512,0,32,0,0,212,FULL_MOTION_CERTIFICATE,0,0,0,219,0,0,0,0,0,,58,1.99450179778,-0.0137716582311,-0.147556497869,0.997250898892,-0.00688582911553,-0.0737782489346,0.997250898892,-0.00688582911553,-0.0737782489346,1.87529971173,-0.680734360535,0.0278520113457,1.8741404788438214,-0.6878073558664458,0.031248086353322962
57.95,37.650876169097266,11.347442834603058,4.759633565595749,1.869503229119052,-0.7011874800979222,0.06438986972821775,1.994474521912303,-0.012030929660516502,-0.14807646056748272,DEPTH_PROPOSAL_CERTIFIED,1.9104323143139115,0,32,0,0,212,FULL_MOTION_CERTIFICATE,0,0,0,219,0,0,0,0,0,,58.016666666,1.99448825069,-0.0129015330592,-0.147818024319,0.997244125344,-0.00645076652962,-0.0739090121593,0.997244125344,-0.00645076652962,-0.0739090121593,1.87704273107,-0.67123971494,0.0241040320714,1.8755966369538368,-0.6799158285317157,0.02785201134571422
57.96666666666667,37.68204444543604,11.33579522372883,4.7606558641345815,1.8700965803265834,-0.6988566524537491,0.06133791232997627,1.9944606118132673,-0.01116048214722833,-0.14833176181684096,DEPTH_PROPOSAL_CERTIFIED,1.896625784302234,0,32,0,0,212,FULL_MOTION_CERTIFICATE,0,0,0,219,0,0,0,0,0,,58.033333333,1.99447452191,-0.0120309296605,-0.148076460567,0.997237260956,-0.00601546483026,-0.0740382302837,0.997237260956,-0.00601546483026,-0.0740382302837,1.87906879476,-0.660139943516,0.020007861739,1.8773354650584664,-0.6704205551948357,0.024104032071427896
57.983333333333334,37.7132244134576,11.324197531945538,4.761625978266102,1.870798081293696,-0.6958615069975957,0.058206847891263146,1.9944465234651756,-0.010290932793302598,-0.14858385423698672,DEPTH_PROPOSAL_CERTIFIED,1.8828204537644089,0,32,0,0,212,FULL_MOTION_CERTIFICATE,0,0,0,219,0,0,0,0,0,,58.05,1.99446061181,-0.0111604821472,-0.148331761817,0.997230305907,-0.00558024107361,-0.0741658809084,0.997230305907,-0.00558024107361,-0.0741658809084,1.88137730892,-0.64743411629,0.015567330417,1.8793563930924686,-0.6593207324325232,0.020007861738960693
58.0,37.7444180945187,11.312662019428247,4.7625422546230345,1.8716208636657543,-0.6921307510374866,0.054976581415938086,1.994432262768946,-0.009423124713525995,-0.1488326373715664,DEPTH_PROPOSAL_CERTIFIED,1.8690091332980496,0,32,0,0,213,FULL_MOTION_CERTIFICATE,0,0,0,219,0,0,0,0,0,,58.066666666,1.99444652347,-0.0102909327933,-0.148583854237,0.997223261733,-0.00514546639665,-0.0742919271185,0.997223261733,-0.00514546639665,-0.0742919271185,1.88396762022,-0.633121273326,0.0107864090048,1.8816588086048667,-0.646615528324151,0.015567330416969973
58.016666666666666,37.77562771141897,11.301202045642345,4.76340273530773,1.8725770140161393,-0.687598427154204,0.05162884108175754,1.9944178385430968,-0.008557995099208876,-0.14907798637278072,DEPTH_PROPOSAL_CERTIFIED,1.8551840505775012,0,32,0,0,213,FULL_MOTION_CERTIFICATE,0,0,0,219,0,0,0,0,0,,58.083333333,1.99443226277,-0.00942312471353,-0.148832637372,0.997216131384,-0.00471156235676,-0.0744163186858,0.997216131384,-0.00471156235676,-0.0744163186858,1.88683900516,-0.617200414886,0.00566923637281,1.8842420482908375,-0.6323040757781541,0.010786409004752385
58.03333333333333,37.806855672225375,11.289831987214871,4.764205186188501,1.873677648384207,-0.6822035056484722,0.048147052846231254,1.9944032625993386,-0.007696568969878006,-0.14931975408232293,DEPTH_PROPOSAL_CERTIFIED,1.8413368966252692,0,32,0,0,213,FULL_MOTION_CERTIFICATE,0,0,0,220,0,0,0,0,0,,58.1,1.99441783854,-0.00855799509921,-0.149077986373,0.997208919272,-0.0042789975496,-0.0745389931864,0.997208919272,-0.0042789975496,-0.0745389931864,1.88999065503,-0.599670499155,0.000220153807798,1.887105387674635,-0.6163854632785392,0.005669236372807935
58.05,37.838104555226266,11.27856716208601,4.764947123307859,1.8749329800535004,-0.6758895077317636,0.044516227161501665,1.9943885498019411,-0.006839953404040829,-0.14955777297199194,DEPTH_PROPOSAL_CERTIFIED,1.8274588710996618,0,32,0,0,213,FULL_MOTION_CERTIFICATE,0,0,0,220,0,0,0,0,0,,58.116666666,1.9944032626,-0.00769656896988,-0.149319754082,0.9972016313,-0.00384828448494,-0.0746598770412,0.9972016313,-0.00384828448494,-0.0746598770412,1.89342165854,-0.580530430888,-0.00555625729946,1.8902480264188815,-0.5988587331479143,0.000220153807797923
58.06666666666667,37.86937709490798,11.267423759478659,4.765625837593302,1.8763523809021194,-0.6686041564408194,0.040722857126579255,1.9943737181102346,-0.005989332214159088,-0.14979185695753391,DEPTH_PROPOSAL_CERTIFIED,1.813540726303267,0,32,0,0,214,FULL_MOTION_CERTIFICATE,0,0,0,220,0,0,0,0,0,,58.133333333,1.9943885498,-0.00683995340404,-0.149557772972,0.997194274901,-0.00341997670202,-0.074778886486,0.997194274901,-0.00341997670202,-0.074778886486,1.89713097968,-0.55977904655,-0.0116551305946,1.8936690712552648,-0.5797228706913352,-0.0055562572994556055
58.083333333333336,37.90067616884874,11.256418775263537,4.766238418055865,1.8779444364457345,-0.6602990529072997,0.0367548277537639,1.9943587886035175,-0.00514596103450525,-0.1500218030985568,DEPTH_PROPOSAL_CERTIFIED,1.7995728096258294,0,32,0,0,214,FULL_MOTION_CERTIFICATE,0,0,0,220,0,0,0,0,0,,58.15,1.99437371811,-0.00598933221416,-0.149791856958,0.997186859055,-0.00299466610708,-0.0748959284788,0.997186859055,-0.00299466610708,-0.0748959284788,1.90111742634,-0.537415108325,-0.0180712567944,1.897367514077839,-0.5589767897983542,-0.011655130594586411
58.1,37.93200478542137,11.245569952318021,4.7667817736642,1.8797169943579854,-0.6509293767310105,0.032601336500116346,1.994343785487561,-0.004311162793319478,-0.15024739319706865,DEPTH_PROPOSAL_CERTIFIED,1.7855451041536683,0,32,0,0,214,FULL_MOTION_CERTIFICATE,0,0,0,220,0,0,0,0,0,,58.166666666,1.9943587886,-0.00514596103451,-0.150021803099,0.997179394302,-0.00257298051725,-0.0750109015493,0.997179394302,-0.00257298051725,-0.0750109015493,1.90537961077,-0.513437284655,-0.0247990159252,1.9013422008874488,-0.5366193273802751,-0.01807125679438698
58.11666666666667,37.96336607219353,11.23489572552456,4.767252654080079,1.8816772063299092,-0.6404536076077603,0.028252824952744504,1.9943287360818316,-0.0034863235420146423,-0.15046839530747208,DEPTH_PROPOSAL_CERTIFIED,1.7714472671820491,0,32,0,0,214,FULL_MOTION_CERTIFICATE,0,0,0,220,0,0,0,0,0,,58.183333333,1.99434378549,-0.00431116279332,-0.150247393197,0.997171892744,-0.00215558139666,-0.0751236965985,0.997171892744,-0.00215558139666,-0.0751236965985,1.90991589523,-0.487844124736,-0.0318322926605,1.905591792387381,-0.5126492243040999,-0.0247990159251952
58.13333333333333,37.99476326490455,11.22441517108885,4.767647669448467,1.8838315626611437,-0.6288332661425852,0.023700922103258745,1.99431367078645,-0.002672888617576571,-0.15068456517080048,DEPTH_PROPOSAL_CERTIFIED,1.7572686663829207,0,32,0,0,214,FULL_MOTION_CERTIFICATE,0,0,0,220,0,0,0,0,0,,58.2,1.99432873608,-0.00348632354201,-0.150468395307,0.997164368041,-0.00174316177101,-0.0752341976537,0.997164368041,-0.00174316177101,-0.0752341976537,1.9147233488,-0.460631413311,-0.0391506978502,1.9101147099022058,-0.48706510026744076,-0.031832292660470926
58.15,38.02619969565673,11.214147963189523,4.767963326710852,1.8861858451307507,-0.6160324739596943,0.018939435743150608,1.9942986230278452,-0.0018723591167225714,-0.1508956475865984,DEPTH_PROPOSAL_CERTIFIED,1.7460872181953877,0,32,0,0,214,FULL_MOTION_CERTIFICATE,0,0,0,220,0,0,0,0,0,,58.216666666,1.99431367079,-0.00267288861758,-0.150684565171,0.997156835393,-0.00133644430879,-0.0753422825854,0.997156835393,-0.00133644430879,-0.0753422825854,1.91979656466,-0.43179185286,-0.0467150792689,1.9149080912599579,-0.45986280932841617,-0.0391506978501722
58.166666666666664,38.057678778887514,11.204114337803954,4.768196086858324,1.8887449938472258,-0.6020175231341346,0.013965608848298759,1.994283629082457,-0.0010862889158738541,-0.1511013790476332,DEPTH_PROPOSAL_CERTIFIED,1.7354158498526506,0,32,0,0,214,FULL_MOTION_CERTIFICATE,0,0,0,220,0,0,0,0,0,,58.233333333,1.99429862303,-0.00187235911672,-0.150895647587,0.997149311514,-0.000936179558361,-0.0754478237933,0.997149311514,-0.000936179558361,-0.0754478237933,1.92512097523,-0.401310998813,-0.0544238231204,1.9199666081882245,-0.43103512306229586,-0.046715079268897515
58.18333333333333,38.08920398684852,11.194335068295079,4.768342496712906,1.8915124776601695,-0.5867561705325642,0.008784591274909565,1.9942687277523619,-0.0003162822304104092,-0.1513014919772012,DEPTH_PROPOSAL_CERTIFIED,1.725431099230391,0,32,0,0,214,FULL_MOTION_CERTIFICATE,0,0,0,220,0,0,0,0,0,,58.25,1.99428362908,-0.00108628891587,-0.151101379048,0.997141814541,-0.000543144457937,-0.0755506895238,0.997141814541,-0.000543144457937,-0.0755506895238,1.93036057032,-0.370990944426,-0.0617478805341,1.9252757801780835,-0.4005676687933944,-0.05442382312044248
58.2,38.120778421960246,11.184829149086625,4.7683998504162135,1.8944661067030524,-0.5703551525070693,0.0034412221984648182,1.9942539595834716,0.00043600792803022437,-0.15149572463515734,DEPTH_PROPOSAL_CERTIFIED,1.7158806109952995,0,32,0,0,214,FULL_MOTION_CERTIFICATE,0,0,0,220,0,0,0,0,0,,58.266666666,1.99426872775,-0.00031628223041,-0.151301491977,0.997134363876,-0.000158141115205,-0.0756507459886,0.997134363876,-0.000158141115205,-0.0756507459886,1.93531626834,-0.342267460247,-0.0686870357757,1.9305003810262082,-0.37026273259610987,-0.06174788053413503
58.21666666666667,38.15240459424792,11.175612117642224,4.768366133086726,1.8975703372606079,-0.5530218866640725,-0.0020230397692742805,1.9942393630385322,0.0011690578857253516,-0.15168386931816324,DEPTH_PROPOSAL_CERTIFIED,1.7061710898325337,0,32,0,0,214,FULL_MOTION_CERTIFICATE,0,0,0,220,0,0,0,0,0,,58.283333333,1.99425395958,0.00043600792803,-0.151495724635,0.997126979792,0.000218003964015,-0.0757478623176,0.997126979792,0.000218003964015,-0.0757478623176,1.93998821229,-0.315140550792,-0.0752412172671,1.9354419500627857,-0.34155604337949846,-0.06868703577569538
58.233333333333334,38.184084466476996,11.166696316665334,4.768239968563428,1.900792333744528,-0.5349480586134417,-0.007569871397894797,1.9942249743655462,0.001881603426016995,-0.15186576699600232,DEPTH_PROPOSAL_CERTIFIED,1.6962920346292938,0,32,0,0,214,FULL_MOTION_CERTIFICATE,0,0,0,220,0,0,0,0,0,,58.3,1.99423936304,0.00116905788573,-0.151683869318,0.997119681519,0.000584528942863,-0.0758419346591,0.997119681519,0.000584528942863,-0.0758419346591,1.94437656626,-0.289610229506,-0.0814103520816,1.9401006908483573,-0.3144473563957328,-0.07524121726706924
58.25,38.21581949586636,11.15809113640567,4.7680205711099735,1.9041017633621753,-0.5163108155798836,-0.013163847207266197,1.994210827261393,0.002572620979001598,-0.15204130377870703,DEPTH_PROPOSAL_CERTIFIED,1.686234868351213,0,32,0,0,214,FULL_MOTION_CERTIFICATE,0,0,0,220,0,0,0,0,0,,58.316666666,1.99422497437,0.00188160342602,-0.151865766996,0.997112487183,0.000940801713008,-0.075932883498,0.997112487183,0.000940801713008,-0.075932883498,1.94848151852,-0.265676513581,-0.087194366856,1.9444768046974752,-0.28893645057045975,-0.08141035208160145
58.266666666666666,38.24761031063907,11.149801192922226,4.767708303440434,1.90744888636231,-0.497396609006685,-0.018736060172354213,1.9941969525876924,0.0032413102310087805,-0.15221040765318164,DEPTH_PROPOSAL_CERTIFIED,1.6759943174202512,0,32,0,0,215,FULL_MOTION_CERTIFICATE,0,0,0,220,0,0,0,0,0,,58.333333333,1.99421082726,0.002572620979,-0.152041303779,0.997105413631,0.0012863104895,-0.0760206518894,0.997105413631,0.0012863104895,-0.0760206518894,1.95230328499,-0.243339420603,-0.0925931881919,1.9485704971634235,-0.2650231224979391,-0.08719436685604663
58.28333333333333,38.27945681244912,11.14182689431343,4.767304502290187,1.9107901086032346,-0.4784579165277665,-0.024228069014814356,1.9941833744478572,0.0038872363962777342,-0.15237308971388477,DEPTH_PROPOSAL_CERTIFIED,1.665568059280755,0,32,0,0,215,FULL_MOTION_CERTIFICATE,0,0,0,221,0,0,0,0,0,,58.35,1.99419695259,0.00324131023101,-0.152210407653,0.997098476294,0.0016206551155,-0.0761052038266,0.997098476294,0.0016206551155,-0.0761052038266,1.95584211184,-0.222598977419,-0.0976067400017,1.9523820038915318,-0.24270702727759588,-0.09259318819191789
58.3,38.31135890653543,11.134168581808321,4.766810294324887,1.9141256451788278,-0.4594987503065567,-0.029652477918038052,1.9941701105339973,0.004510288439524094,-0.15252943175340522,DEPTH_PROPOSAL_CERTIFIED,1.6549537660599243,0,32,0,0,215,FULL_MOTION_CERTIFICATE,0,0,0,221,0,0,0,0,0,,58.366666666,1.99418337445,0.00388723639628,-0.152373089714,0.997091687224,0.00194361819814,-0.0761865448569,0.997091687224,0.00194361819814,-0.0761865448569,1.95909828075,-0.203455216171,-0.102234943999,1.955911567053683,-0.22198786695160247,-0.097606740001665
58.31666666666667,38.34331650020569,11.126826543713342,4.7662266357878185,1.917455620214605,-0.4405222856985398,-0.035019512224065935,1.994157179015355,0.005110359661068058,-0.15267949962472335,DEPTH_PROPOSAL_CERTIFIED,1.6441491095164826,0,32,0,0,216,FULL_MOTION_CERTIFICATE,0,0,0,221,0,0,0,0,0,,58.383333333,1.99417011053,0.00451028843952,-0.152529431753,0.997085055267,0.00225514421976,-0.0762647158767,0.997085055267,0.00225514421976,-0.0762647158767,1.96207211585,-0.185908172339,-0.106477719492,1.9591594173334235,-0.20286566018557994,-0.1022349439986453
58.333333333333336,38.37532950149951,11.11980102575996,4.765554342571722,1.9207800776294635,-0.42153107720299077,-0.04033759296577465,1.9941445983039685,0.005687346635992082,-0.15282334619862684,DEPTH_PROPOSAL_CERTIFIED,1.6331517610511241,0,32,0,0,216,FULL_MOTION_CERTIFICATE,0,0,0,221,0,0,0,0,0,,58.4,1.99415717902,0.00511035966107,-0.152679499625,0.997078589508,0.00255517983053,-0.0763397498124,0.997078589508,0.00255517983053,-0.0763397498124,1.96476399505,-0.169957893055,-0.110334979952,1.9621258271071227,-0.18534042990351685,-0.10647771949165824
58.35,38.40739781797439,11.113092238898897,4.764794113259433,1.9240989884931987,-0.40252721166385286,-0.04561375873732718,1.9941323868750485,0.006241148425131098,-0.1529610136026737,DEPTH_PROPOSAL_CERTIFIED,1.6230737800330544,0,32,0,0,216,FULL_MOTION_CERTIFICATE,0,0,0,221,0,0,0,0,0,,58.416666666,1.9941445983,0.00568734663599,-0.152823346199,0.997072299152,0.002843673318,-0.0764116730993,0.997072299152,0.002843673318,-0.0764116730993,1.96717437245,-0.155604436427,-0.11380663076,1.9648111217928756,-0.16941221135083462,-0.11033497995171396
58.36666666666667,38.439520574744634,11.106695884058585,4.763947781836005,1.9273654062144907,-0.3837812904187821,-0.050779885405695,1.9941205631274772,0.006771665978881771,-0.15309253493238756,DEPTH_PROPOSAL_CERTIFIED,1.6165160601128896,0,32,0,0,216,FULL_MOTION_CERTIFICATE,0,0,0,221,0,0,0,0,0,,58.433333333,1.99413238688,0.00624114842513,-0.152961013603,0.997066193438,0.00312057421257,-0.0764805068013,0.997066193438,0.00312057421257,-0.0764805068013,1.96930382111,-0.14284787548,-0.116892563759,1.9672157024142551,-0.15508105122890536,-0.11380663075978623
58.38333333333333,38.47169632988242,11.100604370915175,4.763017974808596,1.9305453082674493,-0.3654907886045735,-0.055788421644543715,1.9941091370049495,0.007279151029346744,-0.1532180265950021,DEPTH_PROPOSAL_CERTIFIED,1.609759423164177,0,32,0,0,216,FULL_MOTION_CERTIFICATE,0,0,0,221,0,0,0,0,0,,58.45,1.99412056313,0.00677166597888,-0.153092534932,0.997060281564,0.00338583298944,-0.0765462674662,0.997060281564,0.00338583298944,-0.0765462674662,1.97118387736,-0.131513061507,-0.119634985872,1.969340113313548,-0.14234666647121486,-0.11689256375850181
58.4,38.50392343665757,11.094808889530952,4.762007553432415,1.933626406509371,-0.3477288830533889,-0.06062528257086422,1.994098111806733,0.007764113073909473,-0.15333766346530103,DEPTH_PROPOSAL_CERTIFIED,1.6028083279474274,0,32,0,0,216,FULL_MOTION_CERTIFICATE,0,0,0,221,0,0,0,0,0,,58.466666666,1.994109137,0.00727915102935,-0.153218026595,0.997054568502,0.00363957551467,-0.0766090132975,0.997054568502,0.00363957551467,-0.0766090132975,1.97292063938,-0.120998500371,-0.122179155522,1.9712158050608173,-0.13103363532892306,-0.11963498587197796
58.416666666666664,38.53620019277456,11.089300262376955,4.76091941251968,1.936605367019268,-0.3305176292398331,-0.06528845476412844,1.9940874877062214,0.008227159056536443,-0.1534516380732022,DEPTH_PROPOSAL_CERTIFIED,1.5956675016119153,0,32,0,0,216,FULL_MOTION_CERTIFICATE,0,0,0,221,0,0,0,0,0,,58.483333333,1.99409811181,0.00776411307391,-0.153337663465,0.997049055903,0.00388205653695,-0.0766688317327,0.997049055903,0.00388205653695,-0.0766688317327,1.97452499339,-0.111243756733,-0.124539648595,1.9729486852400138,-0.1205403327144389,-0.12217915552195542
58.43333333333333,38.568524858266265,11.084069048538362,4.759756459493522,1.9394799295026273,-0.31387283031556623,-0.0697771815695106,1.9940772631142736,0.008668927320273334,-0.15356014596829157,DEPTH_PROPOSAL_CERTIFIED,1.5883418771820041,0,32,0,0,216,FULL_MOTION_CERTIFICATE,0,0,0,221,0,0,0,0,0,,58.5,1.99408748771,0.00822715905654,-0.153451638073,0.997043743853,0.00411357952827,-0.0767258190366,0.997043743853,0.00411357952827,-0.0767258190366,1.97600700056,-0.102192929599,-0.126729950872,1.974549591799612,-0.1108062834394985,-0.12453964859517631
58.45,38.60089567099556,11.079105634289398,4.758521596405112,1.9422487637572838,-0.2978048549377348,-0.07409178530456186,1.9940674348676897,0.009090079663665063,-0.15366338422637096,DEPTH_PROPOSAL_CERTIFIED,1.5808365388785477,0,32,0,0,216,FULL_MOTION_CERTIFICATE,0,0,0,221,0,0,0,0,0,,58.516666666,1.99407726311,0.00866892732027,-0.153560145968,0.997038631557,0.00433446366014,-0.0767800729841,0.997038631557,0.00433446366014,-0.0767800729841,1.97737595979,-0.0937943044104,-0.128762541328,1.976028541664079,-0.1017755553282692,-0.12672995087216612
58.46666666666667,38.63331086002474,11.074400311510985,4.757217704584349,1.94491134175073,-0.2823193667048096,-0.0782335092457651,1.9940579984097835,0.009491294408858824,-0.15376155016262305,DEPTH_PROPOSAL_CERTIFIED,1.5731566744403391,0,32,0,0,216,FULL_MOTION_CERTIFICATE,0,0,0,221,0,0,0,0,0,,58.533333333,1.99406743487,0.00909007966367,-0.153663384226,0.997033717434,0.00454503983183,-0.0768316921132,0.997033717434,0.00454503983183,-0.0768316921132,1.97864046551,-0.0860000327338,-0.130648968858,1.9773947932707756,-0.09339641026311127,-0.12876254132844775
58.483333333333334,38.66576865708735,11.069943345277746,4.755847631627712,1.9474678237565495,-0.26741797399429984,-0.08220437739824049,1.9940489479618686,0.009873260373628012,-0.15385484022857274,DEPTH_PROPOSAL_CERTIFIED,1.5653075336934767,0,32,0,0,216,FULL_MOTION_CERTIFICATE,0,0,0,221,0,0,0,0,0,,58.55,1.99405799841,0.00949129440886,-0.153761550163,0.997028999205,0.00474564720443,-0.0768807750813,0.997028999205,0.00474564720443,-0.0768807750813,1.97980846045,-0.0787658411389,-0.132399922023,1.9786569042275497,-0.08562098292606929,-0.1306489688584432
58.5,38.698267306372315,11.065725031803549,4.754414180458165,1.9499189570980389,-0.2530988084518755,-0.08600707017281045,1.994040276684812,0.010236671650178697,-0.15394344907232832,DEPTH_PROPOSAL_CERTIFIED,1.5572943926942888,0,32,0,0,216,FULL_MOTION_CERTIFICATE,0,0,0,221,0,0,0,0,0,,58.566666666,1.99404894796,0.00987326037363,-0.153854840229,0.997024473981,0.00493663018681,-0.0769274201143,0.997024473981,0.00493663018681,-0.0769274201143,1.98088728521,-0.0720507579596,-0.134025294549,1.979822783864212,-0.0784049888342877,-0.1323999220225668
58.516666666666666,38.730805072810625,11.061735747821922,4.752920100217437,1.9522659862985157,-0.2393570388976127,-0.08964481444372734,1.9940319768301293,0.010582223103598132,-0.15402756874375428,DEPTH_PROPOSAL_CERTIFIED,1.5491225228350207,0,32,0,0,216,FULL_MOTION_CERTIFICATE,0,0,0,222,0,0,0,0,0,,58.583333333,1.99404027668,0.0102366716502,-0.153943449072,0.997020138342,0.00511833582509,-0.0769717245362,0.997020138342,0.00511833582509,-0.0769717245362,1.98188372398,-0.0658168616523,-0.135534245679,1.9808997425443358,-0.07170745033559632,-0.13402529454891599
58.53333333333333,38.76338024903536,11.057965992368848,4.751368078775653,1.954510573483941,-0.22618532718443585,-0.09312128650703215,1.9940240398803513,0.010910606510954263,-0.15410738802798304,DEPTH_PROPOSAL_CERTIFIED,1.5407971643627874,0,32,0,0,216,FULL_MOTION_CERTIFICATE,0,0,0,222,0,0,0,0,0,,58.6,1.99403197683,0.0105822231036,-0.154027568744,0.997015988415,0.0052911115518,-0.0770137843719,0.997015988415,0.0052911115518,-0.0770137843719,1.98280404619,-0.0600290520854,-0.13693525503,1.9818945371461314,-0.06549044428366821,-0.13553424567935352
58.55,38.795991161167976,11.054406421833033,4.749760736666541,1.9566547279570845,-0.213574232148872,-0.09644052654668364,1.9940164566786007,0.011222507269964484,-0.15418309189237694,DEPTH_PROPOSAL_CERTIFIED,1.532323503821242,0,32,0,0,216,FULL_MOTION_CERTIFICATE,0,0,0,222,0,0,0,0,0,,58.616666666,1.99402403988,0.010910606511,-0.154107388028,0.99701201994,0.00545530325548,-0.077053694014,0.99701201994,0.00545530325548,-0.077053694014,1.98365404567,-0.05465483574,-0.138236174145,1.9828134125294383,-0.059718872714983426,-0.13693525503043438
58.56666666666667,38.82863617356891,11.051047879055607,4.748100622275109,1.9587007440555242,-0.2015125666454092,-0.099606863485942,1.9940092175474897,0.011518601613619566,-0.1542548610336638,DEPTH_PROPOSAL_CERTIFIED,1.5287018425735277,0,32,0,0,216,FULL_MOTION_CERTIFICATE,0,0,0,222,0,0,0,0,0,,58.633333333,1.99401645668,0.01122250727,-0.154183091892,0.997008228339,0.00561125363498,-0.0770915459462,0.997008228339,0.00561125363498,-0.0770915459462,1.98443907683,-0.0496641278364,-0.139444273998,1.983662140456479,-0.05436024750322191,-0.13823617414487857
58.583333333333336,38.8613136926762,11.047881417180518,4.7463902081229286,1.9606511464374987,-0.18998771250540888,-0.10262484913082474,1.9940023123975708,0.011799554273168337,-0.15432287151325474,DEPTH_PROPOSAL_CERTIFIED,1.5256480616354833,0,32,0,0,216,FULL_MOTION_CERTIFICATE,0,0,0,222,0,0,0,0,0,,58.65,1.99400921755,0.0115186016136,-0.154254861034,0.997004608774,0.00575930080681,-0.0771274305168,0.997004608774,0.00575930080681,-0.0771274305168,1.9851640875,-0.0450290724823,-0.14056628819,1.9844460554975893,-0.049384491997396224,-0.1394442739983965
58.6,38.89402217004275,11.044898318880893,4.74463188811335,1.962508641993429,-0.1789858979775068,-0.10549920057471476,1.9939957308257057,0.012066016537742991,-0.15438729447001273,DEPTH_PROPOSAL_CERTIFIED,1.5224684330677518,0,32,0,0,216,FULL_MOTION_CERTIFICATE,0,0,0,222,0,0,0,0,0,,58.666666666,1.9940023124,0.0117995542732,-0.154322871513,0.997001156199,0.00589977713658,-0.0771614357566,0.997001156199,0.00589977713658,-0.0771614357566,1.98583364997,-0.0407238736579,-0.141608453552,1.985170087775779,-0.044763760737092984,-0.14056628819017522
58.61666666666667,38.92676010467157,11.042090111525619,4.742827975612639,1.9642760777291564,-0.16849244131649171,-0.108234750042672,1.9939894622037684,0.012318624664463568,-0.1544482959009305,DEPTH_PROPOSAL_CERTIFIED,1.519168324581333,0,32,0,0,216,FULL_MOTION_CERTIFICATE,0,0,0,222,0,0,0,0,0,,58.683333333,1.99399573083,0.0120660165377,-0.15438729447,0.996997865413,0.00603300826887,-0.077193647235,0.996997865413,0.00603300826887,-0.077193647235,1.98645198944,-0.0367246394722,-0.14257654758,1.985838793705032,-0.04047227005209972,-0.1416084535517522
58.63333333333333,38.95952604473804,11.03944857879072,4.740980702256452,1.9659564039884392,-0.15849196409388944,-0.11083640137126285,1.9939834957581637,0.012557998597285082,-0.15450603650111577,DEPTH_PROPOSAL_CERTIFIED,1.5157529400720755,0,32,0,0,216,FULL_MOTION_CERTIFICATE,0,0,0,222,0,0,0,0,0,,58.7,1.9939894622,0.0123186246645,-0.154448295901,0.996994731102,0.00615931233223,-0.0772241479505,0.996994731102,0.00615931233223,-0.0772241479505,1.98702301011,-0.0330092405997,-0.143475922471,1.9864563843516903,-0.0364861419781341,-0.1425765475800732
58.65,38.992318588778396,11.03696576916403,4.739092217383724,1.9675526424213603,-0.148968577601347,-0.1133090923636559,1.9939778206406906,0.012784740957204235,-0.15456067155540662,DEPTH_PROPOSAL_CERTIFIED,1.5122273151265577,0,32,0,0,216,FULL_MOTION_CERTIFICATE,0,0,0,222,0,0,0,0,0,,58.716666666,1.99398349576,0.0125579985973,-0.154506036501,0.996991747879,0.00627899929864,-0.0772530182506,0.996991747879,0.00627899929864,-0.0772530182506,1.98755031961,-0.0295571771622,-0.144311537137,1.987026751302998,-0.03278326239232198,-0.14347592247085292
58.666666666666664,39.02513638641538,11.034634001746902,4.73716458801002,1.9690678582191417,-0.13990604502775178,-0.11565776242221901,1.9939724259912945,0.01299943627055912,-0.15461235087481817,DEPTH_PROPOSAL_CERTIFIED,1.5085963140926046,0,32,0,0,216,FULL_MOTION_CERTIFICATE,0,0,0,222,0,0,0,0,0,,58.733333333,1.99397782064,0.0127847409572,-0.154560671555,0.99698891032,0.0063923704786,-0.0772803357777,0.99698891032,0.0063923704786,-0.0772803357777,1.98803725152,-0.0263494560284,-0.145087986729,1.9875534909520745,-0.02934314762988332,-0.14431153713669068
58.68333333333333,39.05797813868455,11.032445869712951,4.735199799262191,1.9705051361500274,-0.13128792203703762,-0.11788732486973222,1.9939673009932546,0.013202650405403261,-0.1546612187717028,DEPTH_PROPOSAL_CERTIFIED,1.5048646285012126,0,32,0,0,216,FULL_MOTION_CERTIFICATE,0,0,0,222,0,0,0,0,0,,58.75,1.99397242599,0.0129994362706,-0.154612350875,0.996983650497,0.0066013252027,-0.0773306093859,0.996986212996,0.00649971813528,-0.0773061754374,1.9884864977,-0.023353084269,-0.145813231596,1.9880399269068343,-0.026146821550318305,-0.14508798672939513
58.7,39.09084259752511,11.030394261180529,4.733199750531122,1.9718675304333015,-0.12309651194533208,-0.12000292386411616,1.9939624349213712,0.013394930189138808,-0.15470741406818242,DEPTH_PROPOSAL_CERTIFIED,1.5010367637224344,0,32,0,0,216,FULL_MOTION_CERTIFICATE,0,0,0,222,0,0,0,0,0,,58.766666666,1.99396730099,0.0132026504054,-0.154661218772,0.996983650497,0.0066013252027,-0.0773306093859,0.996983650497,0.0066013252027,-0.0773306093859,1.98890171005,-0.0205837105408,-0.146483533628,1.9884887406892402,-0.023161308826564503,-0.14581323159559
58.71666666666667,39.1237285665286,11.028472317085477,4.731166266686715,1.973158140209433,-0.11531664570314222,-0.12200903066437803,1.9939578172233337,0.013576801627638383,-0.15475106975889666,DEPTH_PROPOSAL_CERTIFIED,1.4971170672961938,0,32,0,0,216,FULL_MOTION_CERTIFICATE,0,0,0,222,0,0,0,0,0,,58.783333333,1.99396243492,0.0133949301891,-0.154707414068,0.996981217461,0.00669746509457,-0.0773537070341,0.996981217461,0.00669746509457,-0.0773537070341,1.98928509831,-0.01800957104,-0.147106554886,1.9889035794782357,-0.02040227754842011,-0.14648353362757435
58.733333333333334,39.15663489980501,11.026673452113313,4.729101094049101,1.9743799965849835,-0.10793189832980325,-0.12391035825688984,1.993953437470804,0.013748773158529837,-0.15479231387572495,DEPTH_PROPOSAL_CERTIFIED,1.493109715331725,0,32,0,0,216,FULL_MOTION_CERTIFICATE,0,0,0,222,0,0,0,0,0,,58.8,1.99395781722,0.0135768016276,-0.154751069759,0.996978908612,0.00678840081382,-0.0773755348794,0.996978908612,0.00678840081382,-0.0773755348794,1.98963909217,-0.0156166639719,-0.147685684812,1.9892866443667006,-0.017837980375062304,-0.1471065548855354
58.75,39.18956050121567,11.024991351616508,4.727005902059775,1.9755360846392442,-0.10092602980826339,-0.12571151935953193,1.9939492854354417,0.01391133386768679,-0.15483126913357417,DEPTH_PROPOSAL_CERTIFIED,1.4890187146750011,0,32,0,0,216,FULL_MOTION_CERTIFICATE,0,0,0,222,0,0,0,0,0,,58.816666666,1.99395343747,0.0137487731585,-0.154792313876,0.996976718735,0.00687438657926,-0.0773961569379,0.996976718735,0.00687438657926,-0.0773961569379,1.9899659365,-0.0133920097328,-0.14822406578,1.989640358901227,-0.015454433845471792,-0.14768568481176658
58.766666666666666,39.222504323431686,11.023419967474664,4.724882285138101,1.9766293329611462,-0.09428304851061582,-0.1274170153004707,1.9939453511143483,0.01406495362027608,-0.1548680530294624,DEPTH_PROPOSAL_CERTIFIED,1.4869200987683842,0,32,0,0,216,FULL_MOTION_CERTIFICATE,0,0,0,223,0,0,0,0,0,,58.833333333,1.99394928544,0.0139113338677,-0.154831269134,0.996974642718,0.00695566693384,-0.0774156345668,0.996974642718,0.00695566693384,-0.0774156345668,1.99026770536,-0.0113235745702,-0.148724611499,1.9899669624883514,-0.013238676679310498,-0.14822406577992517
58.78333333333333,39.255465366849,11.0219535130742,4.722731764685873,1.9776626050390333,-0.08798726402784242,-0.1290312271336581,1.9939416247510642,0.014210083276702097,-0.15490277795558005,DEPTH_PROPOSAL_CERTIFIED,1.485711507925392,0,32,0,0,216,FULL_MOTION_CERTIFICATE,0,0,0,223,0,0,0,0,0,,58.85,1.99394535111,0.0140649536203,-0.154868053029,0.996972675557,0.00703247681014,-0.0774340265147,0.996972675557,0.00703247681014,-0.0774340265147,1.9905463149,-0.00940020118398,-0.149190023745,1.9902685243892582,-0.011178693338002152,-0.14872461149854585
58.8,39.28844267838683,11.020586457561976,4.720555791207621,1.9786386922699433,-0.08202333073351116,-0.13055840869512672,1.993938096852557,0.014347154980093648,-0.15493555132370285,DEPTH_PROPOSAL_CERTIFIED,1.4844359784284684,0,32,0,0,216,FULL_MOTION_CERTIFICATE,0,0,0,223,0,0,0,0,0,,58.866666666,1.99394162475,0.0142100832767,-0.154902777956,0.996970812376,0.00710504163835,-0.0774513889778,0.996970812376,0.00710504163835,-0.0774513889778,1.99080353533,-0.00761154334184,-0.149622808138,1.9905469564870446,-0.00926334454266538,-0.14919002374504475
58.81666666666667,39.32143535019362,11.0193135195105,4.718355746517951,1.9795603084063722,-0.07637628308844364,-0.1320026813801648,1.993934758202622,0.014476582503626824,-0.1549664756986763,DEPTH_PROPOSAL_CERTIFIED,1.483097051831261,0,32,0,0,216,FULL_MOTION_CERTIFICATE,0,0,0,223,0,0,0,0,0,,58.883333333,1.99393809685,0.0143471549801,-0.154935551324,0.996969048426,0.00717357749005,-0.0774677756619,0.996969048426,0.00717357749005,-0.0774677756619,1.99104100212,-0.00594800555691,-0.15002528869,1.9908040252708001,-0.00748230181864744,-0.1496228081376224
58.833333333333336,39.35444251828131,11.01812966011556,4.716132946010972,1.9804300852614953,-0.07103156369644961,-0.13336803041879405,1.993931599872063,0.014598761647205631,-0.1549956489389392,DEPTH_PROPOSAL_CERTIFIED,1.4816981043840964,0,32,0,0,216,FULL_MOTION_CERTIFICATE,0,0,0,223,0,0,0,0,0,,58.9,1.9939347582,0.0144765825036,-0.154966475699,0.996967379101,0.00723829125181,-0.0774832378493,0.996967379101,0.00723829125181,-0.0774832378493,1.99126022607,-0.00440068824865,-0.150399621047,1.9910413628939978,-0.00582598711411849,-0.15002528869007203
58.85,39.38746336110638,11.017030076030954,4.713888640970371,1.9812505695040445,-0.06597504507643424,-0.13465830243605922,1.9939286132260328,0.01471407067426731,-0.15502316434231186,DEPTH_PROPOSAL_CERTIFIED,1.48024235240629,0,32,0,0,216,FULL_MOTION_CERTIFICATE,0,0,0,223,0,0,0,0,0,,58.916666666,1.99393159987,0.0145987616472,-0.154995648939,0.996965799936,0.0072993808236,-0.0774978244695,0.996965799936,0.0072993808236,-0.0774978244695,1.99146260286,-0.00296133604138,-0.150747804964,1.9912604772631453,-0.00428551791224299,-0.15039962104669538
58.86666666666667,39.420497098113266,11.016010191933198,4.711624020901326,1.982024220413329,-0.06119304586533429,-0.13587720414272123,1.9939257899288374,0.014822870780685102,-0.15504911079552258,DEPTH_PROPOSAL_CERTIFIED,1.4787328577587797,0,32,0,0,216,FULL_MOTION_CERTIFICATE,0,0,0,223,0,0,0,0,0,,58.933333333,1.99392861323,0.0147140706743,-0.155023164342,0.996964306613,0.00735703533713,-0.0775115821712,0.996964306613,0.00735703533713,-0.0775115821712,1.99164942183,-0.0016222900513,-0.151071695832,1.9914627615065992,-0.002852655489911298,-0.15074780496399862
58.88333333333333,39.45354298825437,11.015065652896922,4.709340215868026,1.9827534084662282,-0.056672342176518876,-0.13702830199800514,1.9939231219465308,0.014925506588611246,-0.15507357292612167,DEPTH_PROPOSAL_CERTIFIED,1.4771725333720847,0,32,0,0,216,FULL_MOTION_CERTIFICATE,0,0,0,223,0,0,0,0,0,,58.95,1.99392578993,0.0148228707807,-0.155049110796,0.996962894964,0.00741143539034,-0.0775245553978,0.996962894964,0.00741143539034,-0.0775245553978,1.99182187397,-0.000376444508805,-0.151373015154,1.9916495027116,-0.0015197571729673991,-0.15107169583246985
58.9,39.486600328498284,11.014192316650094,4.707038298823165,1.9834404146350868,-0.05240017480965069,-0.1381150226916319,1.9939206015475648,0.015022306659006926,-0.15509663125561557,DEPTH_PROPOSAL_CERTIFIED,1.4755641487915476,0,32,0,0,216,FULL_MOTION_CERTIFICATE,0,0,0,223,0,0,0,0,0,,58.966666666,1.99392312195,0.0149255065886,-0.155073572926,0.996961560973,0.00746275329431,-0.0775367864631,0.996961560973,0.00746275329431,-0.0775367864631,1.99198105941,0.000782794164327,-0.151653360428,1.991821889895164,-0.00027973293385559483,-0.15137301515387902
58.916666666666664,39.51966845233671,11.013386245769881,4.704719287917526,1.9840874303054865,-0.04836425281271108,-0.13914065433835981,1.9939182213017468,0.015113584017477278,-0.15511836235283194,DEPTH_PROPOSAL_CERTIFIED,1.473910335706507,0,32,0,0,216,FULL_MOTION_CERTIFICATE,0,0,0,223,0,0,0,0,0,,58.983333333,1.99392060155,0.015022306659,-0.155096631256,0.996960300774,0.0075111533295,-0.0775483156278,0.996960300774,0.0075111533295,-0.0775483156278,1.99212799443,0.00186154513247,-0.151914214284,1.991981021484364,0.0008739955499551273,-0.15165336042844116
58.93333333333333,39.55274672829876,11.012643699871361,4.7023841487796325,1.9846965577231122,-0.04455275391123798,-0.14010834827365082,1.993915974077746,0.015199636688644751,-0.15513883898665007,DEPTH_PROPOSAL_CERTIFIED,1.4722135934353378,0,32,0,0,216,FULL_MOTION_CERTIFICATE,0,0,0,223,0,0,0,0,0,,59,1.9939182213,0.0151135840175,-0.155118362353,0.996959110651,0.00755679200874,-0.0775591811764,0.996959110651,0.00755679200874,-0.0775591811764,1.99226361768,0.00286548749232,-0.152156952779,1.992127912218146,0.0019475326867367249,-0.15191421428420177
58.95,39.585834558480165,11.011961127832988,4.7000337967572605,1.985269810883777,-0.040954322302406664,-0.14102112134224612,1.993913853039347,0.015280748234940352,-0.1551581302773575,DEPTH_PROPOSAL_CERTIFIED,1.470476294342839,0,32,0,0,216,FULL_MOTION_CERTIFICATE,0,0,0,223,0,0,0,0,0,,59.016666666,1.99391597408,0.0151996366886,-0.155138838987,0.996957987039,0.00759981834432,-0.0775694194933,0.996957987039,0.00759981834432,-0.0775694194933,1.99238879619,0.00379989269709,-0.15238285324,1.9922634994438861,0.002946543325317833,-0.1521569527791043
58.96666666666667,39.61893137709356,11.011335160096996,4.697669099113806,1.9858091168036152,-0.03755806415950491,-0.14188185860725294,1.993911851640644,0.015357188296320616,-0.15517630184602493,DEPTH_PROPOSAL_CERTIFIED,1.4687006891700691,0,32,0,0,216,FULL_MOTION_CERTIFICATE,0,0,0,223,0,0,0,0,0,,59.033333333,1.99391385304,0.0152807482349,-0.155158130277,0.99695692652,0.00764037411747,-0.0775790651387,0.99695692652,0.00764037411747,-0.0775790651387,1.9925043308,0.00466965449766,-0.152593101505,1.9923886490256422,0.00387628518389903,-0.1523828532403369
58.983333333333334,39.65203664904532,11.010762601076852,4.695290877173765,1.986316317106006,-0.0343535412086065,-0.14269331640253088,1.993909963620348,0.015429213127844926,-0.15519341596137173,DEPTH_PROPOSAL_CERTIFIED,1.4668889122597342,0,32,0,0,216,FULL_MOTION_CERTIFICATE,0,0,0,223,0,0,0,0,0,,59.05,1.99391185164,0.0153571882963,-0.155176301846,0.99695592582,0.00767859414816,-0.077588150923,0.99695592582,0.00767859414816,-0.077588150923,1.99261096117,0.00547931616526,-0.152788798504,1.992504160795175,0.004741638792356484,-0.15259310150492222
59.0,39.68514986854307,11.010240421698024,4.692899908412887,1.9867931698650112,-0.03133076272969107,-0.1434581256526705,1.9939081829953493,0.01549706613250771,-0.1552095316836851,DEPTH_PROPOSAL_CERTIFIED,1.465042986664186,0,32,0,0,217,FULL_MOTION_CERTIFICATE,0,0,0,223,0,0,0,0,0,,59.066666666,1.99390996362,0.0154292131278,-0.155193415961,0.99695498181,0.00771460656392,-0.0775967079807,0.99695498181,0.00771460656392,-0.0775967079807,1.99270937044,0.00623309620804,-0.152970966486,1.9926107735248746,0.005547134713079469,-0.15278879850437424
59.016666666666666,39.71827055773745,11.009765752094426,4.69049692848934,1.9872413516626153,-0.02848017621584156,-0.1441787954127904,1.9939065040536896,0.015560978387166536,-0.15522470500544835,DEPTH_PROPOSAL_CERTIFIED,1.4631648291247679,0,32,0,0,217,FULL_MOTION_CERTIFICATE,0,0,0,224,0,0,0,0,0,,59.083333333,1.993908183,0.0154970661325,-0.155209531684,0.996954091498,0.00774853306625,-0.0776047658418,0.996954091498,0.00774853306625,-0.0776047658418,1.99280018958,0.00693491212544,-0.153140554762,1.9927091695933867,0.006296979253124609,-0.152970966486254
59.03333333333333,39.75139826540105,11.009335874478742,4.68808263321308,1.9876624598161967,-0.02579265694099324,-0.1448577165756228,1.9939049213470406,0.015621169159701027,-0.1552389889883858,DEPTH_PROPOSAL_CERTIFIED,1.4612562549137138,0,32,0,0,217,FULL_MOTION_CERTIFICATE,0,0,0,224,0,0,0,0,0,,59.1,1.99390650405,0.0155609783872,-0.155224705005,0.996953252027,0.00778048919358,-0.0776123525027,0.996953252027,0.00778048919358,-0.0776123525027,1.99288400128,0.00758840200682,-0.153298444935,1.9927999792898892,0.0069950782121582615,-0.15314055476217842
59.05,39.78453256564663,11.008948216200702,4.685657680451517,1.9880580147347264,-0.023259496682384823,-0.14549716569377869,1.9939034296828202,0.015677846415856372,-0.15525243389669596,DEPTH_PROPOSAL_CERTIFIED,1.459318982532475,0,32,0,0,217,FULL_MOTION_CERTIFICATE,0,0,0,224,0,0,0,0,0,,59.116666666,1.99390492135,0.0156211691597,-0.155238988988,0.996952460674,0.00781058457985,-0.0776194944942,0.996952460674,0.00781058457985,-0.0776194944942,1.99296134371,0.00819694494861,-0.153445455843,1.9928837847407885,0.007645058472639733,-0.15329844493528091
59.06666666666667,39.81767305668623,11.008600343004845,4.683222691970069,1.9884294623755245,-0.020872391751353078,-0.14609930888686495,1.9939020241160248,0.015731207314543767,-0.15526508732630656,DEPTH_PROPOSAL_CERTIFIED,1.4573546382611953,0,32,0,0,218,FULL_MOTION_CERTIFICATE,0,0,0,224,0,0,0,0,0,,59.133333333,1.99390342968,0.0156778464159,-0.155252433897,0.996951714841,0.00783892320793,-0.0776262169483,0.996951714841,0.00783892320793,-0.0776262169483,1.99303271386,0.00876367991958,-0.153582348122,1.992961123593261,0.008250288407222596,-0.15344545584251448
59.083333333333336,39.85081935963243,11.00828995249647,4.680778255206758,1.9887781767723236,-0.018623430502540155,-0.14666620579862397,1.9939006999408695,0.015781438690563983,-0.15527699433002112,DEPTH_PROPOSAL_CERTIFIED,1.4553647605560114,0,32,0,0,218,FULL_MOTION_CERTIFICATE,0,0,0,224,0,0,0,0,0,,59.15,1.99390202412,0.0157312073145,-0.155265087326,0.996951012058,0.00786560365727,-0.0776325436632,0.996951012058,0.00786560365727,-0.0776325436632,1.9930985707,0.00929152291461,-0.153709828367,1.9930324924132712,0.008813896732979169,-0.15358234812208427
59.1,39.88397111734254,11.008014867821625,4.6783249249806085,1.9891054626066516,-0.016505080490752368,-0.1471998135689841,1.9938994526823068,0.01582871752394026,-0.1552881975384677,DEPTH_PROPOSAL_CERTIFIED,1.4533508042923282,0,32,0,0,218,FULL_MOTION_CERTIFICATE,0,0,0,224,0,0,0,0,0,,59.166666666,1.99390069994,0.0157814386906,-0.15527699433,0.99695034997,0.00789071934528,-0.077638497165,0.99695034997,0.00789071934528,-0.077638497165,1.99315933806,0.009783183181,-0.153828553057,1.9930983497854537,0.009338789653060203,-0.15370982836737798
59.11666666666667,39.91712799330595,11.007773031565417,4.675863225133893,1.9894125578046806,-0.014510175372492908,-0.14770199080290713,1.9938982780874834,0.015873211395269947,-0.15529873727680396,DEPTH_PROPOSAL_CERTIFIED,1.451314144853034,0,32,0,0,218,FULL_MOTION_CERTIFICATE,0,0,0,224,0,0,0,0,0,,59.183333333,1.99389945268,0.0158287175239,-0.155288197538,0.996949726341,0.00791435876197,-0.0776440987692,0.996949726341,0.00791435876197,-0.0776440987692,1.99321540735,0.0102411782161,-0.153939132186,1.9931591192206362,0.00982766707027399,-0.15382855305676862
59.13333333333333,39.95028967057495,11.007562499871007,4.673393650108664,1.9897006361405225,-0.012631901664632107,-0.1481745015137764,1.993897172117204,0.015915078926626355,-0.15530865167715396,DEPTH_PROPOSAL_CERTIFIED,1.4492560820616494,0,32,0,0,218,FULL_MOTION_CERTIFICATE,0,0,0,224,0,0,0,0,0,,59.2,1.99389827809,0.0158732113953,-0.155298737277,0.996949139044,0.00793660569763,-0.0776493686384,0.996949139044,0.00793660569763,-0.0776493686384,1.99326713998,0.0106678474049,-0.154042132574,1.993215191837793,0.010283037571271062,-0.15393913218638164
59.15,39.98345585073874,11.007381436779772,4.670916666458358,1.9899708098276538,-0.010863785474121097,-0.14861901901834482,1.9938961309374301,0.015954470207693444,-0.15531797678677967,DEPTH_PROPOSAL_CERTIFIED,1.447177843961433,0,32,0,0,218,FULL_MOTION_CERTIFICATE,0,0,0,224,0,0,0,0,0,,59.216666666,1.99389717212,0.0159150789266,-0.155308651677,0.996948586059,0.00795753946331,-0.0776543258386,0.996948586059,0.00795753946331,-0.0776543258386,1.99331486969,0.0110653649285,-0.154138080987,1.9932669288106573,0.01070723205011455,-0.1540421325740797
59.166666666666664,40.016626252940206,11.00722810879217,4.668432714295466,1.9902241320878444,-0.009199679256158968,-0.14903712977355665,1.9938951509108682,0.015991527206966758,-0.1553267466720183,DEPTH_PROPOSAL_CERTIFIED,1.4423749652713527,0,32,0,0,218,FULL_MOTION_CERTIFICATE,0,0,0,224,0,0,0,0,0,,59.233333333,1.99389613094,0.0159544702077,-0.155317976787,0.996948065469,0.00797723510385,-0.0776589883934,0.996948065469,0.00797723510385,-0.0776589883934,1.99335890463,0.0114357516995,-0.154227467034,1.9933146636621712,0.011102416602980267,-0.15413808098714132
59.18333333333333,40.049800612934966,11.007100879647629,4.6659422086764355,1.9904615996857953,-0.007633748672452701,-0.149430337141799,1.993894228588682,0.016026384167929585,-0.15533499351802962,DEPTH_PROPOSAL_CERTIFIED,1.4348890160167593,0,32,0,0,218,FULL_MOTION_CERTIFICATE,0,0,0,224,0,0,0,0,0,,59.25,1.99389515091,0.015991527207,-0.155326746672,0.996947575455,0.00799576360348,-0.077663373336,0.996947575455,0.00799576360348,-0.077663373336,1.99339952935,0.0117808862146,-0.154310745796,1.9933587043807963,0.011470604448764927,-0.1542274670343562
59.2,40.08297868219194,11.006998205320563,4.663445540925265,1.990684155418013,-0.006160459623963917,-0.14980006507018184,1.9938933607023452,0.016059167990210507,-0.1553427477244122,DEPTH_PROPOSAL_CERTIFIED,1.4274219148331828,0,32,0,0,218,FULL_MOTION_CERTIFICATE,0,0,0,224,0,0,0,0,0,,59.266666666,1.99389422859,0.0160263841679,-0.155334993518,0.996947114294,0.00801319208396,-0.077667496759,0.996947114294,0.00801319208396,-0.077667496759,1.99343700657,0.0121025148345,-0.154388340318,1.9933993353510673,0.011813666767592063,-0.15431074579645074
59.21666666666667,40.11616022703445,11.00691862922909,4.660943079897268,1.990892690550272,-0.004774565488331387,-0.15014766167984298,1.9938925441556743,0.016089998595830983,-0.15535003799676933,DEPTH_PROPOSAL_CERTIFIED,1.4199739771370619,0,32,0,0,218,FULL_MOTION_CERTIFICATE,0,0,0,224,0,0,0,0,0,,59.283333333,1.9938933607,0.0160591679902,-0.155342747724,0.996946680351,0.00802958399511,-0.0776713738622,0.996946680351,0.00802958399511,-0.0776713738622,1.99347157885,0.0124022612917,-0.154460643911,1.9934368191638323,0.012133342966386507,-0.15438834031770898
59.233333333333334,40.14934502782106,11.00686077765234,4.658435173184636,1.9910880471969046,-0.0034710946049839038,-0.15047440275792848,1.993891776017053,0.016118989280692705,-0.15535689143430767,DEPTH_PROPOSAL_CERTIFIED,1.4125455377167735,0,32,0,0,218,FULL_MOTION_CERTIFICATE,0,0,0,224,0,0,0,0,0,,59.3,1.99389254416,0.0160899985958,-0.155350037997,0.996946272078,0.00804499929792,-0.0776750189984,0.996946272078,0.00804499929792,-0.0776750189984,1.99350347016,0.0126816353355,-0.154528022252,1.9934713982858236,0.01243125017185637,-0.15446064391057196
59.25,40.182532878164984,11.006823355351433,4.655922148265573,1.9912710206352193,-0.0022453380544550624,-0.15078149514382652,1.9938910535118595,0.016146247051514545,-0.15536333361356253,DEPTH_PROPOSAL_CERTIFIED,1.4051369477371098,0,32,0,0,218,FULL_MOTION_CERTIFICATE,0,0,0,224,0,0,0,0,0,,59.316666666,1.99389177602,0.0161189892807,-0.155356891434,0.996945888009,0.00805949464035,-0.0776784457172,0.996945888009,0.00805949464035,-0.0776784457172,1.99353288727,0.012942040927,-0.154590815369,1.9935032965826585,0.012708891861997723,-0.15452802225178297
59.266666666666666,40.21572358419086,11.006805141389037,4.65340431359875,1.9914423615527574,-0.0010928377437514774,-0.15107008000938202,1.9938903740151213,0.016171872948496854,-0.15536938866835664,DEPTH_PROPOSAL_CERTIFIED,1.397748572018512,0,32,0,0,219,FULL_MOTION_CERTIFICATE,0,0,0,225,0,0,0,0,0,,59.333333333,1.99389105351,0.0161462470515,-0.155363333614,0.996945187008,0.00808593647425,-0.0776846943342,0.996945526756,0.00807312352576,-0.0776816668068,1.9935599696,0.0131867251759,-0.154649798196,1.9935327207467213,0.012967666046833122,-0.15459081536915947
59.28333333333333,40.2489169637629,11.006804987593226,4.650881959085732,1.9916027743225113,-9.227748694642197e-06,-0.1513412707810982,1.9938897350443947,0.016195962354007377,-0.15537507936609765,DEPTH_PROPOSAL_CERTIFIED,1.3903807847409568,0,32,0,0,219,FULL_MOTION_CERTIFICATE,0,0,0,225,0,0,0,0,0,,59.35,1.99389037402,0.0161718729485,-0.155369388668,0.996945187008,0.00808593647425,-0.0776846943342,0.996945187008,0.00808593647425,-0.0776846943342,1.99358500024,0.013412872739,-0.154704312627,1.9935598101135077,0.013210814190999558,-0.1546497981960359
59.3,40.28211284595293,11.006821809483203,4.648355358307757,1.9917529314017919,0.0010093133985891057,-0.15159604667850343,1.9938891342583485,0.01621860508184227,-0.15538042713190428,DEPTH_PROPOSAL_CERTIFIED,1.3830339710969377,0,32,0,0,219,FULL_MOTION_CERTIFICATE,0,0,0,225,0,0,0,0,0,,59.366666666,1.99388973504,0.016195962354,-0.155375079366,0.996944867522,0.008097981177,-0.077687539683,0.996944867522,0.008097981177,-0.077687539683,1.99360808621,0.0136237128529,-0.154755128287,1.9935848477690155,0.013435515395451594,-0.15470431262684745
59.31666666666667,40.31531107032639,11.00685458551543,4.645824768790376,1.9918934624065148,0.0019665619336465432,-0.15183537104277442,1.9938885694383945,0.01623988610092149,-0.15538545222234057,DEPTH_PROPOSAL_CERTIFIED,1.3757085232227926,0,32,0,0,220,FULL_MOTION_CERTIFICATE,0,0,0,225,0,0,0,0,0,,59.383333333,1.99388913426,0.0162186050818,-0.155380427132,0.996944567129,0.00810930254092,-0.077690213566,0.996944567129,0.00810930254092,-0.077690213566,1.99362937773,0.0138202956014,-0.154802499412,1.993607940664134,0.013644994061342612,-0.15475512828687923
59.333333333333336,40.34851148633692,11.00690235363545,4.643290432898793,1.9920249606319718,0.002866087201211571,-0.15206015349502253,1.9938880384886428,0.016259885564603012,-0.15539017373482195,DEPTH_PROPOSAL_CERTIFIED,1.3684048383998886,0,32,0,0,220,FULL_MOTION_CERTIFICATE,0,0,0,225,0,0,0,0,0,,59.4,1.99388856944,0.0162398861009,-0.155385452222,0.996944284719,0.00811994305046,-0.0776927261112,0.996944284719,0.00811994305046,-0.0776927261112,1.99364901346,0.0140035979157,-0.154846662505,1.9936292389825483,0.013840295465505584,-0.15480249941244978
59.35,40.38171395275241,11.006964207998887,4.640752578687752,1.9921479849297428,0.0037112618062382302,-0.1522712526624444,1.9938875394297382,0.016278679067368972,-0.1553946096704984,DEPTH_PROPOSAL_CERTIFIED,1.3611233174454065,0,32,0,0,220,FULL_MOTION_CERTIFICATE,0,0,0,225,0,0,0,0,0,,59.416666666,1.99388803849,0.0162598855646,-0.155390173735,0.996944019244,0.0081299427823,-0.0776950868674,0.996944019244,0.0081299427823,-0.0776950868674,1.99366712142,0.0141745287913,-0.154887837597,1.9936488813625481,0.014022391987564106,-0.15484666250499143
59.36666666666667,40.414918337110905,11.007039295855392,4.638211420707855,1.9922630615096826,0.004505271390262867,-0.15246947879381326,1.9938870703929419,0.016296337889384335,-0.15539877699405275,DEPTH_PROPOSAL_CERTIFIED,1.3511214638818358,0,32,0,0,220,FULL_MOTION_CERTIFICATE,0,0,0,225,0,0,0,0,0,,59.433333333,1.99388753943,0.0162786790674,-0.15539460967,0.996943769715,0.00813933953368,-0.0776973048352,0.996943769715,0.00813933953368,-0.0776973048352,1.99368381975,0.0143339341185,-0.154926229421,1.9936669957849473,0.014192188315364026,-0.1548878375965134
59.38333333333333,40.44812451520536,11.007126814589261,4.635667160770096,1.992370685667421,0.005251124032137757,-0.15265559626557496,1.9938866296144562,0.016312929229340342,-0.15540269169053256,DEPTH_PROPOSAL_CERTIFIED,1.337789990606879,0,32,0,0,220,FULL_MOTION_CERTIFICATE,0,0,0,225,0,0,0,0,0,,59.45,1.99388707039,0.0162963378894,-0.155398776994,0.996943535196,0.00814816894469,-0.077699388497,0.996943535196,0.00814816894469,-0.077699388497,1.99369921753,0.0144826010738,-0.15496202848,1.9936837003918306,0.014350526263011972,-0.15492622942106798
59.4,40.48133237059598,11.007226008910402,4.633119988670449,1.9924713234375704,0.00595165926849481,-0.152830325978815,1.9938862154299868,0.01632851642599857,-0.15540636881933265,DEPTH_PROPOSAL_CERTIFIED,1.3244954517105847,0,32,0,0,220,FULL_MOTION_CERTIFICATE,0,0,0,225,0,0,0,0,0,,59.466666666,1.99388662961,0.0163129292293,-0.155402691691,0.996943314807,0.00815646461467,-0.0777013458453,0.996943314807,0.00815646461467,-0.0777013458453,1.99371341541,0.0146212622921,-0.154995412056,1.9936991042333938,0.014498189152051387,-0.1549620284803434
59.416666666666664,40.51454179414889,11.007336168189504,4.630570082876261,1.9925654131747115,0.006609556746046344,-0.15299434765129397,1.9938858262695376,0.016343159168863922,-0.1554098225654463,DEPTH_PROPOSAL_CERTIFIED,1.3112386114607888,0,32,0,0,220,FULL_MOTION_CERTIFICATE,0,0,0,225,0,0,0,0,0,,59.483333333,1.99388621543,0.016328516426,-0.155406368819,0.996943107715,0.008164258213,-0.0777031844097,0.996943107715,0.008164258213,-0.0777031844097,1.99372650632,0.0147505997291,-0.155026545144,1.9937133079678317,0.014635905972175556,-0.15499541205553755
59.43333333333333,40.547752683599946,11.007456623931342,4.628017611176148,1.992653367063495,0.0072273445102416095,-0.15314830200682672,1.9938854606524403,0.016356913698402028,-0.1554130662880987,DEPTH_PROPOSAL_CERTIFIED,1.2980201973863748,0,32,0,0,220,FULL_MOTION_CERTIFICATE,0,0,0,225,0,0,0,0,0,,59.5,1.99388582627,0.0163431591689,-0.155409822565,0.996942913135,0.00817157958443,-0.0777049112827,0.996942913135,0.00817157958443,-0.0777049112827,1.99373857602,0.0148712481739,-0.155055581313,1.9937264045066547,0.014764355233424306,-0.1550265451443265
59.45,40.580964943142604,11.007586747380198,4.625462731295091,1.9927355725589369,0.007807406931373756,-0.15329279286336822,1.9938851171826015,0.01636983299621453,-0.15541611256687457,DEPTH_PROPOSAL_CERTIFIED,1.2848409021735017,0,32,0,0,220,FULL_MOTION_CERTIFICATE,0,0,0,225,0,0,0,0,0,,59.516666666,1.99388546065,0.0163569136984,-0.155413066288,0.996942730326,0.0081784568492,-0.077706533144,0.996942730326,0.0081784568492,-0.077706533144,1.99374970364,0.0149837985879,-0.155082663507,1.9937384796033286,0.01488416846918312,-0.15505558131317387
59.46666666666667,40.61417848303859,11.007725947251572,4.6229055914763535,1.9928123937593827,0.008351992282410969,-0.15342838912426157,1.9938847945439748,0.01638196696558733,-0.15541897324545087,DEPTH_PROPOSAL_CERTIFIED,1.271701385478623,0,32,0,0,220,FULL_MOTION_CERTIFICATE,0,0,0,225,0,0,0,0,0,,59.533333333,1.99388511718,0.0163698329962,-0.155416112567,0.996942558591,0.00818491649811,-0.0777080562834,0.996942558591,0.00818491649811,-0.0777080562834,1.99375996224,0.0150888011967,-0.1551079248,1.9937496124048228,0.014995933565065369,-0.15508266350716066
59.483333333333334,40.64739321925049,11.00787366758451,4.6203463310317625,1.9928841727139839,0.008863219976307745,-0.15355562667545905,1.99388449149624,0.016393362602813186,-0.15542165947304062,DEPTH_PROPOSAL_CERTIFIED,1.2586022756606048,0,32,0,0,220,FULL_MOTION_CERTIFICATE,0,0,0,225,0,0,0,0,0,,59.55,1.99388479454,0.0163819669656,-0.155418973245,0.996942397272,0.00819098348279,-0.0777094866227,0.996942397272,0.00819098348279,-0.0777094866227,1.99376941924,0.0151867683024,-0.155131489077,1.9937598759601172,0.015100197841848807,-0.15510792480006846
59.5,40.68060907309493,11.008029385708967,4.617785080861918,1.9929512306662613,0.009343087467421846,-0.15367501019070495,1.9938842068706901,0.01640406415968165,-0.15542418174365136,DEPTH_PROPOSAL_CERTIFIED,1.2455441714344737,0,32,0,0,220,FULL_MOTION_CERTIFICATE,0,0,0,225,0,0,0,0,0,,59.566666666,1.9938844915,0.0163933626028,-0.155421659473,0.996942245748,0.00819668130141,-0.0777108297365,0.996942245748,0.00819668130141,-0.0777108297365,1.99377813683,0.0152781769579,-0.155153471682,1.9937693376840453,0.015197470859014243,-0.15513148907670507
59.516666666666666,40.71382597091553,11.008192610322835,4.615221963947766,1.9930138692363812,0.009793476832059526,-0.15378701484910676,1.993883939566318,0.016414113297528097,-0.15542654993326074,DEPTH_PROPOSAL_CERTIFIED,1.2325276434494055,0,32,0,0,220,FULL_MOTION_CERTIFICATE,0,0,0,226,0,0,0,0,0,,59.583333333,1.99388420687,0.0164040641597,-0.155424181744,0.996941969783,0.00820705664876,-0.0777132749666,0.996942103435,0.00820203207984,-0.0777120908718,1.99378615219,0.0153642327429,-0.155174159428,1.993778059791843,0.015288227080639554,-0.15515347168160876
59.53333333333333,40.747043843749026,11.008362880634698,4.612657095588439,1.993072370009824,0.010216218711696838,-0.1538921015596562,1.9938836885460895,0.016423549233215855,-0.15542877333500493,DEPTH_PROPOSAL_CERTIFIED,1.219553235081202,0,32,0,0,220,FULL_MOTION_CERTIFICATE,0,0,0,226,0,0,0,0,0,,59.6,1.99388393957,0.0164141132975,-0.155426549933,0.996941969783,0.00820705664876,-0.0777132749666,0.996941969783,0.00820705664876,-0.0777132749666,1.99379356032,0.0154437691501,-0.155193279922,1.9937860794458258,0.015373669643272353,-0.15517415942835977
59.55,40.78026262708967,11.008539762576534,4.610090584327139,1.99312700043876,0.010612916510227081,-0.15399067567798055,1.9938834528356038,0.01643240879499263,-0.1554308606730521,DEPTH_PROPOSAL_CERTIFIED,1.2066214654110987,0,32,0,0,220,FULL_MOTION_CERTIFICATE,0,0,0,226,0,0,0,0,0,,59.616666666,1.99388368855,0.0164235492332,-0.155428773335,0.996941844273,0.00821177461661,-0.0777143866675,0.996941844273,0.00821177461661,-0.0777143866675,1.99380038822,0.015517994911,-0.155211120331,1.9937934916717779,0.015452629652296351,-0.1551932799215377
59.56666666666667,40.81348226058565,11.008722848302776,4.607522532100368,1.993178009758215,0.010985143574554969,-0.15408313360623474,1.9938832315150177,0.01644072673043688,-0.15543282017580987,DEPTH_PROPOSAL_CERTIFIED,1.1925240795271634,0,32,0,0,220,FULL_MOTION_CERTIFICATE,0,0,0,226,0,0,0,0,0,,59.633333333,1.99388345284,0.016432408795,-0.155430860673,0.996941726418,0.0082162043975,-0.0777154303365,0.996941726418,0.0082162043975,-0.0777154303365,1.99380668099,0.0155872686915,-0.155227767327,1.9938003234555672,0.01552631375935338,-0.15521112033093523
59.583333333333336,40.846702687781324,11.008911754654024,4.604953034629,1.9932256317403083,0.011334381074854249,-0.15416984828204142,1.9938830237184115,0.01644853573445383,-0.1554346595831027,DEPTH_PROPOSAL_CERTIFIED,1.1767312881925505,0,32,0,0,220,FULL_MOTION_CERTIFICATE,0,0,0,226,0,0,0,0,0,,59.65,1.99388323152,0.0164407267304,-0.155432820176,0.971247509024,0.0772224023758,-0.225199859648,0.996941615758,0.00822036336522,-0.0777164100879,1.99355312573,0.0163539729441,-0.156735671422,1.9938066199218456,0.015595078578505719,-0.1552277673268831
59.6,40.879923528403566,11.009107008129766,4.602380297481951,1.993250437334453,0.01171520854449056,-0.15436422882294407,1.9938828286307588,0.01645586656667915,-0.15543638617435782,DEPTH_PROPOSAL_CERTIFIED,1.1610242275355647,0,32,0,0,220,FULL_MOTION_CERTIFICATE,0,0,0,226,0,0,0,0,0,,59.666666666,1.99388302372,0.0164485357345,-0.155434659583,0.971247509024,0.0772224023758,-0.225199859648,0.996941511859,0.00822426786723,-0.0777173297916,1.99303965177,0.0178178279426,-0.159734950754,1.9935530655830187,0.016361303674053848,-0.15673567142195638
59.61666666666667,40.91314410280561,11.009309975522786,4.5998007791203435,1.9932344641226505,0.012178043581269676,-0.15477110169648672,1.9938826588758127,0.016462671594472414,-0.1554378431344585,DEPTH_PROPOSAL_CERTIFIED,1.1454001366772448,0,32,0,0,220,FULL_MOTION_CERTIFICATE,0,0,0,226,0,0,0,0,0,,59.683333333,1.99388282863,0.0164558665667,-0.155436386174,0.971247509024,0.0772224023758,-0.225199859648,0.996941414315,0.00822793328334,-0.0777181930872,1.99226618149,0.0199785272869,-0.16422573555,1.99303959093866,0.01782463102997525,-0.15973495075370728
59.63333333333333,40.94636345455064,11.009522799781857,4.597209323089729,1.993161104701924,0.012769455544246414,-0.1554873618368854,1.993882539595334,0.016468830228473307,-0.15543872081231433,DEPTH_PROPOSAL_CERTIFIED,1.1298551328011748,0,32,0,0,220,FULL_MOTION_CERTIFICATE,0,0,0,226,0,0,0,0,0,,59.7,1.99388265888,0.0164626715945,-0.155437843134,0.971247509024,0.0772224023758,-0.225199859648,0.996941329438,0.00823133579724,-0.0777189215672,1.99123262811,0.0228357274463,-0.170208170906,1.9922661197690605,0.019984681492563074,-0.16422573554975006
59.65,40.97958037127349,11.009748340693013,4.594599280178977,1.9930150033709702,0.013532454669378267,-0.15660257464512958,1.9938825075965785,0.016474153952335674,-0.15543856713163298,DEPTH_PROPOSAL_CERTIFIED,1.1143844238657588,0,32,0,0,220,FULL_MOTION_CERTIFICATE,0,0,0,226,0,0,0,0,0,,59.716666666,1.9938825396,0.0164688302285,-0.155438720812,0.971247509024,0.0772224023758,-0.225199859648,0.996941269798,0.00823441511424,-0.0777193604062,1.98993889188,0.0263890331138,-0.177682423273,1.9912325671333335,0.022841043995987458,-0.1702081709057094
59.666666666666664,41.01279340394639,11.009990119995523,4.591962621297735,1.992781960373954,0.014506758150585133,-0.15819953287454197,1.9938826105620546,0.016478390978130083,-0.15543679721680165,DEPTH_PROPOSAL_CERTIFIED,1.0989825026872933,0,32,0,0,220,FULL_MOTION_CERTIFICATE,0,0,0,226,0,0,0,0,0,,59.733333333,1.9938825076,0.0164741539523,-0.155438567132,0.971247509024,0.0772224023758,-0.225199859648,0.996941253798,0.00823707697617,-0.0777192835658,1.98838485376,0.0306379742897,-0.186648692345,1.9899388358103565,0.02639326062130963,-0.17768242327337436
59.68333333333333,41.04600088466195,11.010252270567296,4.589290041760596,1.992448842933763,0.015729034306435102,-0.16035477222832772,1.9938829063156212,0.016481230557045975,-0.15543270229169492,DEPTH_PROPOSAL_CERTIFIED,1.0836433239958898,0,32,0,0,220,FULL_MOTION_CERTIFICATE,0,0,0,226,0,0,0,0,0,,59.75,1.99388261056,0.0164783909781,-0.155436797217,0.971247509024,0.0772224023758,-0.225199859648,0.996941305281,0.00823919548907,-0.0777183986084,1.98657036542,0.0355819630963,-0.197107225627,1.9883848101634312,0.030640803407805645,-0.18664869234451556
59.7,41.079200943033285,11.010539489316605,4.58657105761058,1.992003502279422,0.017233124958556247,-0.16313904900094736,1.9938834621391632,0.01648230697375592,-0.1554254579043188,DEPTH_PROPOSAL_CERTIFIED,1.0683604659312804,0,32,0,0,220,FULL_MOTION_CERTIFICATE,0,0,0,226,0,0,0,0,0,,59.766666666,1.99388290632,0.016481230557,-0.155432702292,0.971247509024,0.0772224023758,-0.225199859648,0.996941453158,0.00824061527852,-0.0777163511458,1.9844952282,0.0412202115086,-0.209058354216,1.9865703462964632,0.0355830309144269,-0.19710722562689334
59.71666666666667,41.112391521289574,11.01085699339516,4.583794094539837,1.9914346953773976,0.019050244713349693,-0.1666177842445448,1.993884354134255,0.01648120325295058,-0.1554141315259294,DEPTH_PROPOSAL_CERTIFIED,1.0531272773238984,0,32,0,0,220,FULL_MOTION_CERTIFICATE,0,0,0,226,0,0,0,0,0,,59.783333333,1.99388346214,0.0164823069738,-0.155425457904,0.971247509024,0.0772224023758,-0.225199859648,0.99694173107,0.00824115348688,-0.0777127289522,1.98215914284,0.0475515347528,-0.222502578254,1.9844952511726976,0.04121910572183109,-0.20905835421643618
59.733333333333334,41.14557038810282,11.011210479232444,4.580946569860497,1.9907320087949651,0.02120915023699529,-0.1708514807604274,1.993885666623537,0.016477454608779564,-0.155397689567219,DEPTH_PROPOSAL_CERTIFIED,1.037937012050942,0,32,0,0,220,FULL_MOTION_CERTIFICATE,0,0,0,226,0,0,0,0,0,,59.8,1.99388435413,0.016481203253,-0.155414131526,0.971247509024,0.0772224023758,-0.225199859648,0.996942177067,0.00824060162648,-0.077707065763,1.97956154295,0.0545736834113,-0.237440839909,1.9821592324892892,0.04754779762547322,-0.22250257825419814
59.75,41.178735151031574,11.01160608333404,4.578014967707484,1.9898857757254842,0.02373624609580669,-0.17589612918078906,1.9938874915870999,0.016470551678314394,-0.15537500384526212,DEPTH_PROPOSAL_CERTIFIED,1.0227829519931801,0,32,0,0,220,FULL_MOTION_CERTIFICATE,0,0,0,226,0,0,0,0,0,,59.816666666,1.99388566662,0.0164774546088,-0.155397689567,0.971247509024,0.0772224023758,-0.225199859648,0.996942833312,0.00823872730439,-0.0776988447836,1.976753473,0.0621396771496,-0.253574087702,1.9795617322778156,0.0545668155733077,-0.23744083990920528
59.766666666666666,41.21188333318817,11.012050163313086,4.574985287324015,1.9888909293958268,0.026644798742689428,-0.18178082300817358,1.993889928130612,0.016459943629211795,-0.15534485751072113,DEPTH_PROPOSAL_CERTIFIED,1.0087686671562757,0,32,0,0,220,FULL_MOTION_CERTIFICATE,0,0,0,227,0,0,0,0,0,,59.833333333,1.99388749159,0.0164705516783,-0.155375003845,0.971247509024,0.0772224023758,-0.225199859648,0.996943745794,0.00823527583916,-0.0776875019226,1.97415813545,0.0691324899866,-0.268485120697,1.9767538041740067,0.062129141034660974,-0.25357408770226914
59.78333333333333,41.24501291398494,11.012547870725532,4.5718461318172015,1.9877748478059754,0.02986244474676375,-0.18834933040884072,1.9938930792456362,0.016445057048578533,-0.15530598389960423,DEPTH_PROPOSAL_CERTIFIED,0.9967071177500357,0,32,0,0,220,FULL_MOTION_CERTIFICATE,0,0,0,227,0,0,0,0,0,,59.85,1.99388992813,0.0164599436292,-0.155344857511,0.971247509024,0.0772224023758,-0.225199859648,0.996944964065,0.00822997181461,-0.0776724287554,1.97175941439,0.0755955442647,-0.282266529957,1.9741586524097856,0.06911772599647288,-0.26848512069698477
59.8,41.278122274216216,11.013103297393817,4.568588393987725,1.986561613877,0.03332560009710412,-0.19546426976857867,1.9938970295123073,0.016425421043891754,-0.15525733878154802,DEPTH_PROPOSAL_CERTIFIED,0.9845785704651571,0,32,0,0,220,FULL_MOTION_CERTIFICATE,0,0,0,227,0,0,0,0,0,,59.866666666,1.99389307925,0.0164450570486,-0.1553059839,0.971247509024,0.0772224023758,-0.225199859648,0.996946539623,0.00822252852429,-0.0776529919498,1.96954241475,0.0815689728505,-0.295003892277,1.9717601599434982,0.07557609537125923,-0.28226652995738705
59.81666666666667,41.311210146840736,11.013719606476066,4.565204974816697,1.9852723574703008,0.03697854493487173,-0.20300515026161153,1.99390184720049,0.016400655133324483,-0.1551980742202428,DEPTH_PROPOSAL_CERTIFIED,0.9723767816110518,0,32,0,0,220,FULL_MOTION_CERTIFICATE,0,0,0,227,0,0,0,0,0,,59.883333333,1.99389702951,0.0164254210439,-0.155257338782,0.971247509024,0.0772224023758,-0.225199859648,0.996948514756,0.00821271052195,-0.0776286693908,1.96749336951,0.0870898693171,-0.30677630365,1.9695434293085772,0.08154447195561873,-0.2950038922765756
59.833333333333336,41.344275572915635,11.014399149754118,4.5616905314621,1.9839255644942402,0.04077259668309993,-0.21086660127587228,1.9939075861617457,0.016370458371928003,-0.15512751509430447,DEPTH_PROPOSAL_CERTIFIED,0.9600965933597057,0,32,0,0,220,FULL_MOTION_CERTIFICATE,0,0,0,227,0,0,0,0,0,,59.9,1.9939018472,0.0164006551333,-0.15519807422,0.971247509024,0.0772224023758,-0.225199859648,0.9969509236,0.00820032756666,-0.0775990371101,1.96559955496,0.092192516043,-0.317656865659,1.9674946901862993,0.08706002801148688,-0.30677630364985925
59.85,41.37731786218572,11.015143572473997,4.5580412519151,1.9825373562051216,0.044665363192743196,-0.21895677282003642,1.9939142875335112,0.0163345995964366,-0.15504513802681527,DEPTH_PROPOSAL_CERTIFIED,0.9477337622208488,0,32,0,0,220,FULL_MOTION_CERTIFICATE,0,0,0,227,0,0,0,0,0,,59.916666666,1.99390758616,0.0163704583719,-0.155127515094,0.971247509024,0.0772224023758,-0.225199859648,0.996953793081,0.00818522918596,-0.0775637575472,1.96384921133,0.0969085983323,-0.327713142047,1.9656012150778752,0.09215711461039393,-0.31765686565884504
59.86666666666667,41.41033655787485,11.01595390695356,4.554254653720085,1.9811217413476951,0.04862006877382784,-0.22719589170088833,1.9939219812741074,0.016292908682467622,-0.15495055249531287,DEPTH_PROPOSAL_CERTIFIED,0.9352848056656038,0,32,0,0,220,FULL_MOTION_CERTIFICATE,0,0,0,227,0,0,0,0,0,,59.933333333,1.99391428753,0.0163345995964,-0.155045138027,0.971247509024,0.0772224023758,-0.225199859648,0.996957143767,0.00816729979822,-0.0775225690134,1.96223146938,0.101267401936,-0.337007579904,1.9638512400870909,0.09686747686306345,-0.32771314204728774
59.88333333333333,41.44333140526909,11.016830656058954,4.550329404403603,1.9796908436547733,0.052604946323553024,-0.23551495898896704,1.993930687545009,0.016245268717183427,-0.15484348391390004,DEPTH_PROPOSAL_CERTIFIED,0.922746865462559,0,32,0,0,220,FULL_MOTION_CERTIFICATE,0,0,0,227,0,0,0,0,0,,59.95,1.99392198127,0.0162929086825,-0.154950552495,0.971247509024,0.0772224023758,-0.225199859648,0.996960990637,0.00814645434123,-0.0774752762477,1.96073628364,0.105295993139,-0.345597893666,1.9622338918011264,0.10122045243020325,-0.3370075799035337
59.9,41.47630232372008,11.017773867545872,4.54626516148273,1.9782551070591583,0.05659268921506644,-0.2438545752523538,1.9939404179549096,0.016191608999373715,-0.15472375849820932,DEPTH_PROPOSAL_CERTIFIED,0.9101175864184259,0,32,0,0,220,FULL_MOTION_CERTIFICATE,0,0,0,227,0,0,0,0,0,,59.966666666,1.99393068755,0.0162452687172,-0.154843483914,0.971247509024,0.0772224023758,-0.225199859648,0.996965343773,0.00812263435859,-0.077421741957,1.95935436964,0.109019387809,-0.353537425593,1.9607391205926525,0.10524315249153304,-0.34559789366567856
59.916666666666664,41.50924938173031,11.018783200172143,4.542062430114458,1.9768234806136853,0.06055995757632013,-0.25216388209632795,1.9939511766784752,0.016131898787254875,-0.15459128974182756,DEPTH_PROPOSAL_CERTIFIED,0.8973950092988277,0,32,0,0,220,FULL_MOTION_CERTIFICATE,0,0,0,227,0,0,0,0,0,,59.983333333,1.99394041795,0.0161916089994,-0.154723758498,0.971247509024,0.0772224023758,-0.225199859648,0.996970208977,0.00809580449969,-0.0773618792491,1.95807714601,0.112460707343,-0.360875478293,1.959357637978914,0.1089606315836181,-0.3535374255928188
59.93333333333333,41.54217277481402,11.0198579824028,4.537722436629776,1.9754035850227736,0.0644869338393796,-0.2603996090809126,1.9939629614613896,0.01606614172128986,-0.15444606634782426,DEPTH_PROPOSAL_CERTIFIED,0.8845774767762982,0,32,0,0,220,FULL_MOTION_CERTIFICATE,0,0,0,227,0,0,0,0,0,,60,1.99395117668,0.0161318987873,-0.154591289742,0.949473263276,0.14180615402,-0.279984887103,0.996975588339,0.00806594939363,-0.0772956448709,1.95637923074,0.11715327758,-0.369230963168,1.9580808588136498,0.11239604424870814,-0.3608754782928514
59.95,41.57507215257834,11.020999173508944,4.533245029819226,1.9739626658588236,0.06847146636864442,-0.26864440863293204,1.9939757645221226,0.01599437085605953,-0.15428814147346392,DEPTH_PROPOSAL_CERTIFIED,0.8716612895305627,0,32,0,0,220,FULL_MOTION_CERTIFICATE,0,0,0,227,0,0,0,0,0,,60.016666666,1.99396296146,0.0160661417213,-0.154446066348,0.949473263276,0.14180615402,-0.279984887103,0.996981480731,0.00803307086064,-0.0772230331739,1.95425359907,0.123122358295,-0.378568972957,1.95638345205864,0.11708276322565563,-0.369230963167529
59.96666666666667,41.607946651236745,11.02220927174092,4.528628829366854,1.9724699195042057,0.0726058939185265,-0.2769720271423685,1.993989588626102,0.015916474149087173,-0.15411744320929188,DEPTH_PROPOSAL_CERTIFIED,0.8593549407433354,0,32,0,0,220,FULL_MOTION_CERTIFICATE,0,0,0,227,0,0,0,0,0,,60.033333333,1.99397576452,0.0159943708561,-0.154288141473,0.949473263276,0.14180615402,-0.279984887103,0.996987882261,0.00799718542803,-0.0771440707367,1.95169090925,0.130401841609,-0.38883950905,1.9542584139778667,0.123045910027091,-0.37856897295749997
59.983333333333334,41.64079492073678,11.023492240367423,4.5238713820938905,1.970896170002078,0.07697811759020726,-0.2854468363778065,1.9940044459843522,0.01583220158873822,-0.15393378702380636,DEPTH_PROPOSAL_CERTIFIED,0.8492875237983146,0,32,0,0,220,FULL_MOTION_CERTIFICATE,0,0,0,227,0,0,0,0,0,,60.05,1.99398958863,0.0159164741491,-0.154117443209,0.949473263276,0.14180615402,-0.279984887103,0.996994794313,0.00795823707454,-0.0770587216046,1.94867713332,0.139043421779,-0.399957978795,1.9516964260761196,0.1303192463847158,-0.3888395090501562
60.0,41.67361514392026,11.02485346180374,4.518969350045148,1.9692133910088674,0.08167328617907389,-0.29412192292456524,1.9940203570950539,0.015741170790504494,-0.15373688897807963,DEPTH_PROPOSAL_CERTIFIED,0.8392865483155605,0,32,0,0,221,FULL_MOTION_CERTIFICATE,0,0,0,227,0,0,0,0,0,,60.066666666,1.99400444598,0.0158322015887,-0.153933787024,0.949473263276,0.14180615402,-0.279984887103,0.997002222992,0.00791610079437,-0.0769668935119,1.94518563983,0.149149545554,-0.411712587477,1.9486834872916978,0.13895434296325035,-0.39995797879502837
60.016666666666666,41.70640503832684,11.026299759303042,4.513918844935102,1.9673936643949697,0.08677784995809304,-0.3030303066027756,1.9940373493730352,0.015642870130030326,-0.1535263818353519,DEPTH_PROPOSAL_CERTIFIED,0.8293527146157096,0,32,0,0,221,FULL_MOTION_CERTIFICATE,0,0,0,228,0,0,0,0,0,,60.083333333,1.9940203571,0.0157411707905,-0.153736888978,0.949473263276,0.14180615402,-0.279984887103,0.997010178548,0.00787058539525,-0.076868444489,1.94168267663,0.159336118674,-0.422944192757,1.9451929997054151,0.14905352806213043,-0.4117125874769483
60.03333333333333,41.739162480091274,11.027837540024427,4.508716933403144,1.9654465058658794,0.09226684328312507,-0.3121146919174725,1.9940554548168306,0.015536655844884409,-0.1533018442172192,DEPTH_PROPOSAL_CERTIFIED,0.8194875585054582,0,32,0,0,221,FULL_MOTION_CERTIFICATE,0,0,0,228,0,0,0,0,0,,60.1,1.99403734937,0.01564287013,-0.153526381835,0.949473263276,0.14180615402,-0.279984887103,0.997018674687,0.00782143506502,-0.0767631909177,1.93844508944,0.168750981693,-0.433324918832,1.941691171810977,0.1592325618485199,-0.4229441927567818
60.05,41.771885841429324,11.029471750621973,4.503361978655385,1.9634016802831469,0.09805263585278727,-0.3212972848655219,1.9940746980311428,0.015421917754938806,-0.15306293844287244,DEPTH_PROPOSAL_CERTIFIED,0.8096943679596511,0,32,0,0,221,FULL_MOTION_CERTIFICATE,0,0,0,228,0,0,0,0,0,,60.116666666,1.99405545482,0.0155366558449,-0.153301844217,0.949473263276,0.14180615402,-0.279984887103,0.997027727408,0.00776832792244,-0.0766509221086,1.93545277419,0.177452596977,-0.442919225673,1.9384548081738076,0.16863930520267054,-0.4333249188317316
60.06666666666667,41.80457392766062,11.031206061862909,4.497853460851049,1.9612851738770953,0.10405867445616954,-0.3305110682600504,1.9940950929556251,0.01529817342439374,-0.1528094438841186,DEPTH_PROPOSAL_CERTIFIED,0.7999778969758462,0,32,0,0,222,FULL_MOTION_CERTIFICATE,0,0,0,228,0,0,0,0,0,,60.133333333,1.99407469803,0.0154219177549,-0.153062938443,0.949473263276,0.14180615402,-0.279984887103,0.997037349016,0.00771095887747,-0.0765314692214,1.93268714931,0.185494999491,-0.451786691649,1.9354637957232772,0.17733234541740392,-0.44291922567325287
60.083333333333336,41.83722592092326,11.033043033649076,4.4921918172596085,1.9591195957585446,0.1102183071699825,-0.33969861548644814,1.9941166442474383,0.015165052492807049,-0.15254124136844477,DEPTH_PROPOSAL_CERTIFIED,0.7903441157058346,0,32,0,0,222,FULL_MOTION_CERTIFICATE,0,0,0,228,0,0,0,0,0,,60.15,1.99409509296,0.0152981734244,-0.152809443884,0.949473263276,0.14180615402,-0.279984887103,0.997047546478,0.0076490867122,-0.0764047219421,1.93013104148,0.192928129075,-0.459982379885,1.932699542712222,0.1853658262785053,-0.4517866916485078
60.1,41.869841329929976,11.034984262348134,4.486378300228271,1.9569245404031292,0.11647372194348972,-0.3488110218802719,1.9941393485242167,0.015022282631348279,-0.15225829925477724,DEPTH_PROPOSAL_CERTIFIED,0.7807999927417786,0,32,0,0,222,FULL_MOTION_CERTIFICATE,0,0,0,228,0,0,0,0,0,,60.166666666,1.99411664425,0.0151650524928,-0.152541241368,0.949473263276,0.14180615402,-0.279984887103,0.997058322124,0.0075825262464,-0.0762706206842,1.92776857832,0.199798142359,-0.467557182182,1.9301448650670607,0.19278978218028245,-0.45998237988492907
60.11666666666667,41.90241994517304,11.037030512170583,4.48041485117635,1.9547169145836423,0.12277498934693022,-0.3578069431152499,1.9941631954805807,0.014869676969170489,-0.15196066101959307,DEPTH_PROPOSAL_CERTIFIED,0.7713533058402668,0,32,0,0,222,FULL_MOTION_CERTIFICATE,0,0,0,228,0,0,0,0,0,,60.183333333,1.99413934852,0.0150222826313,-0.152258299255,0.949473263276,0.14180615402,-0.279984887103,0.997069674262,0.00751114131567,-0.0761291496274,1.9255850895,0.206147700492,-0.474558136263,1.927783879585901,0.1996504516689091,-0.46755718218198833
60.13333333333333,41.93496179904077,11.03918183216636,4.474303989001768,1.9525112320642972,0.12907919974659726,-0.3666517304749419,1.9941881688899306,0.01470712284843529,-0.15164843420539212,DEPTH_PROPOSAL_CERTIFIED,0.76201247775632,0,32,0,0,222,FULL_MOTION_CERTIFICATE,0,0,0,228,0,0,0,0,0,,60.2,1.99416319548,0.0148696769692,-0.15196066102,0.949473263276,0.14180615402,-0.279984887103,0.99708159774,0.00743483848459,-0.0759803305098,1.92356701651,0.212016231484,-0.481028715025,1.925601905328285,0.20599056662254003,-0.47455813626319066
60.15,41.96746713035999,11.041437660263304,4.468048711442654,1.9503198791534597,0.13534968581665818,-0.3753166535468854,1.994214247502019,0.014534571779579902,-0.15132178059730886,DEPTH_PROPOSAL_CERTIFIED,0.7527864342196764,0,32,0,0,222,FULL_MOTION_CERTIFICATE,0,0,0,228,0,0,0,0,0,,60.216666666,1.99418816889,0.0147071228484,-0.151648434205,0.949473263276,0.14180615402,-0.279984887103,0.997094084445,0.00735356142422,-0.0758242171027,1.92170182795,0.217440176461,-0.487009098057,1.9235853736412398,0.21184961587140594,-0.4810287150246035
60.166666666666664,41.99993635292225,11.043796915641538,4.461652408069765,1.948153353735623,0.1415553226940399,-0.3837782023733843,1.9942414058457356,0.014352030480636404,-0.15098090750656928,DEPTH_PROPOSAL_CERTIFIED,0.7436844814052961,0,32,0,0,222,FULL_MOTION_CERTIFICATE,0,0,0,228,0,0,0,0,0,,60.233333333,1.9942142475,0.0145345717796,-0.151321780597,0.949473263276,0.14180615402,-0.279984887103,0.997107123751,0.00726728588979,-0.0756608902987,1.91997794145,0.222453216832,-0.492536422118,1.9217217436380152,0.21726409259810137,-0.4870090980566763
60.18333333333333,42.03237002759366,11.046258080615514,4.455118783712349,1.9460204802846017,0.1476698984385573,-0.392017461444938,1.99426961494567,0.014159552894668654,-0.15062606005028542,DEPTH_PROPOSAL_CERTIFIED,0.7356628155302882,0,32,0,0,222,FULL_MOTION_CERTIFICATE,0,0,0,228,0,0,0,0,0,,60.25,1.99424140585,0.0143520304806,-0.150980907507,0.949473263276,0.14180615402,-0.279984887103,0.997120702923,0.00717601524032,-0.0754904537533,1.91838465241,0.22708648141,-0.497645009499,1.9199994241821405,0.22226772252167437,-0.49253642211789933
60.2,42.064768837646945,11.048819273081257,4.448451791238701,1.9439286031964578,0.15367154794456575,-0.4000195484187671,1.9942988429602577,0.013957233089236253,-0.15025751432746642,DEPTH_PROPOSAL_CERTIFIED,0.7275082646552686,0,32,0,0,222,FULL_MOTION_CERTIFICATE,0,0,0,228,0,0,0,0,0,,60.266666666,1.99426961495,0.0141595528947,-0.15062606005,0.949473263276,0.14180615402,-0.279984887103,0.997134807473,0.00707977644733,-0.0753130300251,1.91691206718,0.231368740832,-0.502366582394,1.918407702721112,0.22689167191783963,-0.49764500949944285
60.21666666666667,42.097133566987154,11.051478310490058,4.4416555727120555,1.9418837604126884,0.15954224452809723,-0.40777311159873736,1.994329055748588,0.01374519895102382,-0.14987557140088426,DEPTH_PROPOSAL_CERTIFIED,0.7192198252444557,0,32,0,0,222,FULL_MOTION_CERTIFICATE,0,0,0,228,0,0,0,0,0,,60.283333333,1.99429884296,0.0139572330892,-0.150257514327,0.949473263276,0.14180615402,-0.279984887103,0.99714942148,0.00697861654462,-0.0751287571637,1.91555104135,0.235326586912,-0.506730460649,1.9169366784506994,0.2311647428471856,-0.5023665823943803
60.233333333333334,42.12946508097411,11.05423276621792,4.434734408037619,1.9398908392175056,0.16526734367170354,-0.41526988046619434,1.9943602173723884,0.01352360659649132,-0.14948055200253743,DEPTH_PROPOSAL_CERTIFIED,0.710798894836546,0,32,0,0,222,FULL_MOTION_CERTIFICATE,0,0,0,228,0,0,0,0,0,,60.3,1.99432905575,0.013745198951,-0.149875571401,0.949473263276,0.14180615402,-0.279984887103,0.997164527874,0.00687259947551,-0.0749377857004,1.91429312353,0.238984596161,-0.51076374206,1.9155772006362748,0.23511355322370492,-0.506730460649175
60.25,42.16176430957361,11.057080019114093,4.427692670305616,1.9379537159706592,0.17083517377034418,-0.4225042639202605,1.9943922905391613,0.01329263542682233,-0.14907279188828096,DEPTH_PROPOSAL_CERTIFIED,0.7022470978774855,0,32,0,0,222,FULL_MOTION_CERTIFICATE,0,0,0,228,0,0,0,0,0,,60.316666666,1.99436021737,0.0135236065965,-0.149480552003,0.949473263276,0.14180615402,-0.279984887103,0.997180108686,0.00676180329825,-0.0747402760013,1.9131305026,0.24236548329,-0.514491471619,1.9143208123591327,0.23876270097376429,-0.5107637420598734
60.266666666666666,42.194032232594495,11.060017296939979,4.4205347871093466,1.936075381252877,0.1762366695532197,-0.4294729917762081,1.9944252369919258,0.013052483762422963,-0.14865263777455434,DEPTH_PROPOSAL_CERTIFIED,0.6935662443903408,0,32,0,0,222,FULL_MOTION_CERTIFICATE,0,0,0,229,0,0,0,0,0,,60.333333333,1.99439229054,0.0132926354268,-0.149072791888,0.949473263276,0.14180615402,-0.279984887103,0.99719614527,0.00664631771341,-0.0745363959441,1.91205595893,0.245490242803,-0.517936797641,1.9131596976959329,0.2421349181043053,-0.5144914716187743
60.28333333333333,42.226269866791796,11.063041714340685,4.4132652071885,1.9342580518383459,0.18146504404235184,-0.4361747952508305,1.9944590178506,0.012803364998020417,-0.14822044379621663,DEPTH_PROPOSAL_CERTIFIED,0.6847582934559568,0,32,0,0,223,FULL_MOTION_CERTIFICATE,0,0,0,229,0,0,0,0,0,,60.35,1.99442523699,0.0130524837624,-0.148652637775,0.941484571079,0.198939460694,-0.272084349787,0.997212618496,0.00652624188121,-0.0743263188873,1.91076310896,0.250243079044,-0.521100190117,1.9120866329810646,0.2452512128097677,-0.5179367976412287
60.3,42.25847787652026,11.066152660522558,4.405888398233731,1.9324805837080876,0.18665677091239777,-0.44260853728617783,1.9944935939096622,0.012545504225008245,-0.14777656843038636,DEPTH_PROPOSAL_CERTIFIED,0.6758230606138864,0,32,0,0,223,FULL_MOTION_CERTIFICATE,0,0,0,229,0,0,0,0,0,,60.366666666,1.99445901785,0.012803364998,-0.148220443796,0.941484571079,0.198939460694,-0.272084349787,0.997229508925,0.00640168249901,-0.0741102218981,1.90926612064,0.256611357321,-0.523907982992,1.9107954725189342,0.24999583872696202,-0.5211001901174197
60.31666666666667,42.29065661837669,11.069351610734946,4.398408938463673,1.9307245113848301,0.1919370127432123,-0.4487675862033221,1.9945289272303395,0.012278919061157629,-0.14732137179676602,DEPTH_PROPOSAL_CERTIFIED,0.6665395556418592,0,32,0,0,224,FULL_MOTION_CERTIFICATE,0,0,0,229,0,0,0,0,0,,60.383333333,1.99449359391,0.012545504225,-0.14777656843,0.941484571079,0.198939460694,-0.272084349787,0.997246796955,0.0062727521125,-0.0738882842152,1.9075874958,0.264569229435,-0.526248893981,1.9093004290410982,0.2563559630791238,-0.5239079829924517
60.333333333333336,42.322806192980345,11.072641935367955,4.390831648759555,1.9289744762197716,0.197419477980524,-0.4546373822471043,1.9945649802946537,0.012003435450772867,-0.14685522435230844,DEPTH_PROPOSAL_CERTIFIED,0.6564333968108413,0,32,0,0,224,FULL_MOTION_CERTIFICATE,0,0,0,229,0,0,0,0,0,,60.4,1.99452892723,0.0122789190612,-0.147321371797,0.941484571079,0.198939460694,-0.272084349787,0.997264463615,0.00613945953058,-0.0736606858984,1.90577743734,0.274036983517,-0.527896436633,1.907624047206057,0.26430555387573107,-0.5262488939812517
60.35,42.354926527798334,11.07602865551774,4.383161860249394,1.9272200890794617,0.20320320898718736,-0.46018731060966916,1.9946017148874848,0.011718703831377205,-0.14637851942282154,DEPTH_PROPOSAL_CERTIFIED,0.646401596270775,0,32,0,0,224,FULL_MOTION_CERTIFICATE,0,0,0,229,0,0,0,0,0,,60.416666666,1.99456498029,0.0120034354508,-0.146855224352,0.941484571079,0.198939460694,-0.272084349787,0.997282490147,0.00600171772539,-0.0734276121762,1.90404953626,0.283418948132,-0.529129183776,1.9058165659676802,0.2737647272684844,-0.5278964366329647
60.36666666666667,42.38701765971158,11.079516302974191,4.375405023919578,1.9254679147948965,0.20925884738708234,-0.4654101797889437,1.9946390900377797,0.011424220392064137,-0.1458916984673633,DEPTH_PROPOSAL_CERTIFIED,0.6364461880292225,0,32,0,0,224,FULL_MOTION_CERTIFICATE,0,0,0,229,0,0,0,0,0,,60.433333333,1.99460171489,0.0117187038314,-0.146378519423,0.941484571079,0.198939460694,-0.272084349787,0.997300857444,0.00585935191569,-0.0731892597114,1.90245253667,0.292090158401,-0.530268541056,1.9040913885231991,0.2831376358658057,-0.5291291837760971
60.38333333333333,42.419079788150455,11.083108168234183,4.367566295719476,1.9237277063323586,0.21551191559956606,-0.4703236920061629,1.9946770633222641,0.01111952358900788,-0.1453952174289849,DEPTH_PROPOSAL_CERTIFIED,0.6294640458832474,0,32,0,0,224,FULL_MOTION_CERTIFICATE,0,0,0,229,0,0,0,0,0,,60.45,1.99463909004,0.0114242203921,-0.145891698467,0.941484571079,0.198939460694,-0.272084349787,0.997319545019,0.00571211019603,-0.0729458492337,1.90097652191,0.300104458787,-0.531321583389,1.9024971630893937,0.2917993477918721,-0.5302685410562407
60.4,42.45111325024262,11.086806462660157,4.359650549979748,1.9220077255300299,0.22189766555839954,-0.4749447443836649,1.9947155932756142,0.010804264010104514,-0.14488950901398803,DEPTH_PROPOSAL_CERTIFIED,0.624558688109174,0,32,0,0,224,FULL_MOTION_CERTIFICATE,0,0,0,229,0,0,0,0,0,,60.466666666,1.99467706332,0.011119523589,-0.145395217429,0.941484571079,0.198939460694,-0.272084349787,0.997338531661,0.0055597617945,-0.0726976087145,1.89961232653,0.307511614748,-0.532294849728,1.9010239597416196,0.29980381505617265,-0.5313215833891926
60.416666666666664,42.48311849879228,11.090612463186124,4.351662392490849,1.9203149129798573,0.22836003155805756,-0.4792894493339808,1.9947546394603692,0.010478190190874898,-0.14437498357283113,DEPTH_PROPOSAL_CERTIFIED,0.6197738724172694,0,32,0,0,224,FULL_MOTION_CERTIFICATE,0,0,0,229,0,0,0,0,0,,60.483333333,1.99471559328,0.0108042640101,-0.144889509014,0.941484571079,0.198939460694,-0.272084349787,0.997357796638,0.00540213200505,-0.072444754507,1.8983514792,0.314357622964,-0.533194383825,1.8996625998677514,0.30720089675389034,-0.5322948497278384
60.43333333333333,42.51509608280461,11.09452664128693,4.343606173215976,1.9186550407400753,0.2348506860483055,-0.4833731564923929,1.9947941625223966,0.010141135920499167,-0.14385202997806854,DEPTH_PROPOSAL_CERTIFIED,0.6151158340430114,0,32,0,0,224,FULL_MOTION_CERTIFICATE,0,0,0,229,0,0,0,0,0,,60.5,1.99475463946,0.0104781901909,-0.144374983573,0.941484571079,0.198939460694,-0.272084349787,0.99737731973,0.00523909509544,-0.0721874917864,1.89718615061,0.320684994183,-0.534025771398,1.898404599414733,0.3140366708293351,-0.5331943838250233
60.45,42.54704663029716,11.098548777761783,4.335485998619249,1.9170328495523614,0.24132818849112642,-0.4872104758034502,1.9948341242338021,0.00979300889449125,-0.14332101649496892,DEPTH_PROPOSAL_CERTIFIED,0.6105913009125623,0,32,0,0,224,FULL_MOTION_CERTIFICATE,0,0,0,229,0,0,0,0,0,,60.516666666,1.99479416252,0.0101411359205,-0.143852029978,0.941484571079,0.198939460694,-0.272084349787,0.997397081261,0.00507056796025,-0.071926014989,1.89610910456,0.326533018737,-0.534794175017,1.897242117062259,0.3203537182935101,-0.5340257713983313
60.46666666666667,42.57897083316337,11.102678064743545,4.327305743594225,1.9154521719725837,0.24775721890568772,-0.49081530150146185,1.9948744875248638,0.009433780584124581,-0.14278229164116285,DEPTH_PROPOSAL_CERTIFIED,0.6062073967344199,0,32,0,0,224,FULL_MOTION_CERTIFICATE,0,0,0,229,0,0,0,0,0,,60.533333333,1.99483412423,0.00979300889449,-0.143321016495,0.941484571079,0.198939460694,-0.272084349787,0.997417062117,0.00489650444725,-0.0716605082475,1.89511365285,0.331938011471,-0.535504366286,1.8961679054992926,0.32619138996334035,-0.5347941750172066
60.483333333333334,42.610869433876104,11.106913196212155,4.3190690629823525,1.9139160427641573,0.25410788811657903,-0.4942008367123852,1.994915216506322,0.009063477204144776,-0.1422361850321671,DEPTH_PROPOSAL_CERTIFIED,0.6019715556580276,0,32,0,0,224,FULL_MOTION_CERTIFICATE,0,0,0,229,0,0,0,0,0,,60.55,1.99487448752,0.00943378058412,-0.142782291641,0.941484571079,0.198939460694,-0.272084349787,0.997437243762,0.00471689029206,-0.0713911458206,1.89419361414,0.336933535049,-0.536160755184,1.895175266421355,0.3315860524894579,-0.5355043662856526
60.5,42.64274321383971,11.111252448166285,4.31077940267544,1.9124267978165361,0.2603551172478113,-0.4973796184147953,1.9949562764831699,0.008682171671271029,-0.14168300821014768,DEPTH_PROPOSAL_CERTIFIED,0.5978914473577202,0,32,0,0,224,FULL_MOTION_CERTIFICATE,0,0,0,229,0,0,0,0,0,,60.566666666,1.99491521651,0.00906347720414,-0.142236185032,0.941484571079,0.198939460694,-0.272084349787,0.997457608253,0.00453173860207,-0.0711180925161,1.89334327539,0.341550609587,-0.536767417614,1.8942580094555557,0.3365713126488495,-0.5361607551842008
60.516666666666666,42.67459298321714,11.115693749502487,4.302440010298832,1.910986162646073,0.2664780801721529,-0.5003635425965263,1.994997633960937,0.008289976456284251,-0.14112305545380352,DEPTH_PROPOSAL_CERTIFIED,0.5939749114968262,0,32,0,0,224,FULL_MOTION_CERTIFICATE,0,0,0,230,0,0,0,0,0,,60.583333333,1.99495627648,0.00868217167127,-0.14168300821,0.941484571079,0.198939460694,-0.272084349787,0.997478138242,0.00434108583564,-0.0708415041051,1.89255735619,0.345817906021,-0.537328120804,1.8934104135664196,0.3411782278491253,-0.5367674176136465
60.53333333333333,42.706419572075355,11.12023474455096,4.294053945474992,1.9095953314929395,0.27245970290838306,-0.5031638894303965,1.9950392566453394,0.007887037241106143,-0.1405566045675872,DEPTH_PROPOSAL_CERTIFIED,0.5902299006200897,0,32,0,0,224,FULL_MOTION_CERTIFICATE,0,0,0,230,0,0,0,0,0,,60.6,1.99499763396,0.00828997645628,-0.141123055454,0.941484571079,0.198939460694,-0.272084349787,0.99749881698,0.00414498822814,-0.0705615277269,1.89183097632,0.349761922415,-0.537846346478,1.8926271914247113,0.3454355002903954,-0.5373281208036148
60.55,42.73822382270807,11.124872848123507,4.285624089670032,1.9082550379630197,0.27828621435284756,-0.5057913482976649,1.9950811134360849,0.007473527300560897,-0.13998391764885262,DEPTH_PROPOSAL_CERTIFIED,0.5866644306108248,0,32,0,0,224,FULL_MOTION_CERTIFICATE,0,0,0,230,0,0,0,0,0,,60.616666666,1.99503925665,0.00788703724111,-0.140556604568,0.941484571079,0.198939460694,-0.272084349787,0.997519628323,0.00394351862055,-0.0702783022838,1.89115962528,0.353407149464,-0.538325312603,1.8919034568979975,0.34936965397531855,-0.5378463464783421
60.56666666666667,42.77000658300817,11.129605293850712,4.277153155627309,1.9069656180049737,0.2839467436322054,-0.5082560425632013,1.995123174415531,0.007049642536295167,-0.13940524183187866,DEPTH_PROPOSAL_CERTIFIED,0.5832865379235959,0,32,0,0,224,FULL_MOTION_CERTIFICATE,0,0,0,230,0,0,0,0,0,,60.633333333,1.99508111344,0.00747352730056,-0.139983917649,0.941484571079,0.198939460694,-0.272084349787,0.997540556718,0.00373676365028,-0.0699919588244,1.89053913412,0.356776223162,-0.538767993443,1.8912346945168186,0.3530052008403432,-0.5383253126027334
60.583333333333336,42.801768700774524,11.134429176510187,4.268643696394085,1.905727065981412,0.28943295956846415,-0.510567553993465,1.9951654108328436,0.0066155970968124825,-0.1388208100079471,DEPTH_PROPOSAL_CERTIFIED,0.5803082264938042,0,32,0,0,224,FULL_MOTION_CERTIFICATE,0,0,0,230,0,0,0,0,0,,60.65,1.99512317442,0.0070496425363,-0.139405241832,0.941484571079,0.198939460694,-0.272084349787,0.997561587208,0.00352482126815,-0.0697026209159,1.88996564987,0.359890063999,-0.539177137855,1.8906167312939604,0.356364793990825,-0.5387679934426832
60.6,42.833511018850274,11.139341488977529,4.2600981139489145,1.9045390845449055,0.2947387480405646,-0.5127349467102246,1.99520779508423,0.006171619523830087,-0.1382308415209083,DEPTH_PROPOSAL_CERTIFIED,0.5808758099745779,0,32,0,0,224,FULL_MOTION_CERTIFICATE,0,0,0,230,0,0,0,0,0,,60.666666666,1.99516541083,0.00661559709681,-0.138820810008,0.941484571079,0.198939460694,-0.272084349787,0.997582705416,0.00330779854841,-0.069410405004,1.88943561143,0.362768007626,-0.539555286455,1.890045711019526,0.35946936740019386,-0.5391771378546933
60.61666666666667,42.86523437099872,11.144339154372881,4.251518667438411,1.903401128907022,0.2998599237212139,-0.5147667906302533,1.9952503006897917,0.005717949371044227,-0.13763554283790938,DEPTH_PROPOSAL_CERTIFIED,0.5814240985510943,0,32,0,0,224,FULL_MOTION_CERTIFICATE,0,0,0,230,0,0,0,0,0,,60.683333333,1.99520779508,0.00617161952383,-0.138230841521,0.941484571079,0.198939460694,-0.272084349787,0.997603897542,0.00308580976192,-0.0691154207605,1.88894572738,0.365427925388,-0.539904787455,1.889518070124842,0.3623382670251393,-0.5395552864546059
60.63333333333333,42.89693957843316,11.149419053919777,4.242907481032926,1.9023124460664473,0.3047939728138152,-0.5166711843291302,1.9952929022674832,0.005254834246261904,-0.1370351081951164,DEPTH_PROPOSAL_CERTIFIED,0.581943686715924,0,32,0,0,224,FULL_MOTION_CERTIFICATE,0,0,0,230,0,0,0,0,0,,60.7,1.99525030069,0.00571794937104,-0.137635542838,0.931352750082,0.249817273563,-0.264902594822,0.997625150345,0.00285897468552,-0.068817771419,1.88813310596,0.369705233683,-0.540014150058,1.8890305154114337,0.364989371743555,-0.539904787455429
60.65,42.92862699311321,11.154580347678039,4.234266821185864,1.9012448808029376,0.30967762549570926,-0.5184395908237442,1.99533557550463,0.004782527232562198,-0.13642972021841973,DEPTH_PROPOSAL_CERTIFIED,0.5824224505050759,0,32,0,0,224,FULL_MOTION_CERTIFICATE,0,0,0,230,0,0,0,0,0,,60.716666666,1.99529290227,0.00525483424626,-0.137035108195,0.931352750082,0.249817273563,-0.264902594822,0.997646451134,0.00262741712313,-0.0685175540976,1.88699735412,0.375597399013,-0.539867387761,1.888220584588119,0.36925818821482065,-0.5400141500580372
60.666666666666664,42.960296532874295,11.15982429845515,4.225599106039638,1.9001723856652437,0.3146370466267136,-0.5200629087735555,1.9953782960615967,0.004301067065173384,-0.13581957306817036,DEPTH_PROPOSAL_CERTIFIED,0.5828457225165946,0,32,0,0,224,FULL_MOTION_CERTIFICATE,0,0,0,230,0,0,0,0,0,,60.733333333,1.9953355755,0.00478252723256,-0.136429720218,0.931352750082,0.249817273563,-0.264902594822,0.997667787752,0.00239126361628,-0.0682148601092,1.88553788211,0.383099842997,-0.539437805556,1.8870879449853772,0.3751419844249704,-0.5398673877612553
60.68333333333333,42.99194771364561,11.165154106494372,4.2169069276399,1.8990708462787285,0.31978848235329976,-0.5215307039843586,1.9954210392286793,0.0038102932512154254,-0.13520487368759054,DEPTH_PROPOSAL_CERTIFIED,0.5831964324785011,0,32,0,0,224,FULL_MOTION_CERTIFICATE,0,0,0,230,0,0,0,0,0,,60.75,1.99537829606,0.00430106706517,-0.135819573068,0.931352750082,0.249817273563,-0.264902594822,0.997689148031,0.00215053353259,-0.0679097865341,1.88380815617,0.39192822985,-0.538708061912,1.8856320657632422,0.3826359982176546,-0.5394378055561567
60.7,43.023579747391906,11.170574403458183,4.208193060656916,1.8979220247770419,0.32521781782856796,-0.5228320189788697,1.9954637795138637,0.0033098603053478737,-0.13458584425192988,DEPTH_PROPOSAL_CERTIFIED,0.5834555517361979,0,32,0,0,224,FULL_MOTION_CERTIFICATE,0,0,0,230,0,0,0,0,0,,60.766666666,1.99542103923,0.00381029325122,-0.135204873688,0.931352750082,0.249817273563,-0.264902594822,0.997710519614,0.00190514662561,-0.0676024368438,1.88220947017,0.400087799014,-0.538033601919,1.88390640245647,0.39145571062681345,-0.5387080619118974
60.71666666666667,43.055192071245884,11.176088625062295,4.1994599997560815,1.896739431238541,0.3308532962467412,-0.5239836540500632,1.9955064902538093,0.0027992845381463204,-0.13396272377417992,DEPTH_PROPOSAL_CERTIFIED,0.5836045670948726,0,32,0,0,224,FULL_MOTION_CERTIFICATE,0,0,0,230,0,0,0,0,0,,60.783333333,1.99546377951,0.00330986030535,-0.134585844252,0.931352750082,0.249817273563,-0.264902594822,0.997731889757,0.00165493015267,-0.067292922126,1.88073189666,0.407629219476,-0.53741023734,1.8823117900688302,0.39960613294845887,-0.5380336019186248
60.733333333333334,43.08678431789808,11.181699165788222,4.190709986098568,1.895534799131925,0.3366324435555979,-0.5250008194508116,1.9955491458612358,0.00227819343083092,-0.1333357277221083,DEPTH_PROPOSAL_CERTIFIED,0.5836253398244704,0,32,0,0,224,FULL_MOTION_CERTIFICATE,0,0,0,230,0,0,0,0,0,,60.8,1.99550649025,0.00279928453815,-0.133962723774,0.931352750082,0.249817273563,-0.264902594822,0.997753245127,0.00139964226907,-0.0669813618871,1.87936626053,0.414599320195,-0.536834097351,1.8808382874312064,0.4071380407236537,-0.5374102373399423
60.75,43.11835628918043,11.187407517009479,4.181945031433605,1.8943182769412548,0.3425010732754708,-0.5258972798978332,1.9955917217865504,0.0017463117011730454,-0.1327050501391499,DEPTH_PROPOSAL_CERTIFIED,0.5834999882855731,0,32,0,0,224,FULL_MOTION_CERTIFICATE,0,0,0,230,0,0,0,0,0,,60.816666666,1.99554914586,0.00227819343083,-0.133335727722,0.931352750082,0.249817273563,-0.264902594822,0.997774572931,0.00113909671542,-0.0666678638611,1.87810408177,0.421041382584,-0.536301604365,1.879476706215079,0.4140983558579243,-0.5368340973514985
60.766666666666666,43.149907932529686,11.193214390159174,4.173166939995324,1.893098600955512,0.3484123889817178,-0.5266854862968381,1.9956341944795102,0.0012034488279417813,-0.1320708655799454,DEPTH_PROPOSAL_CERTIFIED,0.5832107909412343,0,32,0,0,224,FULL_MOTION_CERTIFICATE,0,0,0,231,0,0,0,0,0,,60.833333333,1.99559172179,0.00174631170117,-0.132705050139,0.931352750082,0.249817273563,-0.264902594822,0.997795860893,0.000873155850587,-0.0663525250696,1.87693752253,0.42699541032,-0.535809451725,1.8782185539294478,0.42053044059793543,-0.5363016043646986
60.78333333333333,43.18143932004599,11.199119826414545,4.164377328398676,1.891883250978466,0.35432617532228694,-0.527376695798937,1.995676541351379,0.0006494878935919168,-0.13143333087643344,DEPTH_PROPOSAL_CERTIFIED,0.5827401068942932,0,32,0,0,224,FULL_MOTION_CERTIFICATE,0,0,0,231,0,0,0,0,0,,60.85,1.99563419448,0.00120344882794,-0.13207086558,0.931352750082,0.249817273563,-0.264902594822,0.99781709724,0.000601724413971,-0.06603543279,1.875859339,0.432498375339,-0.535354583376,1.8770559812585028,0.4264743686772348,-0.535809451724544
60.8,43.21295062988933,11.205123294232017,4.155577643711653,1.8906785906002421,0.3602080690482745,-0.5279810812214459,1.995718740737845,8.437561782474083e-05,-0.1307925867490416,DEPTH_PROPOSAL_CERTIFIED,0.5859311680854822,0,32,0,0,224,FULL_MOTION_CERTIFICATE,0,0,0,231,0,0,0,0,0,,60.866666666,1.99567654135,0.000649487893592,-0.131433330876,0.931352750082,0.249817273563,-0.264902594822,0.997838270676,0.000324743946796,-0.0657166654382,1.87486283609,0.437584448756,-0.534934174777,1.8759817339859108,0.4319671725053274,-0.5353545833760558
60.81666666666667,43.244442129779664,11.211223775946092,4.146769179866096,1.8894899934194325,0.3660289028443099,-0.5285078307332193,1.9957607718628234,-0.0004918865332409327,-0.1301487592762451,DEPTH_PROPOSAL_CERTIFIED,0.5944013831448338,0,32,0,0,224,FULL_MOTION_CERTIFICATE,0,0,0,231,0,0,0,0,0,,60.883333333,1.99571874074,8.43756178247e-05,-0.130792586749,0.931352750082,0.249817273563,-0.264902594822,0.997859370369,4.21878089124e-05,-0.0653962933745,1.87394182578,0.442285213878,-0.534545615289,1.8749891078135599,0.437043075155913,-0.5349341747768516
60.833333333333336,43.2759141623887,11.217419844530742,4.137953092555194,1.8883219565423517,0.3717641150789994,-0.5289652386541392,1.9958026148031862,-0.0010792502673857866,-0.12950196123466393,DEPTH_PROPOSAL_CERTIFIED,0.6029202206832065,0,32,0,0,224,FULL_MOTION_CERTIFICATE,0,0,0,231,0,0,0,0,0,,60.9,1.99576077186,-0.000491886533241,-0.130148759276,0.931352750082,0.249817273563,-0.264902594822,0.997880385931,-0.00024594326662,-0.0650743796381,1.87309058897,0.446629860423,-0.534186492127,1.8740719066419662,0.44173370434221615,-0.5345456152893632
60.85,43.30736713243203,11.2237097315149,4.1291304127525335,1.8871782025997654,0.37739321904945106,-0.5293607881596797,1.9958442504544023,-0.001677627511433787,-0.12885229332083104,DEPTH_PROPOSAL_CERTIFIED,0.6114926597279842,0,32,0,0,224,FULL_MOTION_CERTIFICATE,0,0,0,231,0,0,0,0,0,,60.916666666,1.9958026148,-0.00107925026739,-0.129501961235,0.931352750082,0.249817273563,-0.264902594822,0.997901307402,-0.000539625133693,-0.0647509806173,1.87230383985,0.450645366831,-0.533854575286,1.8732244045002113,0.446068287488965,-0.5341864921272732
60.86666666666667,43.338801495287456,11.230091386953303,4.120302058976229,1.8860617713258725,0.38289932630422313,-0.5297012265783252,1.995885660497043,-0.002286896667412162,-0.12819984526478884,DEPTH_PROPOSAL_CERTIFIED,0.620123865289604,0,32,0,0,224,FULL_MOTION_CERTIFICATE,0,0,0,231,0,0,0,0,0,,60.933333333,1.99584425045,-0.00167762751143,-0.128852293321,0.931352750082,0.249817273563,-0.264902594822,0.997922125227,-0.000838813755717,-0.0644261466604,1.87157669289,0.454356668443,-0.53354780364,1.8724413097843768,0.45007383481244634,-0.5338545752858007
60.88333333333333,43.37021774698243,11.236562532267822,4.111468848410705,1.8849751016987593,0.3882687188711212,-0.529992633931496,1.9959268273640987,-0.0029069081582558717,-0.12754469684484432,DEPTH_PROPOSAL_CERTIFIED,0.6288191225932085,0,32,0,0,224,FULL_MOTION_CERTIFICATE,0,0,0,231,0,0,0,0,0,,60.95,1.9958856605,-0.00228689666741,-0.128199845265,0.931352750082,0.249817273563,-0.264902594822,0.997942830249,-0.00114344833371,-0.0640999226324,1.87090463282,0.457786810836,-0.533264272271,1.8717177322479763,0.45377530818728123,-0.5335478036401792
60.9,43.40161641540871,11.243120706693736,4.102631506988691,1.8839201055768207,0.3934904655548137,-0.530240485320868,1.995967734209049,-0.003537489334230694,-0.12688691881200906,DEPTH_PROPOSAL_CERTIFIED,0.6375837809276126,0,32,0,0,224,FULL_MOTION_CERTIFICATE,0,0,0,231,0,0,0,0,0,,60.966666666,1.99592682736,-0.00290690815826,-0.127544696845,0.931352750082,0.249817273563,-0.264902594822,0.997963413682,-0.00145345407913,-0.0637723484224,1.87028348643,0.460957093761,-0.533002220568,1.8710491528891688,0.4571957750958662,-0.533264272271206
60.916666666666664,43.43299805263562,11.249763307997883,4.093790678527224,1.8828982336144215,0.3985560782488636,-0.5304497076880409,1.9960083648746292,-0.004178448804322098,-0.12622657373191457,DEPTH_PROPOSAL_CERTIFIED,0.6464232059728046,0,32,0,0,224,FULL_MOTION_CERTIFICATE,0,0,0,231,0,0,0,0,0,,60.983333333,1.99596773421,-0.00353748933423,-0.126886918812,0.931352750082,0.249817273563,-0.264902594822,0.997983867105,-0.00176874466712,-0.063443459406,1.86970939655,0.463887203923,-0.53276002125,1.870431395673152,0.46035655311627605,-0.5330022205675501
60.93333333333333,43.464363228205734,11.2564876280709,4.084946933003178,1.881910534207076,0.4034592043810764,-0.530624731442762,1.9960487038622539,-0.004829580251087724,-0.12556371675135033,DEPTH_PROPOSAL_CERTIFIED,0.6553427395897247,0,32,0,0,224,FULL_MOTION_CERTIFICATE,0,0,0,231,0,0,0,0,0,,61,1.99600836487,-0.00417844880432,-0.126226573732,0.931352750082,0.249817273563,-0.264902594822,0.998004182437,-0.00208922440216,-0.063113286866,1.86917879833,0.466595336038,-0.532536170367,1.86986060143746,0.4632773431940767,-0.5327600212503603
60.95,43.49571252330855,11.263290883935285,4.076100774046144,1.8809577061680907,0.4081953518629323,-0.5307695374218451,1.9960887363020632,-0.005490665781915932,-0.12489839629596376,DEPTH_PROPOSAL_CERTIFIED,0.6643476661673957,0,32,0,0,224,FULL_MOTION_CERTIFICATE,0,0,0,231,0,0,0,0,0,,61.016666666,1.99604870386,-0.00482958025109,-0.125563716751,0.931352750082,0.249817273563,-0.264902594822,0.998024351931,-0.00241479012554,-0.0627818583757,1.86868839698,0.469098306475,-0.532329277896,1.8693332040924726,0.4659763511415516,-0.5325361703666578
60.96666666666667,43.52704652573724,11.270170244660536,4.067252645719828,1.8800401457218292,0.4127616435150736,-0.5308876995789772,1.9961284479235666,-0.006161478864411575,-0.12423065470509169,DEPTH_PROPOSAL_CERTIFIED,0.6734431847187023,0,32,0,0,224,FULL_MOTION_CERTIFICATE,0,0,0,231,0,0,0,0,0,,61.033333333,1.9960887363,-0.00549066578192,-0.124898396296,0.931352750082,0.249817273563,-0.264902594822,0.998044368151,-0.00274533289096,-0.062449198148,1.86823514721,0.471411658086,-0.532138059085,1.8688459082774385,0.46847040167120063,-0.5323292778959886
60.983333333333334,43.55836582554349,11.27712285462829,4.058402938656761,1.8791579883751133,0.4171565980652794,-0.5309824237839971,1.9961678250268815,-0.006841786889308164,-0.1235605288092027,DEPTH_PROPOSAL_CERTIFIED,0.6826343860048856,0,32,0,0,224,FULL_MOTION_CERTIFICATE,0,0,0,231,0,0,0,0,0,,61.05,1.99612844792,-0.00616147886441,-0.124230654705,0.943289658322,0.247785550571,-0.220922930977,0.998064223962,-0.00308073943221,-0.0621153273525,1.86822598355,0.473608602432,-0.530344649626,1.8683956687451788,0.47077504357779343,-0.5321380590852397
61.0,43.589671528698844,11.28414592766763,4.049554036864097,1.8783421893215468,0.42138438236038867,-0.5309341075598705,1.9962068544545533,-0.007531353400134393,-0.12288805045495675,DEPTH_PROPOSAL_CERTIFIED,0.6919264217317211,0,32,0,0,225,FULL_MOTION_CERTIFICATE,0,0,0,231,0,0,0,0,0,,61.066666666,1.99616782503,-0.00684178688931,-0.123560528809,0.943289658322,0.247785550571,-0.220922930977,0.998083912513,-0.00342089344465,-0.0617802644046,1.8686711366,0.475632489843,-0.526957055528,1.868389440868037,0.47296335076072477,-0.5303446496255259
61.016666666666666,43.620965230900964,11.291236670247667,4.040710156601777,1.8776221321273117,0.4254445548021615,-0.5306328157392854,1.9962455111675437,-0.008229947432042915,-0.12221344896818405,DEPTH_PROPOSAL_CERTIFIED,0.7015624735365606,0,32,0,0,225,FULL_MOTION_CERTIFICATE,0,0,0,232,0,0,0,0,0,,61.083333333,1.99620685445,-0.00753135340013,-0.122888050455,0.943289658322,0.247785550571,-0.220922930977,0.998103427227,-0.00376567670007,-0.0614440252275,1.86958603744,0.47739180797,-0.52199240128,1.868837434357642,0.47497865859179267,-0.5269570555281485
61.03333333333333,43.652248999911485,11.298392166476917,4.031877185953673,1.8770261406313917,0.42932977375503106,-0.529978238886279,1.99628375949176,-0.008937336098061716,-0.12153713676450566,DEPTH_PROPOSAL_CERTIFIED,0.7109716643170438,0,32,0,0,225,FULL_MOTION_CERTIFICATE,0,0,0,232,0,0,0,0,0,,61.1,1.99624551117,-0.00822994743204,-0.122213448968,0.943289658322,0.247785550571,-0.220922930977,0.998122755584,-0.00411497371602,-0.0611067244841,1.8708734071,0.478769027178,-0.515920693634,1.869755044381169,0.47672944498004316,-0.5219924012795997
61.05,43.683525216904336,11.305609239029112,4.023061964731393,1.8765730195709243,0.4330243531316408,-0.5289132733368314,1.996321554372323,-0.009653273362663372,-0.12085969494359064,DEPTH_PROPOSAL_CERTIFIED,0.7199466157821797,0,32,0,0,225,FULL_MOTION_CERTIFICATE,0,0,0,232,0,0,0,0,0,,61.116666666,1.99628375949,-0.00893733609806,-0.121537136765,0.943289658322,0.247785550571,-0.220922930977,0.998141879746,-0.00446866804903,-0.0607685683823,1.87206324868,0.480041911518,-0.510308964185,1.8710449426332214,0.4780982215262819,-0.5159206936335682
61.06666666666667,43.714795959404235,11.312884819902553,4.014270233798442,1.8762445499930696,0.43653485240631656,-0.5275038559768749,1.9963588459936032,-0.010377486291561065,-0.12018180312075727,DEPTH_PROPOSAL_CERTIFIED,0.7284865010821806,0,32,0,0,225,FULL_MOTION_CERTIFICATE,0,0,0,232,0,0,0,0,0,,61.133333333,1.99632155437,-0.00965327336266,-0.120859694944,0.943289658322,0.247785550571,-0.220922930977,0.998160777186,-0.00482663668133,-0.0604298474718,1.87316295082,0.481218365301,-0.505122365428,1.8722372211432452,0.4793629435573439,-0.510308964185412
61.083333333333336,43.746063033623635,11.320215952105933,4.005506762323258,1.8760244531640775,0.43986793220275766,-0.5258082885110401,1.9963955920197667,-0.011109711117935857,-0.11950403542526183,DEPTH_PROPOSAL_CERTIFIED,0.7365905607075678,0,32,0,0,226,FULL_MOTION_CERTIFICATE,0,0,0,232,0,0,0,0,0,,61.15,1.99635884599,-0.0103774862916,-0.120181803121,0.943289658322,0.247785550571,-0.220922930977,0.998179422997,-0.00518874314578,-0.0600909015604,1.8741793422,0.482305693796,-0.500328690826,1.8733392718503745,0.48053150571934156,-0.5051223654278545
61.1,43.77732800364307,11.32759979045983,3.9967754620572724,1.8758982011661218,0.4430303012339044,-0.5238780159591777,1.9964317567008891,-0.011849693461806894,-0.11882687238610525,DEPTH_PROPOSAL_CERTIFIED,0.7434293180238594,0,32,0,0,226,FULL_MOTION_CERTIFICATE,0,0,0,232,0,0,0,0,0,,61.166666666,1.99639559202,-0.0111097111179,-0.119504035425,0.943289658322,0.247785550571,-0.220922930977,0.99819779601,-0.00555485555897,-0.0597520177126,1.87511873416,0.483310648857,-0.495898173665,1.8743579267910635,0.4816112034138969,-0.5003286908264553
61.11666666666667,43.8085922177276,11.335033601638573,3.9880794898749916,1.8758528450718213,0.44602867072453917,-0.5217583309368858,1.996467310071301,-0.012597188466039147,-0.1181507116331241,DEPTH_PROPOSAL_CERTIFIED,0.7485718019528635,0,32,0,0,226,FULL_MOTION_CERTIFICATE,0,0,0,232,0,0,0,0,0,,61.183333333,1.9964317567,-0.0118496934618,-0.118826872386,0.943289658322,0.247785550571,-0.220922930977,0.99821587835,-0.0059248467309,-0.0594134361931,1.87598696012,0.484239471019,-0.491803301484,1.8752995007213533,0.4826087785102858,-0.49589817366492284
61.13333333333333,43.83985683204617,11.342514763563255,3.979421339699596,1.875876859114618,0.4488697154809415,-0.519489010523772,1.9965022272317139,-0.013351960860264057,-0.11747587752382006,DEPTH_PROPOSAL_CERTIFIED,0.7535207923417708,0,32,0,0,226,FULL_MOTION_CERTIFICATE,0,0,0,232,0,0,0,0,0,,61.2,1.99646731007,-0.012597188466,-0.118150711633,0.943289658322,0.247785550571,-0.220922930977,0.998233655036,-0.00629859423302,-0.0590753558166,1.87678941139,0.485097927863,-0.488018646898,1.8761698304367382,0.4835304615090519,-0.4918033014837823
61.15,43.871122832035844,11.350040764243618,3.970802924831808,1.8759599993803617,0.45156004082179446,-0.517104892067299,1.9965364877073117,-0.01411378496276321,-0.11680262979649673,DEPTH_PROPOSAL_CERTIFIED,0.7583010872358504,0,32,0,0,226,FULL_MOTION_CERTIFICATE,0,0,0,232,0,0,0,0,0,,61.216666666,1.99650222723,-0.0133519608603,-0.117475877524,0.943289658322,0.247785550571,-0.220922930977,0.998251113616,-0.00667598043013,-0.0587379387619,1.87753107085,0.48589135005,-0.484520708785,1.8769743106224364,0.4843820099802023,-0.48801864689832647
61.166666666666664,43.90239105163174,11.357609200156075,3.962225651609579,1.8760931757537138,0.4541061547474303,-0.5146363933337883,1.9965700748746151,-0.014882444629196566,-0.11613117134100365,DEPTH_PROPOSAL_CERTIFIED,0.7629373056693649,0,32,0,0,226,FULL_MOTION_CERTIFICATE,0,0,0,232,0,0,0,0,0,,61.233333333,1.99653648771,-0.0141137849628,-0.116802629796,0.943289658322,0.247785550571,-0.220922930977,0.998268243854,-0.00705689248138,-0.0584013148982,1.87821654403,0.486624664541,-0.481287765779,1.877717927508608,0.48516874464019,-0.4845207087849552
61.18333333333333,43.933662190563695,11.365217774235047,3.9536904852403234,1.8762683359176782,0.4565144447383967,-0.5121099821553671,1.996602975450476,-0.015657733156139428,-0.115461655170525,DEPTH_PROPOSAL_CERTIFIED,0.7674538832730176,0,32,0,0,226,FULL_MOTION_CERTIFICATE,0,0,0,232,0,0,0,0,0,,61.25,1.99657007487,-0.0148824446292,-0.116131171341,0.943289658322,0.247785550571,-0.220922930977,0.998285037437,-0.0074412223146,-0.0580655856705,1.87885008742,0.487302424903,-0.478299742702,1.8784052899180448,0.4858955826281883,-0.48128776577862653
61.2,43.9649368299018,11.372864293545215,3.9451980085673437,1.8764783602856074,0.45879115860988035,-0.5095486003785897,1.99663517903712,-0.016439453146492002,-0.11479419067030767,DEPTH_PROPOSAL_CERTIFIED,0.7718750710681284,0,32,0,0,226,FULL_MOTION_CERTIFICATE,0,0,0,232,0,0,0,0,0,,61.266666666,1.99660297545,-0.0156577331561,-0.115461655171,0.943289658322,0.247785550571,-0.220922930977,0.998301487725,-0.00782886657807,-0.0577308275853,1.87943563507,0.487928839745,-0.47553808518,1.8790406575743426,0.4865670678419694,-0.47829974270191816
61.21666666666667,43.996215446016905,11.380546666694773,3.936748474464063,1.8767169669061523,0.46094238897355466,-0.5069720461968812,1.9966666777176967,-0.017227416342967795,-0.11412884919213727,DEPTH_PROPOSAL_CERTIFIED,0.7762249368977607,0,32,0,0,226,FULL_MOTION_CERTIFICATE,0,0,0,232,0,0,0,0,0,,61.283333333,1.99663517904,-0.0164394531465,-0.11479419067,0.943289658322,0.247785550571,-0.220922930977,0.998317589519,-0.00821972657325,-0.0573970953352,1.87997682308,0.488507798953,-0.472985643976,1.8796279676768006,0.4871873994103828,-0.4755380851800357
61.233333333333334,44.027498423107396,11.388262901042541,3.928341852484799,1.876978625429657,0.4629740608661199,-0.5043973187558728,1.996697465697262,-0.018021443435200457,-0.11346566905739239,DEPTH_PROPOSAL_CERTIFIED,0.7803050934828843,0,32,0,0,226,FULL_MOTION_CERTIFICATE,0,0,0,232,0,0,0,0,0,,61.3,1.99666667772,-0.017227416343,-0.114128849192,0.943289658322,0.247785550571,-0.220922930977,0.998333338859,-0.00861370817148,-0.0570644245961,1.88047701199,0.489042897615,-0.470626569533,1.880170859416414,0.48776045795541745,-0.4729856439755686
61.25,44.05878606442882,11.396011099744687,3.9199778703404125,1.8772584792856477,0.4648919221288003,-0.5018389286632222,1.9967275389845942,-0.018821363845362638,-0.11280466002575824,DEPTH_PROPOSAL_CERTIFIED,0.7847560958651716,0,32,0,0,226,FULL_MOTION_CERTIFICATE,0,0,0,232,0,0,0,0,0,,61.316666666,1.9966974657,-0.0180214434352,-0.113465669057,0.943289658322,0.247785550571,-0.220922930977,0.998348732849,-0.0090107217176,-0.0567328345287,1.88093930778,0.489537458468,-0.468446212985,1.8806726963287335,0.48828982953350286,-0.470626569532883
61.266666666666666,44.09007860235125,11.403789458681652,3.911656050715821,1.8775522753456795,0.46670153621800636,-0.49930917747550874,1.9967568951106507,-0.019627015496547596,-0.11214580728129107,DEPTH_PROPOSAL_CERTIFIED,0.7896291145275722,0,32,0,0,226,FULL_MOTION_CERTIFICATE,0,0,0,233,0,0,0,0,0,,61.333333333,1.99672753898,-0.0188213638454,-0.112804660026,0.943289658322,0.247785550571,-0.220922930977,0.998363769492,-0.00941068192268,-0.0564023300129,1.88136658119,0.489994552619,-0.466431034837,1.8811365872780674,0.4887788281063214,-0.4684462129854027
61.28333333333333,44.1213762073576,11.411596263300499,3.903375743897592,1.877856300381304,0.4684082771308158,-0.4968184090937831,1.996785532879891,-0.020438244567706057,-0.11148907498298234,DEPTH_PROPOSAL_CERTIFIED,0.7949159202473588,0,32,0,0,227,FULL_MOTION_CERTIFICATE,0,0,0,233,0,0,0,0,0,,61.35,1.99675689511,-0.0196270154965,-0.112145807281,0.943289658322,0.247785550571,-0.220922930977,0.998378447555,-0.00981350774827,-0.0560729036406,1.8817614854,0.490417018425,-0.464568521702,1.881565405815925,0.48923051626709235,-0.46643103483672876
61.3,44.15267899608548,11.419429885402938,3.89513615663415,1.8781673236729803,0.47001732614629893,-0.49437523580655507,1.9968134521510128,-0.021254905238445664,-0.11083440942261395,DEPTH_PROPOSAL_CERTIFIED,0.8006081641856406,0,32,0,0,227,FULL_MOTION_CERTIFICATE,0,0,0,233,0,0,0,0,0,,61.366666666,1.99678553288,-0.0204382445677,-0.111489074983,0.943289658322,0.247785550571,-0.220922930977,0.99839276644,-0.0102191222839,-0.0557445374915,1.8821264726,0.490807479221,-0.462847108154,1.8819618078314326,0.48964772413519436,-0.46456852170237134
61.31666666666667,44.183987038505855,11.427288779905561,3.88693637761269,1.8784825452220715,0.4715336701572129,-0.4919867412874209,1.9968406536440204,-0.02207685942655009,-0.11018174182859378,DEPTH_PROPOSAL_CERTIFIED,0.806697409332926,0,32,0,0,228,FULL_MOTION_CERTIFICATE,0,0,0,233,0,0,0,0,0,,61.383333333,1.99681345215,-0.0212549052384,-0.110834409423,0.943289658322,0.247785550571,-0.220922930977,0.998406726076,-0.0106274526192,-0.0554172047113,1.88246380928,0.491168359677,-0.461256104622,1.8823282481209815,0.4900330670903564,-0.4628471081539963
61.333333333333336,44.215300364323255,11.435171481595015,3.878775399900154,1.8787995490441973,0.4729621013672758,-0.4896586627521805,1.996867138770812,-0.02290397652073935,-0.10953099085103284,DEPTH_PROPOSAL_CERTIFIED,0.8131751570923977,0,32,0,0,228,FULL_MOTION_CERTIFICATE,0,0,0,233,0,0,0,0,0,,61.4,1.99684065364,-0.0220768594266,-0.110181741829,0.935007712132,0.25986703468,-0.241308314278,0.998420326822,-0.0110384297133,-0.0550908709143,1.88225360849,0.492300339949,-0.461037466132,1.882666995674133,0.4903889621300435,-0.4612561046222458
61.35,44.24661831002643,11.443077610302153,3.870650560062139,1.8790767421904444,0.4743677224283285,-0.4874903902809377,1.99689290948677,-0.023736133110848812,-0.1088820647600237,DEPTH_PROPOSAL_CERTIFIED,0.8200315046933269,0,32,0,0,228,FULL_MOTION_CERTIFICATE,0,0,0,233,0,0,0,0,0,,61.416666666,1.99686713877,-0.0229039765207,-0.109530990851,0.935007712132,0.25986703468,-0.241308314278,0.998433569385,-0.0114519882604,-0.0547654954255,1.88150054024,0.494148889476,-0.462222252262,1.8824584985746593,0.4915162993731722,-0.46103746613177377
61.36666666666667,44.27793957731301,11.451007719724139,3.8625576244387942,1.8792760371954058,0.475806565319203,-0.4855761374007099,1.9969179757494517,-0.024573313933430065,-0.10823470040167911,DEPTH_PROPOSAL_CERTIFIED,0.8272554916691979,0,32,0,0,228,FULL_MOTION_CERTIFICATE,0,0,0,233,0,0,0,0,0,,61.433333333,1.99689290949,-0.0237361331108,-0.10888206476,0.935007712132,0.25986703468,-0.241308314278,0.998446454743,-0.0118680665554,-0.05444103238,1.88063045568,0.496087160718,-0.4637672808,1.8817074362559356,0.49336044858787326,-0.4622222522619287
61.38333333333333,44.30926281857304,11.458962434870172,3.8544922252505516,1.8793944756016463,0.47728290876203733,-0.4839239512945907,1.9969423547843483,-0.025415597364176475,-0.1075884709388686,DEPTH_PROPOSAL_CERTIFIED,0.8348363848475182,0,32,0,0,228,FULL_MOTION_CERTIFICATE,0,0,0,233,0,0,0,0,0,,61.45,1.99691797575,-0.0245733139334,-0.108234700402,0.935007712132,0.25986703468,-0.241308314278,0.998458987875,-0.0122866569667,-0.0541173502008,1.87982628662,0.497878593227,-0.465195261719,1.8808394241577813,0.49529429876461734,-0.46376728079993595
61.4,44.34058687147561,11.466942147866101,3.8464504733976312,1.879443174154055,0.4787827797558412,-0.4825051111752344,1.9969660638729672,-0.0262630692537724,-0.1069429330675083,DEPTH_PROPOSAL_CERTIFIED,0.842764086377298,0,32,0,0,228,FULL_MOTION_CERTIFICATE,0,0,0,233,0,0,0,0,0,,61.466666666,1.99694235478,-0.0254155973642,-0.107588470939,0.935007712132,0.25986703468,-0.241308314278,0.998471177392,-0.0127077986821,-0.0537942354694,1.8790830395,0.49953431105,-0.466515062184,1.8800372964934404,0.49708120588024984,-0.46519526171908654
61.416666666666664,44.371910738625175,11.474947049672231,3.838428911000508,1.8794320289742685,0.4802941083678431,-0.48129374382743056,1.9969891173595282,-0.027115792356981496,-0.10629769024990474,DEPTH_PROPOSAL_CERTIFIED,0.8510290348617295,0,32,0,0,228,FULL_MOTION_CERTIFICATE,0,0,0,233,0,0,0,0,0,,61.483333333,1.99696606387,-0.0262630692538,-0.106942933068,0.935007712132,0.25986703468,-0.241308314278,0.998483031936,-0.0131315346269,-0.0534714665338,1.87839609894,0.501064595801,-0.467734877843,1.8792960577808746,0.4987323174342671,-0.46651506218422256
61.43333333333333,44.403233569237045,11.482977158330756,3.830424468383668,1.8793698367123397,0.4818065195116035,-0.48026655701041504,1.9970115269741786,-0.02797380938059427,-0.10565238814621146,DEPTH_PROPOSAL_CERTIFIED,0.8600151351923249,0,32,0,0,228,FULL_MOTION_CERTIFICATE,0,0,0,233,0,0,0,0,0,,61.5,1.99698911736,-0.027115792357,-0.10629769025,0.935007712132,0.25986703468,-0.241308314278,0.99849455868,-0.0135578961785,-0.053148845125,1.87776119933,0.502478949887,-0.468862283222,1.8786110911168092,0.5002579354654818,-0.4677348778428245
61.45,44.43455464264318,11.491032344085992,3.822434425102416,1.8792644043673365,0.4833111453140174,-0.4794025968749599,1.9970333021220386,-0.028837145705797013,-0.10500671046695063,DEPTH_PROPOSAL_CERTIFIED,0.8726320953741482,0,32,0,0,228,FULL_MOTION_CERTIFICATE,0,0,0,233,0,0,0,0,0,,61.516666666,1.99701152697,-0.0279738093806,-0.105652388146,0.935007712132,0.25986703468,-0.241308314278,0.998505763487,-0.0139869046903,-0.0528261940731,1.87717439821,0.503786155855,-0.469904279039,1.8779781297582996,0.5016675801034597,-0.46886228322241147
61.46666666666667,44.46587335345596,11.499112351689583,3.814456374646717,1.8791226487671353,0.4848004562154059,-0.47868302734195667,1.997054450141637,-0.029705811816521932,-0.10436037520919632,DEPTH_PROPOSAL_CERTIFIED,0.8853741623229441,0,32,0,0,228,FULL_MOTION_CERTIFICATE,0,0,0,233,0,0,0,0,0,,61.533333333,1.99703330212,-0.0288371457058,-0.105006710467,0.935007712132,0.25986703468,-0.241308314278,0.998516651061,-0.0144185728529,-0.0525033552335,1.87663205169,0.504994331145,-0.47086733584,1.87739323044468,0.5029700492123462,-0.4699042790393169
61.483333333333334,44.497189198233414,11.507216820173461,3.806488192488369,1.878950686647347,0.4862681090327301,-0.47809092950090887,1.9970749765358877,-0.030579805462546815,-0.10371313124217423,DEPTH_PROPOSAL_CERTIFIED,0.898233010808154,0,32,0,0,228,FULL_MOTION_CERTIFICATE,0,0,0,233,0,0,0,0,0,,61.55,1.99705445014,-0.0297058118165,-0.104360375209,0.935007712132,0.25986703468,-0.241308314278,0.998527225071,-0.0148529059083,-0.0521801876046,1.87613079202,0.506110978002,-0.471757433791,1.8768527487859312,0.5041734734040864,-0.470867335840125
61.5,44.52850176350351,11.515345300345672,3.7985280071680387,1.8787539162060105,0.4877088103326773,-0.4776111192198497,1.9970948851784271,-0.03145911358344441,-0.10306475521102476,DEPTH_PROPOSAL_CERTIFIED,0.9112004391976551,0,32,0,0,228,FULL_MOTION_CERTIFICATE,0,0,0,233,0,0,0,0,0,,61.566666666,1.99707497654,-0.0305798054625,-0.103713131242,0.935007712132,0.25986703468,-0.241308314278,0.998537488268,-0.0152899027313,-0.0518565656211,1.87566750661,0.507143030336,-0.472580100028,1.8763533168217046,0.5052853661920346,-0.4717574337909279
61.516666666666666,44.559810715018244,11.523497270241025,3.7905741741446675,1.8785370908840218,0.4891181937212245,-0.4772299814022916,1.9971141784978548,-0.03234371401696122,-0.10241504873028767,DEPTH_PROPOSAL_CERTIFIED,0.9242683387161545,0,32,0,0,228,FULL_MOTION_CERTIFICATE,0,0,0,234,0,0,0,0,0,,61.583333333,1.99709488518,-0.0314591135834,-0.103064755211,0.935007712132,0.25986703468,-0.241308314278,0.998547442589,-0.0157295567917,-0.0515323776055,1.87523931854,0.508096896948,-0.473340443114,1.8758918219557603,0.5063126710615011,-0.47258010002808254
61.53333333333333,44.591115788119644,11.531672148736334,3.782625252154489,1.8783043860839406,0.49049270971856884,-0.47693531941072154,1.9971328576421281,-0.03323357701331629,-0.10176383584106073,DEPTH_PROPOSAL_CERTIFIED,0.9374286673359267,0,32,0,0,228,FULL_MOTION_CERTIFICATE,0,0,0,234,0,0,0,0,0,,61.6,1.9971141785,-0.032343714017,-0.10241504873,0.935007712132,0.25986703468,-0.241308314278,0.998557089249,-0.0161718570085,-0.0512075243651,1.87484356897,0.508978500936,-0.474043184449,1.8754653875229488,0.5072618048861711,-0.4733404431135662
61.55,44.62241677911118,11.539869307519258,3.774679981849869,1.8780594594920355,0.49182952697545,-0.47671621827725763,1.9971509226251551,-0.03412866657488623,-0.10111096070808027,DEPTH_PROPOSAL_CERTIFIED,0.9506734277110105,0,32,0,0,228,FULL_MOTION_CERTIFICATE,0,0,0,234,0,0,0,0,0,,61.616666666,1.99713285764,-0.0332335770133,-0.101763835841,0.935007712132,0.25986703468,-0.241308314278,0.998566428821,-0.0166167885067,-0.0508819179205,1.87447780044,0.509793316693,-0.474692687764,1.8750713550707938,0.5081386975094013,-0.47404318444899757
61.56666666666667,44.653713537537364,11.548088081582383,3.766737266508014,1.8778055055704908,0.4931264437873723,-0.4765629205111348,1.9971683724574028,-0.03502894163884938,-0.1004562855351074,DEPTH_PROPOSAL_CERTIFIED,0.9639946486341486,0,32,0,0,228,FULL_MOTION_CERTIFICATE,0,0,0,234,0,0,0,0,0,,61.633333333,1.99715092263,-0.0341286665749,-0.101110960708,0.935007712132,0.25986703468,-0.241308314278,0.998575461313,-0.0170643332874,-0.050555480354,1.87413974164,0.510546404031,-0.475292986321,1.874707267727648,0.5089488288928178,-0.47469268776443707
61.583333333333336,44.685005959283345,11.556327778397518,3.758796154618422,1.877545304759111,0.4943818089081169,-0.4764667133755366,1.9971852052621628,-0.03593435711878387,-0.09979968867883805,DEPTH_PROPOSAL_CERTIFIED,0.9773843695569415,0,32,0,0,228,FULL_MOTION_CERTIFICATE,0,0,0,234,0,0,0,0,0,,61.65,1.99716837246,-0.0350289416388,-0.100456285535,0.935007712132,0.25986703468,-0.241308314278,0.998584186229,-0.0175144708194,-0.0502281427676,1.87382729334,0.511242439298,-0.475847807714,1.87437085486028,0.5096972633812018,-0.47529298632123845
61.6,44.71629398041484,11.564587685909665,3.750855824175373,1.8772812678899011,0.4955944507287623,-0.47641982658297594,1.9972014183789504,-0.03684486481969117,-0.09914106294330216,DEPTH_PROPOSAL_CERTIFIED,0.990834627768344,0,32,0,0,228,FULL_MOTION_CERTIFICATE,0,0,0,234,0,0,0,0,0,,61.666666666,1.99718520526,-0.0359343571188,-0.0997996886788,0.935007712132,0.25986703468,-0.241308314278,0.998592602631,-0.0179671785594,-0.0498998443394,1.87353851539,0.51188574458,-0.476360597151,1.8740600180855385,0.510388680940637,-0.47584780771373625
61.61666666666667,44.74757757168554,11.572867079477048,3.74291556851696,1.8770154762421951,0.49676361404302405,-0.4764153395047923,1.9972170084553584,-0.0377604142394942,-0.09848031403834616,DEPTH_PROPOSAL_CERTIFIED,1.0043374478745042,0,32,0,0,228,FULL_MOTION_CERTIFICATE,0,0,0,234,0,0,0,0,0,,61.683333333,1.99720141838,-0.0368448648197,-0.0991410629433,0.935007712132,0.25986703468,-0.241308314278,0.998600709189,-0.0184224324098,-0.0495705314717,1.87327161455,0.512480314651,-0.476834538934,1.8737728181401823,0.5110274064770183,-0.47636059715095197
61.63333333333333,44.7788567336463,11.581165227871244,3.7349747835663396,1.8767497176457355,0.4978889036517919,-0.4764470970372717,1.9972319715285587,-0.03868095326886297,-0.0978173591871979,DEPTH_PROPOSAL_CERTIFIED,1.0178848332653065,0,32,0,0,228,FULL_MOTION_CERTIFICATE,0,0,0,234,0,0,0,0,0,,61.7,1.99721700846,-0.0377604142395,-0.0984803140383,0.935007712132,0.25986703468,-0.241308314278,0.998608504228,-0.0188802071197,-0.0492401570192,1.87302493346,0.513029841534,-0.477272576035,1.873507462768928,0.5116174368787602,-0.47683453893352057
61.65,44.8101314922965,11.589481398439707,3.7270329563442575,1.8764855190120975,0.49897023410776753,-0.4765096333249688,1.9972463030975303,-0.039606428800090215,-0.0971521258694375,DEPTH_PROPOSAL_CERTIFIED,1.0326690089746775,0,32,0,0,228,FULL_MOTION_CERTIFICATE,0,0,0,234,0,0,0,0,0,,61.716666666,1.99723197153,-0.0386809532689,-0.0978173591872,0.935007712132,0.25986703468,-0.241308314278,0.998615985764,-0.0193404766344,-0.0489086795936,1.87279694035,0.513537737561,-0.477677428482,1.8732622956817129,0.5121624656706708,-0.47727257603487344
61.666666666666664,44.841401895223434,11.597814861523378,3.71908965463334,1.8762241756163764,0.5000077850202853,-0.4765981026550758,1.9972599981869683,-0.04053678725465334,-0.09648455068694832,DEPTH_PROPOSAL_CERTIFIED,1.0500445582859514,0,32,0,0,228,FULL_MOTION_CERTIFICATE,0,0,0,234,0,0,0,0,0,,61.733333333,1.9972463031,-0.0396064288001,-0.0971521258694,0.935007712132,0.25986703468,-0.241308314278,0.998623151549,-0.0198032144,-0.0485760629347,1.87258621943,0.514007156646,-0.478051610314,1.8730357861885798,0.5126659061530037,-0.4776774284823811
61.68333333333333,44.8726680081807,11.606164894212762,3.71114451768548,1.8759667774362356,0.5010019613630214,-0.47670821687163095,1.9972730514037567,-0.04147197503821894,-0.09581457834148581,DEPTH_PROPOSAL_CERTIFIED,1.0680297474313674,0,32,0,0,228,FULL_MOTION_CERTIFICATE,0,0,0,234,0,0,0,0,0,,61.75,1.99725999819,-0.0405367872547,-0.0964845506869,0.940440556141,0.203811654732,-0.272088900474,0.998629999093,-0.0202683936273,-0.0482422753435,1.87251903723,0.51301765386,-0.479218711818,1.8728265196385177,0.5131309127444025,-0.4780516103136038
61.7,44.90393007229567,11.614528986270102,3.7031962109207646,1.8757238468973025,0.5018455234402015,-0.47689840588274285,1.9972854569867768,-0.04241193893098544,-0.09514216071351562,DEPTH_PROPOSAL_CERTIFIED,1.0860583685800407,0,32,0,0,228,FULL_MOTION_CERTIFICATE,0,0,0,234,0,0,0,0,0,,61.766666666,1.9972730514,-0.0414719750382,-0.0958145783415,0.940440556141,0.203811654732,-0.272088900474,0.998636525702,-0.0207359875191,-0.0479072891707,1.8725983875,0.510565296338,-0.481170900138,1.8727600943223202,0.5121369807817938,-0.4792187118183068
61.71666666666667,44.93518849448792,11.622902970785367,3.6952425095925987,1.8755053315345913,0.5024390709159073,-0.4772220796899831,1.9972972179909156,-0.04335643900490276,-0.09446714880085513,DEPTH_PROPOSAL_CERTIFIED,1.1039203118620082,0,32,0,0,228,FULL_MOTION_CERTIFICATE,0,0,0,234,0,0,0,0,0,,61.783333333,1.99728545699,-0.042411938931,-0.0951421607135,0.940440556141,0.203811654732,-0.272088900474,0.998642728493,-0.0212059694655,-0.0475710803568,1.87282824685,0.506644920215,-0.483897715479,1.872839444109515,0.5096803501195183,-0.48117090013831465
61.733333333333334,44.96644383985991,11.631281143364872,3.6872803794313653,1.8753207223199055,0.5026903547702841,-0.4777278096740184,1.9973083459223002,-0.04430506080905839,-0.09378930054025178,DEPTH_PROPOSAL_CERTIFIED,1.1216196682171937,0,32,0,0,228,FULL_MOTION_CERTIFICATE,0,0,0,234,0,0,0,0,0,,61.8,1.99729721799,-0.0433564390049,-0.0944671488009,0.940440556141,0.203811654732,-0.272088900474,0.998648608995,-0.0216782195025,-0.0472335744004,1.87321479641,0.501248638361,-0.487382771186,1.8730684899007402,0.5057560177936815,-0.4838977154792495
61.75,44.9976968274531,11.639656368837732,3.679306058662162,1.8751792555911266,0.5025135283716595,-0.4784592461522152,1.9973188603931982,-0.04525722647555223,-0.09310828840310922,DEPTH_PROPOSAL_CERTIFIED,1.139161848694494,0,32,0,0,228,FULL_MOTION_CERTIFICATE,0,0,0,234,0,0,0,0,0,,61.816666666,1.99730834592,-0.0443050608091,-0.0937893005403,0.940440556141,0.203811654732,-0.272088900474,0.998654172961,-0.0221525304045,-0.0468946502701,1.87377233071,0.494358866452,-0.491587568324,1.8734533615000233,0.5003562463084391,-0.48738277118621637
61.766666666666666,45.028948336572014,11.648020167618357,3.6713151617286006,1.8750905471353108,0.5018279268374687,-0.4794538160137237,1.997328788778933,-0.04621220462992515,-0.09242370722992102,DEPTH_PROPOSAL_CERTIFIED,1.1565535934189755,0,32,0,0,228,FULL_MOTION_CERTIFICATE,0,0,0,235,0,0,0,0,0,,61.833333333,1.99731886039,-0.0452572264756,-0.0931082884031,0.940440556141,0.203811654732,-0.272088900474,0.998659430197,-0.0226286132378,-0.0465541442016,1.87431087478,0.487787990791,-0.495571676936,1.874008303974356,0.49346358812033964,-0.49158756832412875
61.78333333333333,45.06019915582829,11.656365106209678,3.6633039139605414,1.8750491553767037,0.5006963154792945,-0.48067486608358323,1.9973381657988192,-0.04716911828123901,-0.09173508447687388,DEPTH_PROPOSAL_CERTIFIED,1.1738011369182881,0,32,0,0,228,FULL_MOTION_CERTIFICATE,0,0,0,235,0,0,0,0,0,,61.85,1.99732878878,-0.0462122046299,-0.0924237072299,0.940440556141,0.203811654732,-0.272088900474,0.998664394389,-0.023106102315,-0.046211853615,1.87480862005,0.481714908751,-0.499253959132,1.874544175921698,0.48689065690956856,-0.49557167693587
61.8,45.09144996262734,11.664684943724827,3.655269207741664,1.8750484079427572,0.4991902509089617,-0.4820823731326749,1.997347021896653,-0.04812719485727601,-0.09104200808275298,DEPTH_PROPOSAL_CERTIFIED,1.1909100388001215,0,32,0,0,228,FULL_MOTION_CERTIFICATE,0,0,0,235,0,0,0,0,0,,61.866666666,1.9973381658,-0.0471691182812,-0.0917350844769,0.940440556141,0.203811654732,-0.272088900474,0.998669082899,-0.0235845591406,-0.0458675422384,1.87526865732,0.476101909029,-0.502657280345,1.8750392892486099,0.4808162631509001,-0.4992539591315943
61.81666666666667,45.12270133551901,11.672974493778403,3.6472085231045854,1.8750823734995865,0.4973730032143238,-0.4836410782245286,1.9973553824073962,-0.04908578244434381,-0.09034413279250507,DEPTH_PROPOSAL_CERTIFIED,1.2078852396233386,0,32,0,0,228,FULL_MOTION_CERTIFICATE,0,0,0,235,0,0,0,0,0,,61.883333333,1.9973470219,-0.0481271948573,-0.0910420080828,0.940440556141,0.203811654732,-0.272088900474,0.998673510948,-0.0240635974286,-0.0455210040414,1.87569384331,0.470914136231,-0.505802774393,1.8754967532929052,0.4752025813397508,-0.5026572803451368
61.833333333333336,45.15395376531169,11.681229500462486,3.6391198565279037,1.8751457875609858,0.495300401044978,-0.4853199946009324,1.9973632680668687,-0.050044336183705705,-0.08964117242189139,DEPTH_PROPOSAL_CERTIFIED,1.2247311130024618,0,32,0,0,228,FULL_MOTION_CERTIFICATE,0,0,0,235,0,0,0,0,0,,61.9,1.99735538241,-0.0490857824443,-0.0903441327925,0.940440556141,0.203811654732,-0.272088900474,0.998677691204,-0.0245428912222,-0.0451720663963,1.87608681824,0.466119376532,-0.508709973433,1.8759194391100573,0.4700146545789575,-0.5058027743930597
61.85,45.185207665066784,11.689446527068233,3.631001657149667,1.8752339853057858,0.49302159634484866,-0.4870919626942394,1.9973706954743626,-0.05100240602468381,-0.08893289290220222,DEPTH_PROPOSAL_CERTIFIED,1.2414515141255351,0,32,0,0,228,FULL_MOTION_CERTIFICATE,0,0,0,235,0,0,0,0,0,,61.916666666,1.99736326807,-0.0500443361837,-0.0896411724219,0.940440556141,0.203811654732,-0.272088900474,0.998681634033,-0.0250221680919,-0.0448205862109,1.87645002232,0.461687856477,-0.511396929955,1.8763099977923445,0.4652201790032688,-0.5087099734325861
61.86666666666667,45.216463379079805,11.697622856331941,3.6228527696814545,1.8753428407812525,0.49057975582250735,-0.4889332480927826,1.9973776775129823,-0.05195962570829052,-0.08821910603208014,DEPTH_PROPOSAL_CERTIFIED,1.257282250910726,0,32,0,0,228,FULL_MOTION_CERTIFICATE,0,0,0,235,0,0,0,0,0,,61.933333333,1.99737069547,-0.0510024060247,-0.0889328929022,0.940440556141,0.203811654732,-0.272088900474,0.998685347737,-0.0255012030123,-0.0444664464511,1.87678571096,0.457592057379,-0.513880329322,1.876670877581945,0.46078930144994185,-0.511396929955011
61.88333333333333,45.247721190944866,11.705756401096918,3.6146723833733057,1.875468711903845,0.48801268589869695,-0.49082317848895635,1.997384223731847,-0.052915702866029694,-0.08749966386975724,DEPTH_PROPOSAL_CERTIFIED,1.272518315372101,0,32,0,0,228,FULL_MOTION_CERTIFICATE,0,0,0,235,0,0,0,0,0,,61.95,1.99737767751,-0.0519596257083,-0.0882191060321,0.940440556141,0.203811654732,-0.272088900474,0.998688838756,-0.0259798128541,-0.044109553016,1.87709596864,0.453806546098,-0.51617559237,1.877004339599474,0.4566944328282079,-0.5138803293222772
61.9,45.278981330790025,11.713845624387233,3.6064599864415694,1.8756083907097993,0.4853533974188935,-0.4927438159041928,1.9973903406937619,-0.05387041012888643,-0.0867744537050106,DEPTH_PROPOSAL_CERTIFIED,1.2879164233593585,0,32,0,0,228,FULL_MOTION_CERTIFICATE,0,0,0,235,0,0,0,0,0,,61.966666666,1.99738422373,-0.052915702866,-0.0874996638698,0.940440556141,0.203811654732,-0.272088900474,0.998692111866,-0.026457851433,-0.0437498319349,1.87738272194,0.45030781619,-0.518296971723,1.8773124721424443,0.4529100779652896,-0.5161755923700788
61.916666666666664,45.31024398176315,11.72188946797867,3.5982153254242037,1.875759058387773,0.4826306154862815,-0.494679661041973,1.9973960322914792,-0.054823577151248554,-0.08604339355579563,DEPTH_PROPOSAL_CERTIFIED,1.3034764427544667,0,32,0,0,228,FULL_MOTION_CERTIFICATE,0,0,0,235,0,0,0,0,0,,61.983333333,1.99739034069,-0.0538704101289,-0.086774453705,0.940440556141,0.203811654732,-0.272088900474,0.998695170347,-0.0269352050644,-0.0433872268525,1.87764775152,0.447074141373,-0.520257640643,1.8775972040590512,0.4494126759084129,-0.5182969717228926
61.93333333333333,45.34150928584065,11.729887288637194,3.589938368978049,1.8759182446501985,0.47986923951150257,-0.49661738676930395,1.9974013000353341,-0.0557750834627367,-0.08530642813928185,DEPTH_PROPOSAL_CERTIFIED,1.3191978815751515,0,32,0,0,228,FULL_MOTION_CERTIFICATE,0,0,0,235,0,0,0,0,0,,62,1.99739603229,-0.0548235771512,-0.0860433935558,0.940440556141,0.203811654732,-0.272088900474,0.998698016146,-0.0274117885756,-0.0430216967779,1.87789270309,0.444085441926,-0.522069774035,1.8778603170517898,0.44618045261919775,-0.5202576406427435
61.95,45.3727773490245,11.737838801274464,3.581629275679282,1.8760837910305717,0.477090758235962,-0.49854559792582653,1.997406143314726,-0.05672485206882939,-0.08456352527160227,DEPTH_PROPOSAL_CERTIFIED,1.3350799480150637,0,32,0,0,228,FULL_MOTION_CERTIFICATE,0,0,0,235,0,0,0,0,0,,62.016666666,1.99740130004,-0.0557750834627,-0.0853064281393,0.940440556141,0.203811654732,-0.272088900474,0.998700650018,-0.0278875417314,-0.0426532140696,1.87811909772,0.441323159274,-0.523744624492,1.8781034568711226,0.4431932866743803,-0.5220697740353926
61.96666666666667,45.404048245987084,11.745744028337214,3.573288365427784,1.8762538177551518,0.4743136237650231,-0.5004546150899326,1.9974105596356506,-0.0576728437285918,-0.0838146726549383,DEPTH_PROPOSAL_CERTIFIED,1.351121603092425,0,32,0,0,228,FULL_MOTION_CERTIFICATE,0,0,0,235,0,0,0,0,0,,62.033333333,1.99740614331,-0.0567248520688,-0.0845635252716,0.940440556141,0.203811654732,-0.272088900474,0.998703071657,-0.0283624260344,-0.0422817626358,1.87832834125,0.438770140298,-0.525292592436,1.8783281437950297,0.4404325832195667,-0.5237446244920285
61.983333333333334,45.435322024218,11.753603254811503,3.5649160940937774,1.8764266938552845,0.47155358845743317,-0.5023362800404123,1.997414544836282,-0.058619051844069375,-0.08305987501418513,DEPTH_PROPOSAL_CERTIFIED,1.3673216067106249,0,32,0,0,228,FULL_MOTION_CERTIFICATE,0,0,0,235,0,0,0,0,0,,62.05,1.99741055964,-0.0576728437286,-0.0838146726549,0.940440556141,0.203811654732,-0.272088900474,0.998705279818,-0.0288364218643,-0.0419073363275,1.878521733,0.436410531855,-0.526723290079,1.8785357822769044,0.43788115770483343,-0.5252925924362667
62.0,45.46659870772149,11.761416988282548,3.5565130310804287,1.8766010102092898,0.4688240082626984,-0.5041837808009381,1.9974180932824288,-0.059563497901932376,-0.08229915154892302,DEPTH_PROPOSAL_CERTIFIED,1.3836785578511877,0,32,0,0,229,FULL_MOTION_CERTIFICATE,0,0,0,235,0,0,0,0,0,,62.066666666,1.99741454484,-0.0586190518441,-0.0830598750142,0.940440556141,0.203811654732,-0.272088900474,0.998707272418,-0.029309525922,-0.0415299375071,1.87870047385,0.434229681761,-0.528045601456,1.8787276697281556,0.43552312988693187,-0.5267232900793535
62.016666666666666,45.49787830030898,11.769185923541576,3.548079839505647,1.8767755552499636,0.4661361155416901,-0.5059914944869163,1.9974211980445118,-0.060506227413586945,-0.08153253366971057,DEPTH_PROPOSAL_CERTIFIED,1.4001909295475803,0,32,0,0,229,FULL_MOTION_CERTIFICATE,0,0,0,236,0,0,0,0,0,,62.083333333,1.99741809328,-0.0595634979019,-0.0822991515489,0.940440556141,0.203811654732,-0.272088900474,0.998709046641,-0.029781748951,-0.0411495757745,1.87886567373,0.432214047456,-0.529267737805,1.8789050047461837,0.433343824345387,-0.5280456014558516
62.03333333333333,45.52916078852709,11.776910911279364,3.5396172587347565,1.876949293086586,0.46349926426728616,-0.5077548462534683,1.9974238510575748,-0.061447306304723115,-0.08076006299044375,DEPTH_PROPOSAL_CERTIFIED,1.416857099221988,0,32,0,0,229,FULL_MOTION_CERTIFICATE,0,0,0,236,0,0,0,0,0,,62.1,1.99742119804,-0.0605062274136,-0.0815325336697,0.937625086474,0.220235388002,-0.268989908894,0.998710599022,-0.0302531137068,-0.0407662668349,1.87876336737,0.431807431991,-0.530147417179,1.8790688946933798,0.4313296787195562,-0.5292677378054046
62.05,45.56044582316279,11.784594769389253,3.5311264045157276,1.8771020781417216,0.4610314865933622,-0.5094512531417652,1.997426043265741,-0.06238681770982101,-0.07998178955117509,DEPTH_PROPOSAL_CERTIFIED,1.4336739229098185,0,32,0,0,229,FULL_MOTION_CERTIFICATE,0,0,0,236,0,0,0,0,0,,62.116666666,1.99742385106,-0.0614473063047,-0.0807600629904,0.937625086474,0.220235388002,-0.268989908894,0.998711925529,-0.0307236531524,-0.0403800314952,1.87849721629,0.432463745905,-0.530740780838,1.8789660558143741,0.4309245989714876,-0.5301474171789886
62.06666666666667,45.59173287529507,11.792241444115543,3.522608669579907,1.8772231279364968,0.4588004835772135,-0.5110640961490341,1.9974277571911982,-0.06332505698829029,-0.0791978027445781,DEPTH_PROPOSAL_CERTIFIED,1.450637472154753,0,32,0,0,230,FULL_MOTION_CERTIFICATE,0,0,0,236,0,0,0,0,0,,62.133333333,1.99742604327,-0.0623868177098,-0.0799817895512,0.937625086474,0.220235388002,-0.268989908894,0.998713021633,-0.0311934088549,-0.0399908947756,1.87825122815,0.433070339106,-0.531289192739,1.878699935432755,0.4315822467802099,-0.5307407808377076
62.083333333333336,45.6230214816151,11.799854519455367,3.5140653979059717,1.8773163792016752,0.4567845203894394,-0.5125963004361377,1.9974289697457235,-0.06426244303967271,-0.07840822173159648,DEPTH_PROPOSAL_CERTIFIED,1.4670274211197187,0,32,0,0,230,FULL_MOTION_CERTIFICATE,0,0,0,236,0,0,0,0,0,,62.15,1.99742775719,-0.0633250569883,-0.0791978027446,0.937625086474,0.220235388002,-0.268989908894,0.998713878596,-0.0316625284941,-0.0395989013723,1.87802387548,0.433630978276,-0.531796058283,1.8784540446368514,0.4321897694985938,-0.5312891927388022
62.1,45.65431123751981,11.807437249401932,3.5054978841135433,1.8773853542829206,0.4549637967938943,-0.5140508275457425,1.9974296585392688,-0.06519935835862731,-0.07761316162431828,DEPTH_PROPOSAL_CERTIFIED,1.4830235479566207,0,32,0,0,230,FULL_MOTION_CERTIFICATE,0,0,0,236,0,0,0,0,0,,62.166666666,1.99742896975,-0.0642624430397,-0.0784082217316,0.937625086474,0.220235388002,-0.268989908894,0.998714484873,-0.0321312215198,-0.0392041108658,1.87781374651,0.43414914475,-0.532264524893,1.8782268502741164,0.43275096892824266,-0.5317960582829223
62.11666666666667,45.68560179087539,11.814992587380862,3.4969073732285043,1.877433201334579,0.4533202787358142,-0.5154306531023762,1.9974298018616643,-0.06613615222764017,-0.07681273334151063,DEPTH_PROPOSAL_CERTIFIED,1.4988551476167218,0,32,0,0,230,FULL_MOTION_CERTIFICATE,0,0,0,236,0,0,0,0,0,,62.183333333,1.99742965854,-0.0651993583586,-0.0776131616243,0.937625086474,0.220235388002,-0.268989908894,0.99871482927,-0.0325996791793,-0.0388065808122,1.87761953639,0.434628056218,-0.532697501636,1.8780169353648093,0.4332693584272358,-0.5322645248933089
62.13333333333333,45.71689283638871,11.822523213120077,3.4882950607670336,1.8774627307994396,0.45183754435287166,-0.5167387476882845,1.9974293786614854,-0.0670731436363309,-0.07600704350738016,DEPTH_PROPOSAL_CERTIFIED,1.514538016455668,0,32,0,0,230,FULL_MOTION_CERTIFICATE,0,0,0,236,0,0,0,0,0,,62.2,1.99742980186,-0.0661361522276,-0.0768127333415,0.937625086474,0.220235388002,-0.268989908894,0.998714900931,-0.0330680761138,-0.0384063666708,1.87744003915,0.435070686514,-0.53309767711,1.8778229902707395,0.4337481848809717,-0.5326975016363674
62.15,45.74818411053062,11.830031557172903,3.4796620930916458,1.8774764485147688,0.450500643169627,-0.5179780605232899,1.9974283685227476,-0.06801062395044064,-0.07519619438792406,DEPTH_PROPOSAL_CERTIFIED,1.5300881438733853,0,32,0,0,230,FULL_MOTION_CERTIFICATE,0,0,0,236,0,0,0,0,0,,62.216666666,1.99742937866,-0.0670731436363,-0.0760070435074,0.937625086474,0.220235388002,-0.268989908894,0.998714689331,-0.0335365718182,-0.0380035217537,1.87727414021,0.435479784186,-0.533467536238,1.8776438046417858,0.4341904487340413,-0.5330976771103564
62.166666666666664,45.77947538695958,11.837519823295956,3.471009567997427,1.877476585737553,0.44929596738316474,-0.5191515056531739,1.9974267516399784,-0.06894885935161255,-0.07438028385987312,DEPTH_PROPOSAL_CERTIFIED,1.5455217033454303,0,32,0,0,230,FULL_MOTION_CERTIFICATE,0,0,0,236,0,0,0,0,0,,62.233333333,1.99742836852,-0.0680106239504,-0.0751961943879,0.937625086474,0.220235388002,-0.268989908894,0.998714184261,-0.0340053119752,-0.037598097194,1.87712080935,0.435857889634,-0.533809375756,1.8774782598555202,0.43459892278832407,-0.5334675362377604
62.18333333333333,45.810766472399024,11.844990008866178,3.4623385354914618,1.8774651263666806,0.4482111342133684,-0.5202619503579282,1.9974245087921276,-0.06988809306735333,-0.07355940540772538,DEPTH_PROPOSAL_CERTIFIED,1.5608550431803594,0,32,0,0,230,FULL_MOTION_CERTIFICATE,0,0,0,236,0,0,0,0,0,,62.25,1.99742675164,-0.0689488593516,-0.0743802838599,0.937625086474,0.220235388002,-0.268989908894,0.99871337582,-0.0344744296758,-0.0371901419299,1.87697909447,0.43620735073,-0.53412531834,1.877325322042036,0.4349761695418524,-0.5338093757559317
62.2,45.84205720292605,11.852443923505575,3.45364999873299,1.8774438316209765,0.4472348783636838,-0.5213122055081151,1.99742162131571,-0.07082854740893728,-0.07273364814486048,DEPTH_PROPOSAL_CERTIFIED,1.576104677140496,0,32,0,0,230,FULL_MOTION_CERTIFICATE,0,0,0,236,0,0,0,0,0,,62.266666666,1.99742450879,-0.0698880930674,-0.0735594054077,0.937625086474,0.220235388002,-0.268989908894,0.998712254396,-0.0349440465337,-0.0367797027039,1.87684811557,0.43653033748,-0.534417325863,1.8771840357233873,0.4353245569975367,-0.5341253183403902
62.21666666666667,45.873347440632635,11.859883206068119,3.4449449151053875,1.8774142623953565,0.4463569537526796,-0.52230501765618,1.9974180710775145,-0.07177042563350054,-0.07190309685519337,DEPTH_PROPOSAL_CERTIFIED,1.5912872750409113,0,32,0,0,230,FULL_MOTION_CERTIFICATE,0,0,0,236,0,0,0,0,0,,62.283333333,1.99742162132,-0.0708285474089,-0.0727336481449,0.937625086474,0.220235388002,-0.268989908894,0.998710810658,-0.0354142737045,-0.0363668240724,1.87672705931,0.436828855556,-0.53468721162,1.8770535178427934,0.4356462734984272,-0.5344173258625725
62.233333333333334,45.9046370706244,11.867309340130232,3.4362241973944974,1.8773777995060301,0.44556804372682923,-0.5232430626534276,1.9974138404471409,-0.07271391364523933,-0.07106783205218932,DEPTH_PROPOSAL_CERTIFIED,1.6064196534211237,0,32,0,0,230,FULL_MOTION_CERTIFICATE,0,0,0,236,0,0,0,0,0,,62.3,1.99741807108,-0.0717704256335,-0.0719030968552,0.937625086474,0.220235388002,-0.268989908894,0.998709035539,-0.0358852128168,-0.0359515484276,1.87661517398,0.437104758626,-0.534936651486,1.876932952256249,0.4359433414114545,-0.5346872116198492
62.25,45.93592599832476,11.874723668113907,3.427488715051243,1.8773356620214583,0.4448596790205237,-0.5241289405952901,1.9974089122696002,-0.07365918154938415,-0.07022793005241997,DEPTH_PROPOSAL_CERTIFIED,1.6215187663683426,0,32,0,0,230,FULL_MOTION_CERTIFICATE,0,0,0,236,0,0,0,0,0,,62.316666666,1.99741384045,-0.0727139136452,-0.0710678320522,0.937625086474,0.220235388002,-0.268989908894,0.998706920224,-0.0363569568226,-0.0355339160261,1.87651176481,0.437359759932,-0.535167194378,1.8768215847096832,0.4362176296035957,-0.5349366514860142
62.266666666666666,45.96721414705555,11.882127404160876,3.4187392955188685,1.8772889238474162,0.4442241628182066,-0.5249651719424961,1.9974032698381687,-0.07460638507143731,-0.06938346306119374,DEPTH_PROPOSAL_CERTIFIED,1.6366016965545032,0,32,0,0,230,FULL_MOTION_CERTIFICATE,0,0,0,237,0,0,0,0,0,,62.333333333,1.99740891227,-0.0736591815494,-0.0702279300524,0.937625086474,0.220235388002,-0.268989908894,0.998704456135,-0.0368295907747,-0.0351139650262,1.87641618967,0.437595442972,-0.535380271914,1.8767187181241032,0.43647086514993705,-0.5351671943784108
62.28333333333333,45.99850145586765,11.889521645866072,3.4099767256077427,1.8772385287260984,0.4436545023117505,-0.5257541946675839,1.997396896867634,-0.07555566685315235,-0.06853449926804614,DEPTH_PROPOSAL_CERTIFIED,1.6516856465375729,0,32,0,0,231,FULL_MOTION_CERTIFICATE,0,0,0,237,0,0,0,0,0,,62.35,1.99740326984,-0.0746063850714,-0.0693834630612,0.937625086474,0.220235388002,-0.268989908894,0.998701634919,-0.0373031925357,-0.0346917315306,1.87632785507,0.437813271237,-0.535577207211,1.8766237082460226,0.4367046441329864,-0.5353802719136546
62.3,46.02978787759762,11.896907384969218,3.401201752903001,1.87718530379847,0.44314434618881193,-0.5264983622845136,1.9973897774680704,-0.07650715763576081,-0.06768110295014748,DEPTH_PROPOSAL_CERTIFIED,1.664524237621145,0,32,0,0,231,FULL_MOTION_CERTIFICATE,0,0,0,237,0,0,0,0,0,,62.366666666,1.99739689687,-0.0755556668532,-0.068534499268,0.937625086474,0.220235388002,-0.268989908894,0.998698448434,-0.0377778334266,-0.034267249634,1.87624621248,0.438014597347,-0.535759223157,1.8765359596814049,0.4369204414889608,-0.535577207211057
62.31666666666667,46.06107337712859,11.90428551709517,3.3924150871921044,1.8771299718571395,0.4426879275569296,-0.5271999426536058,1.997381896119236,-0.07746097734005077,-0.06682333458193315,DEPTH_PROPOSAL_CERTIFIED,1.6782871875387655,0,32,0,0,232,FULL_MOTION_CERTIFICATE,0,0,0,237,0,0,0,0,0,,62.383333333,1.99738977747,-0.0765071576358,-0.0676811029501,0.937625086474,0.220235388002,-0.268989908894,0.998694888734,-0.0382535788179,-0.0338405514751,1.87617075494,0.438200671492,-0.535927450026,1.876454922172908,0.43711962024796736,-0.5357592231565277
62.333333333333336,46.09235792983543,11.911656850625791,3.383617401901196,1.8770731624108135,0.4422800118372387,-0.5278611174545346,1.9973732376456659,-0.07841723605211809,-0.06596125094945236,DEPTH_PROPOSAL_CERTIFIED,1.6930648357645373,0,32,0,0,232,FULL_MOTION_CERTIFICATE,0,0,0,237,0,0,0,0,0,,62.4,1.99738189612,-0.0774609773401,-0.0668233345819,0.937625086474,0.220235388002,-0.268989908894,0.99869094806,-0.03873048867,-0.033411667291,1.87610101388,0.43837264911,-0.536082932435,1.876380087165637,0.4373034400570095,-0.5359274500258656
62.35,46.12364152019665,11.919022114779029,3.3748093355307667,1.8770154216733106,0.44191584919432986,-0.5284839822257933,1.9973637871925234,-0.07937603492285861,-0.06509490526812396,DEPTH_PROPOSAL_CERTIFIED,1.708808125485108,0,32,0,0,232,FULL_MOTION_CERTIFICATE,0,0,0,237,0,0,0,0,0,,62.416666666,1.99737323765,-0.0784172360521,-0.0659612509495,0.937625086474,0.220235388002,-0.268989908894,0.998686618823,-0.0392086180261,-0.0329806254747,1.87603655624,0.43853159811,-0.536226635865,1.876310984675776,0.437473064950842,-0.5360829324351503
62.36666666666667,46.1549241405562,11.926381966964401,3.3659914930825097,1.8769572215731647,0.4415911311223751,-0.5290705468954435,1.9973535302022503,-0.08033746698858887,-0.06422434730276323,DEPTH_PROPOSAL_CERTIFIED,1.725468119593884,0,32,0,0,232,FULL_MOTION_CERTIFICATE,0,0,0,237,0,0,0,0,0,,62.433333333,1.99736378719,-0.0793760349229,-0.0650949052681,0.937625086474,0.220235388002,-0.268989908894,0.998681893596,-0.0396880174614,-0.0325474526341,1.87597698174,0.438678505529,-0.53635945268,1.8762471803513845,0.4376295706445264,-0.5362266358651768
62.38333333333333,46.186205790020786,11.93373699947823,3.3571644474703835,1.8768989678752757,0.4413019508297711,-0.5296227367276161,1.9973424523920476,-0.08130161791955853,-0.06334962348889066,DEPTH_PROPOSAL_CERTIFIED,1.7429959789180631,0,32,0,0,232,FULL_MOTION_CERTIFICATE,0,0,0,237,0,0,0,0,0,,62.45,1.9973535302,-0.0803374669886,-0.0642243473028,0.932678510979,0.208663635046,-0.294228283085,0.998676765101,-0.0401687334943,-0.0321121736514,1.87562648263,0.43813637019,-0.537981685804,1.8761882727610297,0.43777395126000185,-0.536359452680121
62.4,46.21748610003769,11.941086889825595,3.348326847629625,1.8768186010142007,0.4409934208419107,-0.5302559904455498,1.9973305397321997,-0.08226856670255923,-0.062470777054458436,DEPTH_PROPOSAL_CERTIFIED,1.7613429632338313,0,32,0,0,232,FULL_MOTION_CERTIFICATE,0,0,0,237,0,0,0,0,0,,62.466666666,1.99734245239,-0.0813016179196,-0.0633496234889,0.932678510979,0.208663635046,-0.294228283085,0.998671226196,-0.0406508089598,-0.0316748117444,1.87498749983,0.436896249383,-0.541089641122,1.875838125309088,0.4372293549900137,-0.5379816858043428
62.416666666666664,46.248764365291926,11.948430458854483,3.339475568937002,1.8766959152544422,0.44061414173336966,-0.5310767215574025,1.9973177890723253,-0.08323828883946953,-0.061587634524437045,DEPTH_PROPOSAL_CERTIFIED,1.780460258154716,0,32,0,0,232,FULL_MOTION_CERTIFICATE,0,0,0,237,0,0,0,0,0,,62.483333333,1.99733053973,-0.0822685667026,-0.0624707770545,0.932678510979,0.208663635046,-0.294228283085,0.998665269866,-0.0411342833513,-0.0312353885272,1.87425791816,0.435413750922,-0.544678044607,1.8751991489853894,0.4359869366091686,-0.541089641122005
62.43333333333333,46.2800398193223,11.955766310912566,3.330607116856691,1.876527241822443,0.44015112348498386,-0.5321071248187015,1.997304207212426,-0.08421066200897012,-0.06069982088567503,DEPTH_PROPOSAL_CERTIFIED,1.800298823072409,0,32,0,0,232,FULL_MOTION_CERTIFICATE,0,0,0,237,0,0,0,0,0,,62.5,1.99731778907,-0.0832382888395,-0.0615876345244,0.932678510979,0.208663635046,-0.294228283085,0.998658894536,-0.0416191444197,-0.0307938172622,1.87358360783,0.434043562953,-0.547994599337,1.874469425952053,0.43450230085467656,-0.5446780446065501
62.45,46.311311823543654,11.963093298028127,3.3217186048338028,1.8763202532807237,0.4396192269335348,-0.5333107213731055,1.9972898029015795,-0.08518553827272105,-0.05980691677854239,DEPTH_PROPOSAL_CERTIFIED,1.8208093577030202,0,32,0,0,232,FULL_MOTION_CERTIFICATE,0,0,0,237,0,0,0,0,0,,62.516666666,1.99730420721,-0.084210662009,-0.0606998208857,0.932678510979,0.208663635046,-0.294228283085,0.998652103606,-0.0421053310045,-0.0303499104428,1.87296038165,0.432777177181,-0.551059899732,1.8737949930717501,0.4331300890058584,-0.5479945993368291
62.46666666666667,46.342579852275556,11.970410490373332,3.312807682232182,1.8760817239140593,0.43903154071230077,-0.534655356097259,1.9972745812540629,-0.08616279692834984,-0.058908569002240126,DEPTH_PROPOSAL_CERTIFIED,1.841942323302197,0,32,0,0,232,FULL_MOTION_CERTIFICATE,0,0,0,237,0,0,0,0,0,,62.533333333,1.9972898029,-0.0851855382727,-0.0598069167785,0.932678510979,0.208663635046,-0.294228283085,0.998644901451,-0.0425927691364,-0.0299034583893,1.87238436954,0.431606729651,-0.553892980579,1.8731716656407529,0.4318617688132453,-0.5510598997319318
62.483333333333334,46.373843479304966,11.977717149782318,3.30387246970066,1.875817621764634,0.43839956453920575,-0.536112751891361,1.9972585441807813,-0.08714234138122054,-0.05800448289110692,DEPTH_PROPOSAL_CERTIFIED,1.863647964102788,0,32,0,0,232,FULL_MOTION_CERTIFICATE,0,0,0,237,0,0,0,0,0,,62.55,1.99727458125,-0.0861627969283,-0.0589085690022,0.932678510979,0.208663635046,-0.294228283085,0.998637290627,-0.0430813984642,-0.0294542845011,1.87185199471,0.43052495239,-0.556511434086,1.8725955755416457,0.43068945522744617,-0.5538929805794064
62.5,46.40510236583659,11.985012706031208,3.294911501257276,1.875533191897577,0.4377333749333843,-0.5376581066030501,1.9972416907748918,-0.08812409633104853,-0.05709441545797553,DEPTH_PROPOSAL_CERTIFIED,1.879107525361353,0,32,0,0,232,FULL_MOTION_CERTIFICATE,0,0,0,237,0,0,0,0,0,,62.566666666,1.99725854418,-0.0871423413812,-0.0580044828911,0.932678510979,0.208663635046,-0.294228283085,0.99862927209,-0.0435711706906,-0.0290022414456,1.87135995134,0.429525128014,-0.558931519753,1.8720631475194804,0.42960586174236204,-0.5565114340856585
62.516666666666666,46.43635624969777,11.992296735613175,3.285923672443754,1.875233031670929,0.43704177491811236,-0.5392697288113698,1.9972240176562834,-0.08910800524389799,-0.05617816923277361,DEPTH_PROPOSAL_CERTIFIED,1.8604965769324302,0,32,0,0,232,FULL_MOTION_CERTIFICATE,0,0,0,238,0,0,0,0,0,,62.583333333,1.99724169077,-0.088124096331,-0.057094415458,0.932678510979,0.208663635046,-0.294228283085,0.998620845387,-0.0440620481655,-0.028547207729,1.87090518396,0.42860104785,-0.561168265738,1.871571076905821,0.42860425473179414,-0.5589315197528705
62.53333333333333,46.467604935676874,11.999568942766373,3.2769081939623947,1.874921158746298,0.43633242919186893,-0.5409287088815953,1.9972055192790956,-0.09009402808265322,-0.05525558673076214,DEPTH_PROPOSAL_CERTIFIED,1.842635485158798,0,32,0,0,232,FULL_MOTION_CERTIFICATE,0,0,0,238,0,0,0,0,0,,62.6,1.99722401766,-0.0891080052439,-0.0561781692328,0.932678510979,0.208663635046,-0.294228283085,0.998612008828,-0.0445540026219,-0.0280890846164,1.87048486864,0.42774697376,-0.563235561267,1.8711163090658007,0.4276784113316989,-0.5611682657383472
62.55,46.49884828688566,12.006829142535544,3.267864550263377,1.8746010725274078,0.4356119861502649,-0.5426186219410948,1.9971861882059894,-0.09108213927149027,-0.05432654549076181,DEPTH_PROPOSAL_CERTIFIED,1.822583425522208,0,32,0,0,232,FULL_MOTION_CERTIFICATE,0,0,0,238,0,0,0,0,0,,62.616666666,1.99720551928,-0.0900940280827,-0.0552555867308,0.932678510979,0.208663635046,-0.294228283085,0.99860275964,-0.0450470140413,-0.0276277933654,1.87009639543,0.426957602302,-0.56514624338,1.8706960206569472,0.42682258104269566,-0.5632355612669897
62.56666666666667,46.530086217045856,12.014077245667778,3.2587924625978917,1.874275809611145,0.43488618793389594,-0.544325259928909,1.9971660153525153,-0.09207232587216146,-0.053390953629298486,DEPTH_PROPOSAL_CERTIFIED,1.803550791642035,0,32,0,0,232,FULL_MOTION_CERTIFICATE,0,0,0,238,0,0,0,0,0,,62.633333333,1.99718618821,-0.0910821392715,-0.0543265454908,0.932678510979,0.208663635046,-0.294228283085,0.998593094103,-0.0455410696357,-0.0271632727454,1.86973735197,0.426228031665,-0.56691217696,1.8703076020327385,0.42603144969419765,-0.5651462433802346
62.583333333333336,46.561318683609315,12.021313245161464,3.249691856097775,1.8739479938078656,0.4341599696212047,-0.5460363900070433,1.9971449902045644,-0.09306458595183796,-0.05244874586130061,DEPTH_PROPOSAL_CERTIFIED,1.7857331117572888,0,32,0,0,232,FULL_MOTION_CERTIFICATE,0,0,0,238,0,0,0,0,0,,62.65,1.99716601535,-0.0920723258722,-0.0533909536293,0.932678510979,0.208663635046,-0.294228283085,0.998583007676,-0.0460361629361,-0.0266954768146,1.86940550878,0.425553731533,-0.568544327691,1.8699486410078587,0.42530010620637093,-0.5669121769602826
62.6,46.59254568163016,12.028537204304982,3.240562830484421,1.8736198812508305,0.43343754861110934,-0.5477415368012583,1.9971231010115955,-0.094058927124098,-0.0514998799425006,DEPTH_PROPOSAL_CERTIFIED,1.7691254453263996,0,32,0,0,232,FULL_MOTION_CERTIFICATE,0,0,0,238,0,0,0,0,0,,62.666666666,1.9971449902,-0.0930645859518,-0.0524487458613,0.932678510979,0.208663635046,-0.294228283085,0.998572495102,-0.0465322929759,-0.0262243729307,1.86909880525,0.424930514782,-0.570052830545,1.8696169080550025,0.4246240122879454,-0.5685443276906816
62.61666666666667,46.62376723831408,12.03574924605631,3.2314056340456325,1.8732934010353455,0.43272250507976473,-0.5494317863273365,1.9971003349580685,-0.09505536524640198,-0.05054433349292326,DEPTH_PROPOSAL_CERTIFIED,1.753722760713044,0,32,0,0,232,FULL_MOTION_CERTIFICATE,0,0,0,238,0,0,0,0,0,,62.683333333,1.99712310101,-0.0940589271241,-0.0514998799425,0.932678510979,0.208663635046,-0.294228283085,0.998561550506,-0.047029463562,-0.0257499399713,1.86881533681,0.424354511385,-0.571447052969,1.8693103424064281,0.4239989739973601,-0.5700528305454916
62.63333333333333,46.65498340817754,12.042949543628891,3.222220640553003,1.8729701918077737,0.43201785435491724,-0.5510996095577823,1.997076678315259,-0.09605392325883419,-0.04958210116441539,DEPTH_PROPOSAL_CERTIFIED,1.7395199358922646,0,32,0,0,232,FULL_MOTION_CERTIFICATE,0,0,0,238,0,0,0,0,0,,62.7,1.99710033496,-0.0950553652464,-0.0505443334929,0.932678510979,0.208663635046,-0.294228283085,0.998550167479,-0.0475276826232,-0.0252721667465,1.86855334326,0.42382214461,-0.57273565248,1.8690270392313983,0.42342111551177763,-0.5714470529692223
62.65,46.68619426875582,12.050138312162153,3.213008328824361,1.8726516346969229,0.43132611199568316,-0.5527387037185526,1.9970521165754358,-0.09705463015031332,-0.048613192118579354,DEPTH_PROPOSAL_CERTIFIED,1.7265117600330497,0,32,0,0,232,FULL_MOTION_CERTIFICATE,0,0,0,238,0,0,0,0,0,,62.716666666,1.99707667832,-0.0960539232588,-0.0495821011644,0.932678510979,0.208663635046,-0.294228283085,0.998538339158,-0.0480269616294,-0.0247910505822,1.86831119771,0.423330108681,-0.573926630742,1.868765237944542,0.4228868552130265,-0.5727356524799518
62.666666666666664,46.71739991680447,12.057315801366181,3.203769264662608,1.8723388829190577,0.43064935224175466,-0.5543438497051936,1.997026634570179,-0.09805752003978134,-0.04763762778469722,DEPTH_PROPOSAL_CERTIFIED,1.714692935779758,0,32,0,0,232,FULL_MOTION_CERTIFICATE,0,0,0,238,0,0,0,0,0,,62.733333333,1.99705211658,-0.0970546301503,-0.0486131921186,0.932678510979,0.208663635046,-0.294228283085,0.998526058288,-0.0485273150752,-0.0243065960593,1.86808739652,0.422875348173,-0.575027383448,1.8685233112291033,0.42239288324382646,-0.5739266307422151
62.68333333333333,46.74860046494401,12.06448228904062,3.1945040849279476,1.8720328883729258,0.4299892604663473,-0.5559107840796639,1.9970002165744454,-0.09906263136098686,-0.04665543986991594,DEPTH_PROPOSAL_CERTIFIED,1.7028816049916742,0,32,0,0,232,FULL_MOTION_CERTIFICATE,0,0,0,238,0,0,0,0,0,,62.75,1.99702663457,-0.0980575200398,-0.0476376277847,0.932678510979,0.208663635046,-0.294228283085,0.998513317285,-0.0490287600199,-0.0238188138923,1.86788054995,0.422455039219,-0.576044745796,1.8682997549101175,0.42193614080637676,-0.5750273834482034
62.7,46.7797960387027,12.071638075377718,3.1852134835244494,1.871734425520498,0.42934718022567686,-0.5574360842096906,1.9969728463978484,-0.1000700061405409,-0.045666668596553696,DEPTH_PROPOSAL_CERTIFIED,1.6910676660559143,0,32,0,0,232,FULL_MOTION_CERTIFICATE,0,0,0,238,0,0,0,0,0,,62.766666666,1.99700021657,-0.099062631361,-0.0466554398699,0.932678510979,0.208663635046,-0.294228283085,0.998500108287,-0.0495313156805,-0.023327719935,1.8676893736,0.422066571876,-0.576985035181,1.8680931787208794,0.4215138012895008,-0.5760447457960096
62.71666666666667,46.81098677391606,12.078783477967756,3.1758981991020523,1.871444112801838,0.42872415540221404,-0.5589170653438594,1.996944507464456,-0.10107968935992179,-0.04467136114382279,DEPTH_PROPOSAL_CERTIFIED,1.6756006775533345,0,32,0,0,232,FULL_MOTION_CERTIFICATE,0,0,0,238,0,0,0,0,0,,62.783333333,1.9969728464,-0.100070006141,-0.0456666685966,0.932678510979,0.208663635046,-0.294228283085,0.998486423199,-0.0500350030703,-0.0228333342983,1.86751268029,0.421707533855,-0.577854090576,1.8679022976341864,0.42112325255596694,-0.5769850351807202
62.733333333333334,46.84217281444642,12.085918827433048,3.166559004294261,1.871162431821768,0.4281209679175664,-0.560351688467516,1.99691518288231,-0.10209172839293534,-0.0436695702732913,DEPTH_PROPOSAL_CERTIFIED,1.6527829364917452,0,32,0,0,232,FULL_MOTION_CERTIFICATE,0,0,0,238,0,0,0,0,0,,62.8,1.99694450746,-0.10107968936,-0.0446713611438,0.924905420359,0.27609904809,-0.261379568891,0.998472253732,-0.05053984468,-0.0223356805719,1.86716691374,0.42283610239,-0.57799087623,1.8677259238649124,0.4207620806048643,-0.5778540905761272
62.75,46.873354080746694,12.093046307688574,3.1571975377847497,1.87087597801634,0.4276488153316385,-0.5616879905707093,1.996884855503734,-0.10310617251094566,-0.042661353119353124,DEPTH_PROPOSAL_CERTIFIED,1.6305664338206163,0,32,0,0,232,FULL_MOTION_CERTIFICATE,0,0,0,238,0,0,0,0,0,,62.816666666,1.99691518288,-0.102091728393,-0.0436695702733,0.924905420359,0.27609904809,-0.261379568891,0.998457591441,-0.0510458641965,-0.0218347851366,1.86665526782,0.425448991822,-0.57738803181,1.86738124159012,0.4218885537833183,-0.5779908762296683
62.766666666666666,46.90453029088043,12.100169811137981,3.147816247990845,1.8705726080241643,0.4274102069644568,-0.5628773876343033,1.9968534948458638,-0.10412328537500785,-0.041646867404082626,DEPTH_PROPOSAL_CERTIFIED,1.6089571725577883,0,32,0,0,232,FULL_MOTION_CERTIFICATE,0,0,0,239,0,0,0,0,0,,62.833333333,1.9968848555,-0.103106172511,-0.0426613531194,0.924905420359,0.27609904809,-0.261379568891,0.998442427752,-0.0515530862555,-0.0213306765597,1.86598173035,0.429542050511,-0.576036409302,1.8668714941196212,0.4244991848848395,-0.5773880318101516
62.78333333333333,46.935700980949804,12.107294803763626,3.138418343270592,1.8702414041626438,0.4274995575387608,-0.5638742832151902,1.9968210576973764,-0.10514353012628418,-0.04062636593289492,DEPTH_PROPOSAL_CERTIFIED,1.587960634241131,0,32,0,0,232,FULL_MOTION_CERTIFICATE,0,0,0,239,0,0,0,0,0,,62.85,1.99685349485,-0.104123285375,-0.0416468674041,0.924905420359,0.27609904809,-0.261379568891,0.998426747423,-0.0520616426875,-0.020823433702,1.86515178841,0.435109475523,-0.573923498682,1.8662007170520953,0.42858963454526944,-0.5760364093020108
62.8,46.96686552586841,12.114428198368097,3.129007750146972,1.869872695116126,0.42800367626832,-0.564635587417225,1.9967874886867112,-0.10616755547257825,-0.03960019178229424,DEPTH_PROPOSAL_CERTIFIED,1.567581684194732,0,32,0,0,232,FULL_MOTION_CERTIFICATE,0,0,0,239,0,0,0,0,0,,62.866666666,1.9968210577,-0.105143530126,-0.0406263659329,0.924905420359,0.27609904809,-0.261379568891,0.998410528849,-0.0525717650631,-0.0203131829664,1.8641745247,0.442141434078,-0.571028786339,1.8653744447486065,0.43415392476894255,-0.5739234986820504
62.81666666666667,46.998023163099816,12.121578232344254,3.1195890848024868,1.8694582338840238,0.4290020385691908,-0.5651199206689069,1.9967527208152618,-0.10719618258487255,-0.03856877436580963,DEPTH_PROPOSAL_CERTIFIED,1.5478244810891653,0,32,0,0,232,FULL_MOTION_CERTIFICATE,0,0,0,239,0,0,0,0,0,,62.883333333,1.99678748869,-0.106167555473,-0.0396001917823,0.924905420359,0.27609904809,-0.261379568891,0.998393744343,-0.0530837777363,-0.0198000958911,1.8630863668,0.450479060162,-0.567371994709,1.8644018068523787,0.4411820586398094,-0.5710287863394238
62.833333333333336,47.02917304903042,12.12875416652967,3.110167575930177,1.868993155836139,0.430556051125065,-0.565290532338609,1.996716675963157,-0.10823039240547017,-0.03753262701169951,DEPTH_PROPOSAL_CERTIFIED,1.5286924101606552,0,32,0,0,232,FULL_MOTION_CERTIFICATE,0,0,0,239,0,0,0,0,0,,62.9,1.99675272082,-0.107196182585,-0.0385687743658,0.924905420359,0.27609904809,-0.261379568891,0.998376360408,-0.0535980912924,-0.0192843871829,1.86208064511,0.458185047893,-0.563992232753,1.8633192036519444,0.4495150043067318,-0.5673719947089745
62.85,47.06031450800789,12.13596376130734,3.100747706325021,1.8684875386484645,0.43257568666018326,-0.5651921763093992,1.9966792666666922,-0.10927129205298697,-0.03649233887313131,DEPTH_PROPOSAL_CERTIFIED,1.5101886523576766,0,32,0,0,232,FULL_MOTION_CERTIFICATE,0,0,0,239,0,0,0,0,0,,62.916666666,1.99671667596,-0.108230392405,-0.0375326270117,0.924905420359,0.27609904809,-0.261379568891,0.998358337982,-0.0541151962027,-0.0187663135058,1.86115111451,0.465307248236,-0.560868513562,1.862319008958834,0.45721524018862714,-0.5639922327530391
62.86666666666667,47.091447011722245,12.14321345089676,3.09133329589,1.8679502228612321,0.4349813753652043,-0.564864626101268,1.996640415009309,-0.11031982109076288,-0.035448416409723474,DEPTH_PROPOSAL_CERTIFIED,1.4923162618583898,0,32,0,0,232,FULL_MOTION_CERTIFICATE,0,0,0,239,0,0,0,0,0,,62.933333333,1.99667926667,-0.109271292053,-0.0364923388731,0.924905420359,0.27609904809,-0.261379568891,0.998339633333,-0.0546356460265,-0.0182461694366,1.86029200284,0.471889888363,-0.557981439582,1.861394970256997,0.4643307775664633,-0.5608685135620671
62.88333333333333,47.122570160744935,12.150508499842532,3.08192757634705,1.8673889413615665,0.4377029367464141,-0.5643431725770554,1.9966000516111555,-0.1113767704454895,-0.03440129229350868,DEPTH_PROPOSAL_CERTIFIED,1.475078230751278,0,32,0,0,232,FULL_MOTION_CERTIFICATE,0,0,0,239,0,0,0,0,0,,62.95,1.99664041501,-0.110319821091,-0.0354484164097,0.924905420359,0.27609904809,-0.261379568891,0.998320207505,-0.0551599105454,-0.0177242082049,1.85949797539,0.477973843623,-0.555313083331,1.860541307065647,0.47090598559717567,-0.5579814395816604
62.9,47.15368366801846,12.157853143394902,3.072533258431935,1.8668104364115097,0.440678613142192,-0.5636590749069312,1.996558114709301,-0.11244279943897761,-0.03335133344810714,DEPTH_PROPOSAL_CERTIFIED,1.4584775424059955,0,32,0,0,232,FULL_MOTION_CERTIFICATE,0,0,0,239,0,0,0,0,0,,62.966666666,1.99660005161,-0.111376770445,-0.0344012922935,0.924905420359,0.27609904809,-0.261379568891,0.998300025806,-0.0556883852227,-0.0172006461468,1.85876410158,0.483596892834,-0.552846875434,1.8597526760208143,0.4769818651706844,-0.5553130833314164
62.916666666666664,47.1847873441071,12.16525071332703,3.0631525922838314,1.8662205653184938,0.4438541959276786,-0.562839968886252,1.9965145493224463,-0.11351845110919997,-0.03229884830077931,DEPTH_PROPOSAL_CERTIFIED,1.4425172149478298,0,32,0,0,232,FULL_MOTION_CERTIFICATE,0,0,0,239,0,0,0,0,0,,62.983333333,1.99655811471,-0.112442799439,-0.0333513334481,0.924905420359,0.27609904809,-0.261379568891,0.998279057355,-0.0562213997195,-0.0166756667241,1.85808582423,0.488793953797,-0.550567501324,1.8590241379837005,0.48259630591061764,-0.5528468754339638
62.93333333333333,47.21588108403702,12.17270375059159,3.053787421675579,1.865624395795285,0.4471822358736261,-0.5619102364951648,1.9964693064939176,-0.11460416598141714,-0.03124409332015552,DEPTH_PROPOSAL_CERTIFIED,1.4256748356691678,0,32,0,0,232,FULL_MOTION_CERTIFICATE,0,0,0,239,0,0,0,0,0,,63,1.99651454932,-0.113518451109,-0.0322988483008,0.924905420359,0.27609904809,-0.261379568891,0.998257274661,-0.0567592255546,-0.0161494241504,1.85745893153,0.493597298013,-0.548460807074,1.8583511276121367,0.4877843232141883,-0.5505675013239006
62.95,47.24696485557018,12.180214106086552,3.0444392326701273,1.8650262919887632,0.45062132969766444,-0.560891340326903,1.9964223426068395,-0.11570029443556906,-0.030187278905884716,DEPTH_PROPOSAL_CERTIFIED,1.4076378034355823,0,32,0,0,232,FULL_MOTION_CERTIFICATE,0,0,0,239,0,0,0,0,0,,63.016666666,1.99646930649,-0.114604165981,-0.0312440933202,0.924905420359,0.27609904809,-0.261379568891,0.998234653247,-0.0573020829907,-0.0156220466601,1.85687953073,0.498036752242,-0.546513710994,1.8577294255492023,0.4925782743509153,-0.548460807074114
62.96666666666667,47.27803868877032,12.187783030687028,3.03510919723707,1.8644299920090952,0.4541354760285419,-0.5598021259834689,1.9963736187656218,-0.11680710780241854,-0.029128574690312485,DEPTH_PROPOSAL_CERTIFIED,1.3897698947028545,0,32,0,0,232,FULL_MOTION_CERTIFICATE,0,0,0,239,0,0,0,0,0,,63.033333333,1.99642234261,-0.115700294436,-0.0301872789059,0.924905420359,0.27609904809,-0.261379568891,0.998211171303,-0.0578501472178,-0.0150936394529,1.8563440239,0.502139884441,-0.544714122078,1.8571551322571436,0.4970080612652493,-0.5465137109935715
62.983333333333334,47.309102666732876,12.195411255592555,3.0257982123139944,1.863838677753344,0.4576934943317201,-0.5586590953845685,1.9963231002381447,-0.1179248083093878,-0.028068114307118606,DEPTH_PROPOSAL_CERTIFIED,1.3721018010890738,0,32,0,0,232,FULL_MOTION_CERTIFICATE,0,0,0,239,0,0,0,0,0,,63.05,1.99637361877,-0.116807107802,-0.0291285746903,0.943401389678,0.221586177482,-0.24676584833,0.998186809383,-0.0584035539012,-0.0145642873452,1.85631990478,0.504701405826,-0.542540772934,1.8566246438331786,0.501101317630497,-0.5447141220779823
63.0,47.34015751095269,12.20309750960387,3.016507578808154,1.8632906531889233,0.4611752406788795,-0.5574380103504457,1.9962707559533286,-0.11905353798597962,-0.02700599967687514,DEPTH_PROPOSAL_CERTIFIED,1.3546640253121047,0,32,0,0,233,FULL_MOTION_CERTIFICATE,0,0,0,239,0,0,0,0,0,,63.066666666,1.99632310024,-0.117924808309,-0.0280681143071,0.923641036019,0.21522956262,-0.317117441899,0.998161550119,-0.0589624041547,-0.0140340571536,1.85620607874,0.50615124991,-0.54160593267,1.8566047535029893,0.5036525461142267,-0.5425407729341475
63.016666666666666,47.37120377420616,12.21083921436155,3.0072369352993857,1.8627757952081163,0.4645022854608491,-0.5562386105261397,1.9962165679526407,-0.12019320526347826,-0.025942383080049442,DEPTH_PROPOSAL_CERTIFIED,1.3374884288759012,0,32,0,0,233,FULL_MOTION_CERTIFICATE,0,0,0,240,0,0,0,0,0,,63.083333333,1.99627075595,-0.119053537986,-0.0270059996769,0.923641036019,0.21522956262,-0.317117441899,0.998135377977,-0.059526768993,-0.0135029998384,1.856004934,0.506485358176,-0.541906117384,1.8564945278422715,0.5050922318008806,-0.5416059326696051
63.03333333333333,47.40224185627143,12.218632578434669,2.997984388372868,1.8622849239166095,0.4676018443870507,-0.5551528155910928,1.9961605306985546,-0.12134356060368026,-0.02487721811792276,DEPTH_PROPOSAL_CERTIFIED,1.3206080762154182,0,32,0,0,233,FULL_MOTION_CERTIFICATE,0,0,0,240,0,0,0,0,0,,63.1,1.99621656795,-0.120193205263,-0.02594238308,0.923641036019,0.21522956262,-0.317117441899,0.998108283976,-0.0600966026317,-0.01297119154,1.85571926642,0.505698999044,-0.543437231299,1.856296294160226,0.5054164632867124,-0.5419061173835195
63.05,47.43327201897567,12.226472683419527,2.988746633850759,1.8618097622544478,0.47040629909148823,-0.554265271326568,1.9961026502376533,-0.12250420640091893,-0.023810273587224623,DEPTH_PROPOSAL_CERTIFIED,1.3040570882128428,0,32,0,0,233,FULL_MOTION_CERTIFICATE,0,0,0,240,0,0,0,0,0,,63.116666666,1.9961605307,-0.121343560604,-0.0248772181179,0.923641036019,0.21522956262,-0.317117441899,0.998080265349,-0.0606717803018,-0.012438609059,1.85535256376,0.503786300283,-0.546194138572,1.8560127899760739,0.504620646485628,-0.5434372312993653
63.06666666666667,47.46429440097961,12.234353562064117,2.9795190701528314,1.8613429202355196,0.4728527186752356,-0.5536538218754554,1.9960429434461973,-0.12367460603727172,-0.022741146412771387,DEPTH_PROPOSAL_CERTIFIED,1.2878705042529983,0,32,0,0,234,FULL_MOTION_CERTIFICATE,0,0,0,240,0,0,0,0,0,,63.133333333,1.99610265024,-0.122504206401,-0.0238102735872,0.923641036019,0.21522956262,-0.317117441899,0.998051325119,-0.0612521032005,-0.0119051367936,1.85490965073,0.500739192582,-0.550169687303,1.8556474476045977,0.5026990375969417,-0.5461941385718847
63.083333333333336,47.49530903313371,12.242268267688948,2.970295905614721,1.8608779292458424,0.4748823374898808,-0.5533898722866532,1.9959814373545315,-0.1248540920844542,-0.021669273774287873,DEPTH_PROPOSAL_CERTIFIED,1.2720841510295686,0,32,0,0,234,FULL_MOTION_CERTIFICATE,0,0,0,240,0,0,0,0,0,,63.15,1.99604294345,-0.123674606037,-0.0227411464128,0.923641036019,0.21522956262,-0.317117441899,0.998021471723,-0.0618373030186,-0.0113705732064,1.85439871457,0.496544128456,-0.555351613629,1.8552050391717796,0.4996436870285535,-0.5501696873032657
63.1,47.52631585691834,12.250208931420374,2.961070264130472,1.8604094270778035,0.4764398238856816,-0.5535384890549873,1.9959181685514638,-0.12604187355953936,-0.02059394463844862,DEPTH_PROPOSAL_CERTIFIED,1.256734513139008,0,32,0,0,234,FULL_MOTION_CERTIFICATE,0,0,0,240,0,0,0,0,0,,63.166666666,1.99598143735,-0.124854092084,-0.0216692737743,0.923641036019,0.21522956262,-0.317117441899,0.997990718677,-0.0624270460422,-0.0108346368871,1.85385957501,0.491537689019,-0.561327618705,1.8546937006277286,0.4954411579144532,-0.555351613628664
63.11666666666667,47.557314781697535,12.258167257138169,2.951834787886563,1.8599354867521456,0.47749954306764963,-0.5541285746345661,1.995853182688098,-0.12723704182121828,-0.01951431121958364,DEPTH_PROPOSAL_CERTIFIED,1.2418583025490646,0,32,0,0,234,FULL_MOTION_CERTIFICATE,0,0,0,240,0,0,0,0,0,,63.183333333,1.99591816855,-0.12604187356,-0.0205939446384,0.923641036019,0.21522956262,-0.317117441899,0.997959084276,-0.0630209367798,-0.0102969723192,1.85336127932,0.486910525004,-0.566850896474,1.8541534147791188,0.4904281170876602,-0.5613276187054285
63.13333333333333,47.58830577521678,12.266136057204937,2.9425832481049774,1.859459611154925,0.47812800400611527,-0.555092386895157,1.9957865300094781,-0.12843862971619083,-0.01842946090785369,DEPTH_PROPOSAL_CERTIFIED,1.2274914771696026,0,32,0,0,234,FULL_MOTION_CERTIFICATE,0,0,0,240,0,0,0,0,0,,63.2,1.99585318269,-0.127237041821,-0.0195143112196,0.923641036019,0.21522956262,-0.317117441899,0.997926591344,-0.0636185209106,-0.00975715560979,1.8529007333,0.482633903724,-0.571955744101,1.8536539288688354,0.4857952274553964,-0.5668508964743679
63.15,47.61928885530344,12.274109132062819,2.9333104162057078,1.8589848051992977,0.4783844914729031,-0.5563699139562003,1.9957182515852228,-0.12964579761813755,-0.01733861152395231,DEPTH_PROPOSAL_CERTIFIED,1.2113976813675797,0,32,0,0,234,FULL_MOTION_CERTIFICATE,0,0,0,240,0,0,0,0,0,,63.216666666,1.99578653001,-0.128438629716,-0.0184294609079,0.923641036019,0.21522956262,-0.317117441899,0.997893265005,-0.0642193148581,-0.00921473045393,1.85247507716,0.478681269148,-0.576673860556,1.8531921725406428,0.4815136385677147,-0.5719557441009282
63.166666666666664,47.65026408248651,12.282081161715887,2.9240119480102265,1.85851363098412,0.4783217791840678,-0.5579080917289022,1.9956483802841256,-0.13085781995145856,-0.016241096850185124,DEPTH_PROPOSAL_CERTIFIED,1.1940819624242205,0,32,0,0,234,FULL_MOTION_CERTIFICATE,0,0,0,240,0,0,0,0,0,,63.233333333,1.99571825159,-0.129645797618,-0.017338611524,0.923641036019,0.21522956262,-0.317117441899,0.997859125793,-0.0648228988091,-0.00866930576198,1.85208166768,0.475028076355,-0.581034544222,1.8527653055589512,0.4775566892602775,-0.5766738605558669
63.18333333333333,47.68123155344442,12.290047607987235,2.914684279748466,1.8580482574749402,0.4779867762808903,-0.5596600957056501,1.9955769416481524,-0.1320740730129465,-0.015136353589233655,DEPTH_PROPOSAL_CERTIFIED,1.1768300143786428,0,32,0,0,234,FULL_MOTION_CERTIFICATE,0,0,0,240,0,0,0,0,0,,63.25,1.99564838028,-0.130857819951,-0.0162410968502,0.923641036019,0.21522956262,-0.317117441899,0.997824190142,-0.0654289099757,-0.00812054842509,1.85171806194,0.471651640597,-0.585064873058,1.8523707006629462,0.4738997408621248,-0.5810345442219759
63.2,47.712191395198325,12.298004626542493,2.90532453474762,1.8575905052334907,0.47742111331525966,-0.5615847000505476,1.9955039546771398,-0.13329402397299206,-0.014023909618355293,DEPTH_PROPOSAL_CERTIFIED,1.1596448608038799,0,32,0,0,234,FULL_MOTION_CERTIFICATE,0,0,0,240,0,0,0,0,0,,63.266666666,1.99557694165,-0.132074073013,-0.0151363535892,0.923641036019,0.21522956262,-0.317117441899,0.997788470824,-0.0660370365065,-0.00756817679462,1.85138200211,0.468530995619,-0.588789873723,1.8520059278878076,0.4705200251345683,-0.5850648730582876
63.21666666666667,47.743143759975645,12.305948987759681,2.8959304397800203,1.8571418866393,0.4766616730313281,-0.5636456980560248,1.9954294325339264,-0.1345172209486429,-0.01290337341890094,DEPTH_PROPOSAL_CERTIFIED,1.142529154222871,0,32,0,0,234,FULL_MOTION_CERTIFICATE,0,0,0,240,0,0,0,0,0,,63.283333333,1.99550395468,-0.133294023973,-0.0140239096184,0.923641036019,0.21522956262,-0.317117441899,0.997751977339,-0.0666470119865,-0.00701195480918,1.85107140134,0.465646762957,-0.592232677585,1.8516687397901714,0.46739650156736257,-0.588789873722848
63.233333333333334,47.77408882067612,12.313878005609096,2.8865002501412977,1.8567036420287784,0.4757410709649655,-0.5658113783233881,1.995353383178365,-0.13574328404995867,-0.011774424571313395,DEPTH_PROPOSAL_CERTIFIED,1.1254852249320948,0,32,0,0,234,FULL_MOTION_CERTIFICATE,0,0,0,240,0,0,0,0,0,,63.3,1.99542943253,-0.134517220949,-0.0129033734189,0.923641036019,0.21522956262,-0.317117441899,0.997714716267,-0.0672586104743,-0.00645168670945,1.85078433093,0.462981032773,-0.595414662968,1.8513570577804164,0.4645097257553407,-0.5922326775852219
63.25,47.805026766878626,12.321789473784818,2.877032682617923,1.8562767721504156,0.47468809054335837,-0.5680540514025221,1.9952758099375985,-0.13697189730986664,-0.010636805215623941,DEPTH_PROPOSAL_CERTIFIED,1.1085151244591265,0,32,0,0,234,FULL_MOTION_CERTIFICATE,0,0,0,240,0,0,0,0,0,,63.316666666,1.99535338318,-0.13574328405,-0.0117744245713,0.923641036019,0.21522956262,-0.317117441899,0.997676691589,-0.067871642025,-0.00588721228566,1.8505190083,0.460517251998,-0.598355588671,1.8510689596343899,0.4618417293997508,-0.5954146629679573
63.266666666666666,47.83595780133314,12.329681608396335,2.867526855577795,1.855862067270591,0.47352807669099944,-0.5703496224076887,1.995196712019042,-0.13820280141590946,-0.009490312386744445,DEPTH_PROPOSAL_CERTIFIED,1.0916206642078936,0,32,0,0,234,FULL_MOTION_CERTIFICATE,0,0,0,241,0,0,0,0,0,,63.333333333,1.99527580994,-0.13697189731,-0.0106368052156,0.923641036019,0.21522956262,-0.317117441899,0.997637904969,-0.0684859486549,-0.00531840260781,1.85027378585,0.458240121138,-0.601073717144,1.8508026677367309,0.4593759076922196,-0.5983555886707238
63.28333333333333,47.86688213688732,12.337552996592134,2.857982235488758,1.855460133251067,0.472283291747919,-0.5726772053422399,1.9951160849717777,-0.13943578716926422,-0.008334791141657433,DEPTH_PROPOSAL_CERTIFIED,1.0748034497874288,0,32,0,0,235,FULL_MOTION_CERTIFICATE,0,0,0,241,0,0,0,0,0,,63.35,1.99519671202,-0.138202801416,-0.00949031238674,0.923641036019,0.21522956262,-0.317117441899,0.99759835601,-0.069101400708,-0.00474515619337,1.85004714086,0.456135500194,-0.603585926789,1.8505565382128732,0.4570969154423369,-0.6010737171437652
63.3,47.8977999938023,12.345402550546305,2.8483985892362784,1.8550714148990648,0.47097323725027584,-0.5750187751488104,1.995033921101412,-0.14067068960308238,-0.007170128403130906,DEPTH_PROPOSAL_CERTIFIED,1.0580649114681686,0,32,0,0,235,FULL_MOTION_CERTIFICATE,0,0,0,241,0,0,0,0,0,,63.366666666,1.99511608497,-0.139435787169,-0.00833479114166,0.923641036019,0.21522956262,-0.317117441899,0.997558042486,-0.0697178935846,-0.00416739557083,1.84983766596,0.454190320351,-0.605907817379,1.8503290510046393,0.4549905723790285,-0.603585926788973
63.31666666666667,47.92871159741633,12.353229466289655,2.838775941667848,1.8546962168410912,0.4696149446007818,-0.5773588541056094,1.994950209842884,-0.14190738269847777,-0.005996247451643291,DEPTH_PROPOSAL_CERTIFIED,1.0414063311659771,0,32,0,0,236,FULL_MOTION_CERTIFICATE,0,0,0,241,0,0,0,0,0,,63.383333333,1.9950339211,-0.140670689603,-0.00717012840313,0.923641036019,0.21522956262,-0.317117441899,0.997516960551,-0.0703353448015,-0.00358506420157,1.84964406035,0.452392502504,-0.608053807302,1.8501188005338156,0.4530437742769611,-0.6059078173785453
63.333333333333336,47.959617176119025,12.361033186914796,2.8291145378453866,1.8543347221619213,0.4682232375085157,-0.5796842293477352,1.9948649380952288,-0.14314577464179326,-0.004813103003140749,DEPTH_PROPOSAL_CERTIFIED,1.0248288663135279,0,32,0,0,236,FULL_MOTION_CERTIFICATE,0,0,0,241,0,0,0,0,0,,63.4,1.99495020984,-0.141907382698,-0.00599624745164,0.923641036019,0.21522956262,-0.317117441899,0.997475104921,-0.0709536913492,-0.00299812372582,1.84946512184,0.450730882981,-0.610037222227,1.849924487076049,0.45124441098286794,-0.6080538073016726
63.35,47.99051695960294,12.36881336972955,2.8194148095369655,1.8539870090350326,0.4668109688852751,-0.5819836985052833,1.9947780905219255,-0.14438580357187045,-0.0036206768159662396,DEPTH_PROPOSAL_CERTIFIED,1.0083335709406973,0,32,0,0,236,FULL_MOTION_CERTIFICATE,0,0,0,241,0,0,0,0,0,,63.416666666,1.9948649381,-0.143145774642,-0.00481310300314,0.927447541758,0.179414184601,-0.328103044258,0.997432469048,-0.0715728873209,-0.00240655150157,1.84946363431,0.447475812443,-0.612475831531,1.8497449088869886,0.4495812916817395,-0.6100372222273721
63.36666666666667,48.02141138294881,12.376567685969587,2.8096765810605824,1.8536654007522217,0.4652589744022574,-0.5842937085830212,1.9946896498200397,-0.14562743377084053,-0.002418973775661182,DEPTH_PROPOSAL_CERTIFIED,0.9883654078227517,0,32,0,0,236,FULL_MOTION_CERTIFICATE,0,0,0,241,0,0,0,0,0,,63.416666666,1.9948649381,-0.143145774642,-0.00481310300314,0.927447541758,0.179414184601,-0.328103044258,0.997432469048,-0.0715728873209,-0.00240655150157,1.84946363431,0.447475812443,-0.612475831531,1.8497417797019304,0.4463246417094401,-0.6124758315314257
63.38333333333333,48.052301088782784,12.384291956712561,2.79989917800914,1.8533823500383564,0.46345624457847534,-0.5866441830865795,1.9945996167277766,-0.14687038459610327,-0.001207923011052222,DEPTH_PROPOSAL_CERTIFIED,0.966672190479015,0,32,0,0,236,FULL_MOTION_CERTIFICATE,0,0,0,241,0,0,0,0,0,,63.45,1.99468964982,-0.145627433771,-0.00241897377566,0.87651667107,0.348886865938,-0.331657172563,0.99734482491,-0.0728137168854,-0.00120948688783,1.84934985356,0.439346244465,-0.618216187287,1.849929131329199,0.4414629407283328,-0.6153199720299926
63.4,48.08318604853703,12.391984329380918,2.7900819113160296,1.8530975852546772,0.46154236010143285,-0.5890360015866429,1.9945080094632135,-0.14811414526672792,1.260935947059563e-05,DEPTH_PROPOSAL_CERTIFIED,0.9390206411967066,0,32,0,0,236,FULL_MOTION_CERTIFICATE,0,0,0,241,0,0,0,0,0,,63.466666666,1.99459961673,-0.146870384596,-0.00120792301105,0.87651667107,0.348886865938,-0.331657172563,0.997299808364,-0.0734351922981,-0.000603961505526,1.8485583447,0.437670247842,-0.621148687814,1.8496234548937893,0.4381929694815131,-0.6182161872874183
63.416666666666664,48.11406562125512,12.399645104151341,2.7802240983019253,1.852774363085791,0.45964648622539567,-0.5914687808463026,1.994414826079043,-0.14935848507249044,0.001242760214324108,DEPTH_PROPOSAL_CERTIFIED,0.9120967904074584,0,32,0,0,236,FULL_MOTION_CERTIFICATE,0,0,0,241,0,0,0,0,0,,63.483333333,1.99450800946,-0.148114145267,1.26093594706e-05,0.87651667107,0.348886865938,-0.331657172563,0.997254004732,-0.0740570726334,6.3046797353e-06,1.84728583405,0.437589880589,-0.62410073143,1.8488310526253777,0.4365168249377409,-0.621148687814153
63.43333333333333,48.14493860847816,12.407276573483244,2.7703250833300133,1.8523792333819735,0.45788815991421794,-0.5939408983147602,1.9943200449968024,-0.1506034345258528,0.0024826665038429033,DEPTH_PROPOSAL_CERTIFIED,0.8847811743983547,0,32,0,0,236,FULL_MOTION_CERTIFICATE,0,0,0,241,0,0,0,0,0,,63.5,1.99441482608,-0.149358485072,0.00124276021432,0.87651667107,0.348886865938,-0.331657172563,0.99720741304,-0.0746792425362,0.000621380107162,1.84553956462,0.43910742708,-0.627054283622,1.8475586509954012,0.43643657891784843,-0.6241007314299434
63.45,48.17580330569659,12.41488287378259,2.760384258528164,1.8518818331051958,0.45637801796060595,-0.5964494881107328,1.9942236255125183,-0.1518492679350639,0.0037324623630941517,DEPTH_PROPOSAL_CERTIFIED,0.8583860877998999,0,32,0,0,236,FULL_MOTION_CERTIFICATE,0,0,0,241,0,0,0,0,0,,63.516666666,1.994320045,-0.150603434526,0.00248266650384,0.87651667107,0.348886865938,-0.331657172563,0.997160022498,-0.0753017172629,0.00124133325192,1.84332756104,0.442225140538,-0.629989550876,1.8458135497285102,0.4379542861265471,-0.6270542836215869
63.46666666666667,48.20665755088875,12.42246984828347,2.750401085162222,1.8512547115298614,0.45521847005279015,-0.5989904019565545,1.9941255082757363,-0.1530964872958969,0.004992276203611893,DEPTH_PROPOSAL_CERTIFIED,0.8329507266126388,0,32,0,0,236,FULL_MOTION_CERTIFICATE,0,0,0,241,0,0,0,0,0,,63.533333333,1.99422362551,-0.151849267935,0.00373246236309,0.87651667107,0.348886865938,-0.331657172563,0.997111812756,-0.0759246339675,0.00186623118155,1.84065892892,0.44694523587,-0.632884303854,1.843603828310782,0.44107198557743676,-0.6299895508755806
63.483333333333334,48.23749877074736,12.43004492028753,2.740375116465601,1.8504731915165078,0.4545043202437118,-0.6015581217972884,1.9940256157432494,-0.15434580740621998,0.006262227708813016,DEPTH_PROPOSAL_CERTIFIED,0.8084530817818656,0,32,0,0,236,FULL_MOTION_CERTIFICATE,0,0,0,241,0,0,0,0,0,,63.55,1.99412550828,-0.153096487296,0.00499227620361,0.701057457352,0.659561092456,-0.271104420491,0.997062754138,-0.0765482436479,0.00249613810181,1.83726619933,0.453133351396,-0.635465404855,1.8409386473535938,0.4457916925729553,-0.6328843038542437
63.5,48.26832367408793,12.437616803799132,2.7303063355428976,1.8494942004343047,0.4543130106961725,-0.6041268553622403,1.9939238526085659,-0.15559814211399733,0.007542424629132451,DEPTH_PROPOSAL_CERTIFIED,0.7848715732933216,0,32,0,0,236,FULL_MOTION_CERTIFICATE,0,0,0,241,0,0,0,0,0,,63.566666666,1.99402561574,-0.154345807406,0.00626222770881,0.701057457352,0.659561092456,-0.271104420491,0.997012807872,-0.0771729037031,0.00313111385441,1.83315039228,0.460788594911,-0.637726395715,1.8375505092314266,0.45197903421619334,-0.6354654048546557
63.516666666666666,48.29912830758718,12.445195404440266,2.7201951309581323,1.8482780099551874,0.4547160384680488,-0.6066722750859487,1.9938201083631857,-0.1568545664646342,0.008832919438547554,DEPTH_PROPOSAL_CERTIFIED,0.7621848225080847,0,32,0,0,236,FULL_MOTION_CERTIFICATE,0,0,0,242,0,0,0,0,0,,63.583333333,1.99392385261,-0.155598142114,0.00754242462913,0.701057457352,0.659561092456,-0.271104420491,0.996961926304,-0.077799071057,0.00377121231457,1.82831255414,0.46991003861,-0.639660725076,1.833440486109957,0.4596329772849398,-0.6377263957151921
63.53333333333333,48.329908107337694,12.45279172784388,2.7100422742900467,1.8467879850310325,0.45577940421689356,-0.6091714000851763,1.993714257785012,-0.1581163059093459,0.010133711577703255,DEPTH_PROPOSAL_CERTIFIED,0.7403714181850245,0,32,0,0,236,FULL_MOTION_CERTIFICATE,0,0,0,242,0,0,0,0,0,,63.6,1.99382010836,-0.156854566465,0.00883291943855,0.701057457352,0.659561092456,-0.271104420491,0.996910054182,-0.0784272832323,0.00441645971927,1.8227537638,0.48049671133,-0.641261722981,1.8286096809563421,0.4687524663528002,-0.639660725075755
63.55,48.360657946545,12.460417794948897,2.699848899537497,1.8449903524384137,0.45756402630098464,-0.6116024851530134,1.9936061613889766,-0.1593847263101386,0.011444749492750587,DEPTH_PROPOSAL_CERTIFIED,0.7194096770188025,0,32,0,0,236,FULL_MOTION_CERTIFICATE,0,0,0,242,0,0,0,0,0,,63.616666666,1.99371425779,-0.158116305909,0.0101337115777,0.701057457352,0.659561092456,-0.271104420491,0.996857128893,-0.0790581529547,0.00506685578885,1.81647513722,0.492547594228,-0.642522574777,1.8230592348084622,0.47933641572689684,-0.6412617229806272
63.56666666666667,48.391372179666206,12.468086563668232,2.689616484267741,1.8428539872718663,0.4601261231599149,-0.6139449161851472,1.9934956658395497,-0.1606613246765445,0.012765932480960987,DEPTH_PROPOSAL_CERTIFIED,0.6992773996062971,0,32,0,0,236,FULL_MOTION_CERTIFICATE,0,0,0,242,0,0,0,0,0,,63.633333333,1.99360616139,-0.15938472631,0.0114447494928,0.701057457352,0.659561092456,-0.271104420491,0.996803080694,-0.0796923631551,0.00572237474638,1.80947783168,0.50606161721,-0.643436292208,1.816790332239998,0.4913837048388515,-0.6425225747771687
63.583333333333336,48.42204468326634,12.475811856442153,2.6793468324121013,1.8403502160082161,0.46351756643535613,-0.616179111338414,1.9933826043246485,-0.1619477205741983,0.014097112353350694,DEPTH_PROPOSAL_CERTIFIED,0.6791542935226251,0,32,0,0,236,FULL_MOTION_CERTIFICATE,0,0,0,242,0,0,0,0,0,,63.633333333,1.99360616139,-0.15938472631,0.0114447494928,0.701057457352,0.659561092456,-0.271104420491,0.996803080694,-0.0796923631551,0.00572237474638,1.80947783168,0.50606161721,-0.643436292208,1.809804206591683,0.5048931743957412,-0.6434362922082704
63.6,48.45266889385343,12.483608293215818,2.6690420586251307,1.8374526352252316,0.4677862064199581,-0.6182864272182587,1.993266796890312,-0.1632456481495641,0.015438094923424565,DEPTH_PROPOSAL_CERTIFIED,0.6592936354119843,0,32,0,0,236,FULL_MOTION_CERTIFICATE,0,0,0,242,0,0,0,0,0,,63.666666666,1.99338260432,-0.161947720574,0.0140971123534,0.604484316083,0.759836591198,-0.239263591643,0.996691302162,-0.0809738602871,0.00704855617668,1.79316687891,0.537358909535,-0.644117737942,1.802102149672817,0.5198636142321051,-0.6439956809523654
63.61666666666667,48.483237634258266,12.49149108363541,2.658704669546843,1.834124424290509,0.47296742517554125,-0.6202433446972949,1.9931480507355737,-0.16455694871769116,0.01678864132998823,DEPTH_PROPOSAL_CERTIFIED,0.6400063742999571,0,32,0,0,236,FULL_MOTION_CERTIFICATE,0,0,0,242,0,0,0,0,0,,63.683333333,1.99326679689,-0.16324564815,0.0154380949234,0.604484316083,0.759836591198,-0.239263591643,0.996633398445,-0.0816228240748,0.00771904746171,1.78368822826,0.555022468519,-0.643795655413,1.7935202508868897,0.5361782939936595,-0.6441177379415388
63.63333333333333,48.513743158884324,12.499475978629862,2.6483375427025,1.830331477563468,0.47909369966713866,-0.622027610660616,1.9930261623119714,-0.1658835430618499,0.01814845671848346,DEPTH_PROPOSAL_CERTIFIED,0.6213330036753892,0,32,0,0,236,FULL_MOTION_CERTIFICATE,0,0,0,242,0,0,0,0,0,,63.7,1.99314805074,-0.164556948718,0.01678864133,0.604484316083,0.759836591198,-0.239263591643,0.996574025368,-0.0822784743588,0.00839432066499,1.77332601229,0.574025260511,-0.643022412944,1.784057527493564,0.5538342484646319,-0.6437956554131347
63.65,48.544177195522046,12.507579225514233,2.637943907269416,1.8260421982634252,0.48619481306229634,-0.6236181259850808,1.992900917556911,-0.16722742601549456,0.019517192140625018,DEPTH_PROPOSAL_CERTIFIED,0.6033155991356811,0,32,0,0,236,FULL_MOTION_CERTIFICATE,0,0,0,242,0,0,0,0,0,,63.716666666,1.99302616231,-0.165883543062,0.0181484567185,0.604484316083,0.759836591198,-0.239263591643,0.996513081156,-0.0829417715309,0.00907422835924,1.76207912134,0.594364080565,-0.641790746716,1.7737129908028977,0.5728283964832254,-0.6430224129435538
63.666666666666664,48.57453098398279,12.515817526330009,2.627527326608136,1.8212273076448382,0.494298048946613,-0.6249948396768543,1.9927720920894574,-0.16859066138140316,0.020894446257044584,DEPTH_PROPOSAL_CERTIFIED,0.5859979310089016,0,32,0,0,236,FULL_MOTION_CERTIFICATE,0,0,0,242,0,0,0,0,0,,63.733333333,1.99290091756,-0.167227426015,0.0195171921406,0.604484316083,0.759836591198,-0.239263591643,0.996450458778,-0.0836137130077,0.00975859607031,1.74994642105,0.616035567076,-0.640093114342,1.7624856420980737,0.5931575267352825,-0.6417907467164923
63.68333333333333,48.60479531178661,12.524207999157822,2.6170916824687427,1.8158596682293948,0.5034283696687839,-0.6261386483636149,1.9926394513685788,-0.1699753771535154,0.02227976685355734,DEPTH_PROPOSAL_CERTIFIED,0.5694255752968305,0,32,0,0,236,FULL_MOTION_CERTIFICATE,0,0,0,242,0,0,0,0,0,,63.75,1.99277209209,-0.168590661381,0.020894446257,0.604484316083,0.759836591198,-0.239263591643,0.996386046045,-0.0842953306907,0.0104472231285,1.73692675317,0.639036171802,-0.637921655792,1.7503744673609802,0.6148182824792761,-0.640093114342095
63.7,48.63496054712837,12.532768142139462,2.6066411607947133,1.8099141205049762,0.513608578898189,-0.6270313004415402,1.9925027508139381,-0.17138376100915478,0.023672652180246712,DEPTH_PROPOSAL_CERTIFIED,0.5536460209949048,0,32,0,0,236,FULL_MOTION_CERTIFICATE,0,0,0,242,0,0,0,0,0,,63.766666666,1.99263945137,-0.169975377154,0.0222797668536,0.590325142958,0.769871599477,-0.242515867338,0.996319725684,-0.0849876885768,0.0111398834268,1.72295917601,0.663337821838,-0.635318316157,1.7373784382670974,0.6378071314968812,-0.6379216557922247
63.71666666666667,48.665016593852506,12.541515769328385,2.596180175717007,1.803362803448151,0.5248576313353669,-0.6276591046624179,1.992361735889581,-0.1728180560392276,0.025072552121344537,DEPTH_PROPOSAL_CERTIFIED,0.5387088420359096,0,32,0,0,236,FULL_MOTION_CERTIFICATE,0,0,0,242,0,0,0,0,0,,63.783333333,1.99250275081,-0.171383761009,0.0236726521802,0.590325142958,0.769871599477,-0.242515867338,0.996251375407,-0.0856918805046,0.0118363260901,1.70804097189,0.688936123844,-0.632275903021,1.7234367353548798,0.6620960710689461,-0.6353183161571268
63.733333333333334,48.69495292338485,12.550468981267894,2.5857133613484446,1.7961797719404837,0.5371927163706461,-0.6280088621137897,1.9922161424641136,-0.1742805518755752,0.026478877305338232,DEPTH_PROPOSAL_CERTIFIED,0.5246657820433087,0,32,0,0,236,FULL_MOTION_CERTIFICATE,0,0,0,242,0,0,0,0,0,,63.8,1.99236173589,-0.172818056039,0.0250725521213,0.590325142958,0.769871599477,-0.242515867338,0.996180867945,-0.0864090280196,0.0125362760607,1.69216930341,0.71582639528,-0.628786837083,1.7085467875469373,0.6876807538010616,-0.6322759030205264
63.75,48.724758604106256,12.559646137447286,2.575245564688254,1.7883408432845869,0.550629370763604,-0.6280677996114589,1.992065696798063,-0.17577358100936763,0.027890999616208417,DEPTH_PROPOSAL_CERTIFIED,0.5115708294699661,0,32,0,0,236,FULL_MOTION_CERTIFICATE,0,0,0,242,0,0,0,0,0,,63.816666666,1.99221614246,-0.174280551876,0.0264788773053,0.590325142958,0.769871599477,-0.242515867338,0.996108071232,-0.0871402759378,0.0132394386527,1.67534119382,0.744003624498,-0.624843094082,1.6927059136826386,0.7145565543576995,-0.6287868370830227
63.766666666666666,48.75442232833714,12.569065830443344,2.5647818396259545,1.7798234538533666,0.5651815797635744,-0.6278235037380037,1.9919101154985566,-0.1772995152409067,0.029308252589774417,DEPTH_PROPOSAL_CERTIFIED,0.4994802808111667,0,32,0,0,236,FULL_MOTION_CERTIFICATE,0,0,0,243,0,0,0,0,0,,63.833333333,1.9920656968,-0.175773581009,0.0278909996162,0.590325142958,0.769871599477,-0.242515867338,0.996032848399,-0.0878867905047,0.0139454998081,1.65755350341,0.773462423281,-0.620436135592,1.6759113027924744,0.7427185295632242,-0.6248430940818507
63.78333333333333,48.78393243708399,12.578746861559619,2.5543274420486886,1.7706065248110987,0.5808618669764921,-0.6272638546359977,1.9917491054423626,-0.17886076223570335,0.030729931695510717,DEPTH_PROPOSAL_CERTIFIED,0.48845278952749194,0,32,0,0,236,FULL_MOTION_CERTIFICATE,0,0,0,243,0,0,0,0,0,,63.833333333,1.9920656968,-0.175773581009,0.0278909996162,0.590325142958,0.769871599477,-0.242515867338,0.996032848399,-0.0878867905047,0.0139454998081,1.65755350341,0.773462423281,-0.620436135592,1.6581599904954247,0.7721613709740998,-0.6204361355915246
63.8,48.813276942695346,12.588708217755649,2.543887826069664,1.760670336681489,0.5976813717617957,-0.626376958741512,1.991582363668618,-0.1804597621620559,0.03215529450234795,DEPTH_PROPOSAL_CERTIFIED,0.479851183252462,0,32,0,0,236,FULL_MOTION_CERTIFICATE,0,0,0,243,0,0,0,0,0,,63.866666666,1.99174910544,-0.178860762236,0.0307299316955,0.55717895545,0.792204519179,-0.248924911162,0.995874552721,-0.0894303811179,0.0153649658478,1.61865550575,0.835839939801,-0.610640365399,1.6394488415002448,0.8028793301425128,-0.6155568288287865
63.81666666666667,48.842450910180055,12.598955348802791,2.5334671993755604,1.7504380490821159,0.6148278628282752,-0.6252376016459759,1.9914095772431744,-0.18209898438259395,0.03358356072530894,DEPTH_PROPOSAL_CERTIFIED,0.47380315745631774,0,32,0,0,236,FULL_MOTION_CERTIFICATE,0,0,0,243,0,0,0,0,0,,63.883333333,1.99158236367,-0.180459762162,0.0321552945023,0.55717895545,0.792204519179,-0.248924911162,0.995791181834,-0.090229881081,0.0160776472512,1.59709721692,0.86836965268,-0.605693668084,1.6193438381273502,0.834505593264699,-0.6106403653990035
63.833333333333336,48.87145268369173,12.609487039235303,2.523068624959333,1.740106410700342,0.6319014259506759,-0.6239144649736655,1.9912305759983395,-0.1837792276630939,0.035014121278109454,DEPTH_PROPOSAL_CERTIFIED,0.46870201577490755,0,32,0,0,236,FULL_MOTION_CERTIFICATE,0,0,0,243,0,0,0,0,0,,63.9,1.99140957724,-0.182098984383,0.0335835607253,0.55717895545,0.792204519179,-0.248924911162,0.995704788622,-0.0910494921913,0.0167917803627,1.57490933918,0.901280571994,-0.600736901491,1.5978303416932969,0.8670199381591714,-0.6056936680836509
63.85,48.90028062596817,12.620302090457969,2.512694555142104,1.7296765365865658,0.6489030733600087,-0.6224441890337619,1.9910452607717424,-0.18550046021692074,0.03644651996688022,DEPTH_PROPOSAL_CERTIFIED,0.46458369990498194,0,32,0,0,236,FULL_MOTION_CERTIFICATE,0,0,0,243,0,0,0,0,0,,63.916666666,1.991230576,-0.183779227663,0.0350141212781,0.55717895545,0.792204519179,-0.248924911162,0.995615287999,-0.0918896138315,0.0175070606391,1.55272146276,0.934191489333,-0.595780135195,1.5756889276739297,0.8999169402177927,-0.6007369014905211
63.86666666666667,48.92893340487221,12.631399499071367,2.5023470033937727,1.7191667342423547,0.6658445168039601,-0.6208531048999189,1.9908535299738308,-0.18726264776021787,0.037880376774400704,DEPTH_PROPOSAL_CERTIFIED,0.4614849189158903,0,32,0,0,236,FULL_MOTION_CERTIFICATE,0,0,0,243,0,0,0,0,0,,63.916666666,1.991230576,-0.183779227663,0.0350141212781,0.55717895545,0.792204519179,-0.248924911162,0.995615287999,-0.0918896138315,0.0175070606391,1.55272146276,0.934191489333,-0.595780135195,1.5535488701846296,0.9328148731767828,-0.5957801351947972
63.88333333333333,48.95740992209604,12.642778418225776,2.4920276428941213,1.7085910334298429,0.6827351492644829,-0.619161629979109,1.9906552772005015,-0.18906578035623184,0.03931536661514599,DEPTH_PROPOSAL_CERTIFIED,0.4594431270463408,0,32,0,0,236,FULL_MOTION_CERTIFICATE,0,0,0,243,0,0,0,0,0,,63.95,1.99085352997,-0.18726264776,0.0378803767744,0.55717895545,0.792204519179,-0.248924911162,0.995426764987,-0.0936313238801,0.0189401883872,1.50834570727,1.00001332796,-0.585866602009,1.5314101777237017,0.9657137211651556,-0.5908233686016674
63.9,48.985709261566704,12.654438127687609,2.4817378789846516,1.6979603682400435,0.6995825677100779,-0.6173858345682115,1.9904503917238003,-0.1909098667753031,0.040751206784657275,DEPTH_PROPOSAL_CERTIFIED,0.4584964969353985,0,32,0,0,236,FULL_MOTION_CERTIFICATE,0,0,0,243,0,0,0,0,0,,63.966666666,1.9906552772,-0.189065780356,0.0393153666151,0.586423432273,0.785871077607,-0.196250369333,0.9953276386,-0.0945328901781,0.0196576833076,1.48682996287,1.0329749269,-0.579385549888,1.5092728616021136,0.9986134677553058,-0.5858666020085376
63.916666666666664,49.01383114120939,12.66637817520011,2.471480203981531,1.687312778560947,0.7164028507501193,-0.6154605001872674,1.9902387588650228,-0.19279493014513238,0.04218764773895886,DEPTH_PROPOSAL_CERTIFIED,0.4586830138769252,0,32,0,0,236,FULL_MOTION_CERTIFICATE,0,0,0,243,0,0,0,0,0,,63.983333333,1.99045039172,-0.190909866775,0.0407512067847,0.586423432273,0.785871077607,-0.196250369333,0.995225195862,-0.0954549333877,0.0203756033923,1.46599082384,1.06598009614,-0.571381972105,1.4878091119355281,1.0315641446487327,-0.5793855498881954
63.93333333333333,49.04177580238796,12.678598307152503,2.461257989288901,1.6766796707142753,0.7332079171435828,-0.6133328815578397,1.9900202612635294,-0.19472103289501808,0.043624294939091826,DEPTH_PROPOSAL_CERTIFIED,0.4600405250698216,0,32,0,0,236,FULL_MOTION_CERTIFICATE,0,0,0,243,0,0,0,0,0,,64,1.99023875887,-0.192794930145,0.042187647739,0.586423432273,0.785871077607,-0.196250369333,0.995119379433,-0.0963974650726,0.0210938238695,1.44583311797,1.0990211275,-0.561857821809,1.467023420149547,1.064558568463056,-0.5713819721050494
63.95,49.06954393004474,12.691098408368678,2.45107532504673,1.6660876594060907,0.7500060729701286,-0.6109598545300382,1.989794779577126,-0.19668826685545415,0.04506063524866853,DEPTH_PROPOSAL_CERTIFIED,0.46260675214711044,0,32,0,0,236,FULL_MOTION_CERTIFICATE,0,0,0,243,0,0,0,0,0,,64.016666666,1.99002026126,-0.194721032895,0.0436242949391,0.586423432273,0.785871077607,-0.196250369333,0.995010130632,-0.0973605164475,0.0218121474695,1.42636194136,1.13208984585,-0.550815222256,1.4469206293885604,1.0975889649399395,-0.56185782180914
63.96666666666667,49.09713659366723,12.703878450496791,2.4409368939324847,1.6555598173495791,0.766802527686897,-0.608305866854738,1.989562193111157,-0.1986967448012747,0.046496057339305744,DEPTH_PROPOSAL_CERTIFIED,0.46641927708263675,0,32,0,0,236,FULL_MOTION_CERTIFICATE,0,0,0,243,0,0,0,0,0,,64.033333333,1.98979477958,-0.196688266855,0.0450606352487,0.586423432273,0.785871077607,-0.196250369333,0.994897389789,-0.0983441334277,0.0225303176243,1.40728729187,1.16516958929,-0.538903531157,1.4275058472051618,1.1306470992475803,-0.5508152222556194
63.983333333333334,49.12455501356731,12.716938411552453,2.430847407994821,1.6451051940047006,0.7835976633397771,-0.6053691562598656,1.9893223803746496,-0.20074659327986163,0.04792986779731307,DEPTH_PROPOSAL_CERTIFIED,0.47151585789778205,0,32,0,0,236,FULL_MOTION_CERTIFICATE,0,0,0,243,0,0,0,0,0,,64.05,1.98956219311,-0.198696744801,0.0464960573393,0.586423432273,0.785871077607,-0.196250369333,0.994781096556,-0.0993483724006,0.0232480286697,1.38900741946,1.19687101006,-0.527488160531,1.408489070835069,1.1637165595637444,-0.5389035311572373
64.0,49.15180025274928,12.730278226890622,2.4208108477649937,1.6347143509183222,0.8003889202901752,-0.6021936137896845,1.9890752188196643,-0.20283793900932823,0.04936136521564553,DEPTH_PROPOSAL_CERTIFIED,0.47793495796726304,0,32,0,0,237,FULL_MOTION_CERTIFICATE,0,0,0,244,0,0,0,0,0,,64.066666666,1.98932238037,-0.20074659328,0.0479298677973,0.532905856752,0.821231818089,-0.203935403495,0.994661190187,-0.10037329664,0.0239649338987,1.36931467552,1.22855418023,-0.516956665741,1.390267095120395,1.1954075582198993,-0.5274881605312143
64.01666666666667,49.178872547848755,12.74389748002365,2.410830108447415,1.624337705968376,0.817155187981686,-0.5988443590547761,1.9888205833740469,-0.20497089800349252,0.050789941123789845,DEPTH_PROPOSAL_CERTIFIED,0.48571599330676596,0,32,0,0,237,FULL_MOTION_CERTIFICATE,0,0,0,244,0,0,0,0,0,,64.083333333,1.98907521882,-0.202837939009,0.0493613652156,0.532905856752,0.821231818089,-0.203935403495,0.99453760941,-0.101418969505,0.0246806826078,1.34825282237,1.26010193342,-0.507365905621,1.370633647442474,1.2270824988019315,-0.5169566657413655
64.03333333333333,49.205771399896015,12.75779546723653,2.400907126652972,1.6139311228356135,0.8338792327728616,-0.5953789076666289,1.98855835019449,-0.20714552490402072,0.05221512600776194,DEPTH_PROPOSAL_CERTIFIED,0.49279966768538463,0,32,0,0,237,FULL_MOTION_CERTIFICATE,0,0,0,244,0,0,0,0,0,,64.099999999,1.98882058337,-0.204970898003,0.0507899411238,0.532905856752,0.821231818089,-0.203935403495,0.994410291687,-0.102485449002,0.0253949705619,1.32702244555,1.29035208832,-0.498807434917,1.3496323288361134,1.2586243016116059,-0.5073659056210624
64.05,49.232495890810625,12.771971357493497,2.391043129641487,1.6034694548767527,0.8505534154180175,-0.5918398206891046,1.9882883959802773,-0.20936182173062393,0.05363657345329549,DEPTH_PROPOSAL_CERTIFIED,0.47824641513223254,0,32,0,0,237,FULL_MOTION_CERTIFICATE,0,0,0,244,0,0,0,0,0,,64.116666666,1.98855835019,-0.207145524904,0.0522151260078,0.532905856752,0.821231818089,-0.203935403495,0.994279175097,-0.103572762452,0.0261075630039,1.30636406725,1.31918382126,-0.490911284054,1.3284623879284692,1.2888695693082315,-0.498807434917435
64.06666666666666,49.25904503787797,12.786424342518709,2.3812390002819326,1.5929488240407703,0.8671791015127774,-0.5882477615732995,1.9880105960434786,-0.21161976270785468,0.05505402846589292,DEPTH_PROPOSAL_CERTIFIED,0.4629671373084918,0,32,0,0,237,FULL_MOTION_CERTIFICATE,0,0,0,244,0,0,0,0,0,,64.116666666,1.98855835019,-0.207145524904,0.0522151260078,0.532905856752,0.821231818089,-0.203935403495,0.994279175097,-0.103572762452,0.0261075630039,1.30636406725,1.31918382126,-0.490911284054,1.3078641097192747,1.317696665014085,-0.4909112840540213
64.08333333333333,49.285418077564394,12.80115376116304,2.371495548395271,1.5823823811854576,0.8837651186599226,-0.5846071131997302,1.9877248228259177,-0.21391931888148047,0.05646728018027768,DEPTH_PROPOSAL_CERTIFIED,0.4477650911870912,0,32,0,0,238,FULL_MOTION_CERTIFICATE,0,0,0,244,0,0,0,0,0,,64.15,1.98801059604,-0.211619762708,0.0550540284659,0.811576409913,0.51781837585,-0.270569511408,0.994005298022,-0.105809881354,0.0275270142329,1.26831193989,1.37315911718,-0.475978918193,1.2883556347392697,1.3452953351247499,-0.4833007406680368
64.1,49.311614430979326,12.816159077834923,2.3618135241161617,1.5717812048958737,0.9003190003130692,-0.5809214567465685,1.987430944529376,-0.21626047879981483,0.05787612665293213,DEPTH_PROPOSAL_CERTIFIED,0.42597202331550155,0,32,0,0,238,FULL_MOTION_CERTIFICATE,0,0,0,244,0,0,0,0,0,,64.15,1.98801059604,-0.211619762708,0.0550540284659,0.811576409913,0.51781837585,-0.270569511408,0.994005298022,-0.105809881354,0.0275270142329,1.26831193989,1.37315911718,-0.475978918193,1.2699314894878848,1.3716614560374791,-0.4759789181934088
64.11666666666666,49.33763367712145,12.831439865270086,2.352193628603406,1.5611547685275773,0.9168472461098768,-0.5771937307653814,1.9871288253708026,-0.21864324536277782,0.05928037312370726,DEPTH_PROPOSAL_CERTIFIED,0.405974551482165,0,32,0,0,238,FULL_MOTION_CERTIFICATE,0,0,0,244,0,0,0,0,0,,64.166666666,1.98772482283,-0.213919318881,0.0564672801803,0.811576409913,0.51781837585,-0.270569511408,0.993862411413,-0.106959659441,0.0282336400901,1.25090763038,1.39829480157,-0.468948772761,1.2525864445073276,1.3967911264244088,-0.46894877276107794
64.13333333333334,49.363476134153046,12.846996275082688,2.3426360951509286,1.5505474218943176,0.9333845887553878,-0.5734520071481864,1.9868183257805478,-0.22106763331031026,0.060679830628960374,DEPTH_PROPOSAL_CERTIFIED,0.3876973271700581,0,32,0,0,238,FULL_MOTION_CERTIFICATE,0,0,0,244,0,0,0,0,0,,64.166666666,1.98772482283,-0.213919318881,0.0564672801803,0.811576409913,0.51781837585,-0.270569511408,0.993862411413,-0.106959659441,0.0282336400901,1.25090763038,1.39829480157,-0.468948772761,1.2542930362559024,1.3952588401516854,-0.46894877276107794
64.15,49.38911581949559,12.862807199691714,2.3331507903052304,1.5383811205528568,0.948655476541594,-0.5691182907419339,1.9864992923693052,-0.22353374100123602,0.06207437514982442,DEPTH_PROPOSAL_CERTIFIED,0.37107989723907253,0,32,0,0,238,FULL_MOTION_CERTIFICATE,0,0,0,244,0,0,0,0,0,,64.183333333,1.98743094453,-0.2162604788,0.0578761266529,0.811576409913,0.51781837585,-0.270569511408,0.993715472265,-0.1081302394,0.0289380633265,1.19599726719,1.37774746792,-0.447768961528,1.197709888657206,1.3762589040958948,-0.4477689615277039
64.16666666666667,49.41455296717149,12.878872743930934,2.3237380006208386,1.5262288605539456,0.9639326543532651,-0.5647673810635565,1.986171984115626,-0.22603841315915663,0.06346247151418191,DEPTH_PROPOSAL_CERTIFIED,0.3560404759168154,0,32,0,0,238,FULL_MOTION_CERTIFICATE,0,0,0,244,0,0,0,0,0,,64.2,1.98681832578,-0.22106763331,0.060679830629,0.811576409913,0.51781837585,-0.270569511408,0.99340916289,-0.110533816655,0.0303399153145,1.10374214203,1.2691641489,-0.413045414877,1.1994477230995737,1.3747445973859063,-0.4477689615277039
64.18333333333334,49.439730700871046,12.895125556654083,2.3144187310675357,1.510664021973687,0.9751687633889697,-0.5591561731982024,1.9858362627370731,-0.22858170667754957,0.06484397405181128,DEPTH_PROPOSAL_CERTIFIED,0.3425220966060111,0,32,0,0,238,FULL_MOTION_CERTIFICATE,0,0,0,244,0,0,0,0,0,,64.2,1.98681832578,-0.22106763331,0.060679830629,0.811576409913,0.51781837585,-0.270569511408,0.99340916289,-0.110533816655,0.0303399153145,1.10374214203,1.2691641489,-0.413045414877,1.1053697568737428,1.267746841261535,-0.4130454148768052
64.2,49.46464903412975,12.911565468334897,2.305193357746517,1.495099995522521,0.9863947008488756,-0.5535223992611654,1.9854932489614883,-0.23115371561706716,0.06621569364415789,DEPTH_PROPOSAL_CERTIFIED,0.33043225427499423,0,32,0,0,238,FULL_MOTION_CERTIFICATE,0,0,0,244,0,0,0,0,0,,64.2,1.98681832578,-0.22106763331,0.060679830629,0.811576409913,0.51781837585,-0.270569511408,0.99340916289,-0.110533816655,0.0303399153145,1.10374214203,1.2691641489,-0.413045414877,1.107014224745549,1.2663111225724617,-0.4130454148768052
64.21666666666667,49.48930798060059,12.92819229730285,2.2960622793519954,1.4795367882508612,0.9976097380771684,-0.5478647036713233,1.9851428609209523,-0.23375438119394762,0.0675774445152491,DEPTH_PROPOSAL_CERTIFIED,0.31967970913067434,0,32,0,0,238,FULL_MOTION_CERTIFICATE,0,0,0,244,0,0,0,0,0,,64.233333333,1.98649929237,-0.223533741001,0.0620743751498,0.797454221494,0.543062093893,-0.262964497219,0.993249646185,-0.111766870501,0.0310371875749,1.07516632229,1.22729804393,-0.401497433918,1.1086754539129027,1.2648569448086753,-0.4130454148768052
64.23333333333333,49.51369042335977,12.94497583878759,2.2870316897410468,1.4629465655504577,1.0070124890844419,-0.5418353766569551,1.9847850168644117,-0.2363836385860497,0.06892903770804179,DEPTH_PROPOSAL_CERTIFIED,0.31017708533544286,0,32,0,0,238,FULL_MOTION_CERTIFICATE,0,0,0,244,0,0,0,0,0,,64.233333333,1.98649929237,-0.223533741001,0.0620743751498,0.797454221494,0.543062093893,-0.262964497219,0.993249646185,-0.111766870501,0.0310371875749,1.07516632229,1.22729804393,-0.401497433918,1.076794393375021,1.2258698722222277,-0.4014974339180859
64.25,49.53779632607559,12.961915744087916,2.278102031159582,1.4463541629497212,1.016394318019644,-0.5357795148879224,1.9844201867220492,-0.2390370895715349,0.07026942677436931,DEPTH_PROPOSAL_CERTIFIED,0.30183289863015006,0,32,0,0,238,FULL_MOTION_CERTIFICATE,0,0,0,245,0,0,0,0,0,,64.316666666,1.98478501686,-0.236383638586,0.068929037708,0.822527588999,0.450166351751,0.347560960244,0.992392508432,-0.118191819293,0.034464518854,0.953982864568,1.07408202826,-0.336303615344,1.0784358658529087,1.2244260665585764,-0.4014974339180859
64.26666666666667,49.561595149592115,12.978890926546036,2.2692971483714595,1.4279294109915044,1.0185109474872471,-0.5282929672873917,1.9840483143426035,-0.24171461285489826,0.07159840980552849,DEPTH_PROPOSAL_CERTIFIED,0.2945525072963793,0,32,0,0,238,FULL_MOTION_CERTIFICATE,0,0,0,245,0,0,0,0,0,,64.316666666,1.98478501686,-0.236383638586,0.068929037708,0.822527588999,0.450166351751,0.347560960244,0.992392508432,-0.118191819293,0.034464518854,0.953982864568,1.07408202826,-0.336303615344,0.9554344270653335,1.0727910164152201,-0.3363036153440293
64.28333333333333,49.58508727883434,12.995901257414559,2.260618020593043,1.4095277545332519,1.020619852111474,-0.5207476667050209,1.9836715390788888,-0.24439924899427937,0.07291249645585343,DEPTH_PROPOSAL_CERTIFIED,0.2882414037734309,0,32,0,0,238,FULL_MOTION_CERTIFICATE,0,0,0,245,0,0,0,0,0,,64.333333333,1.98442018672,-0.239037089572,0.0702694267744,0.822527588999,0.450166351751,0.347560960244,0.992210093361,-0.119518544786,0.0351347133872,0.95490162036,1.07385103478,-0.334932372182,0.9563570455377208,1.0725550572889526,-0.33493237218223093
64.3,49.60827278096316,13.012945958860852,2.2520650260292294,1.3911301277295793,1.0226820867777,-0.5131796738288247,1.983289890083135,-0.24709083407685464,0.07421139810857919,DEPTH_PROPOSAL_CERTIFIED,0.28435244879285415,0,32,0,0,238,FULL_MOTION_CERTIFICATE,0,0,0,245,0,0,0,0,0,,64.333333333,1.98442018672,-0.239037089572,0.0702694267744,0.822527588999,0.450166351751,0.347560960244,0.992210093361,-0.119518544786,0.0351347133872,0.95490162036,1.07385103478,-0.334932372182,0.9578147972183406,1.0712534544613315,-0.33493237218223093
64.31666666666666,49.63115172852874,13.030024211052648,2.2436385611391696,1.3727368539348022,1.0246951315078527,-0.5055878934036065,1.982903406596,-0.24978910891560274,0.07549490828609834,DEPTH_PROPOSAL_CERTIFIED,0.2837586526192938,0,32,0,0,238,FULL_MOTION_CERTIFICATE,0,0,0,245,0,0,0,0,0,,64.333333333,1.98442018672,-0.239037089572,0.0702694267744,0.822527588999,0.450166351751,0.347560960244,0.992210093361,-0.119518544786,0.0351347133872,0.95490162036,1.07385103478,-0.334932372182,0.9592747211275314,1.0699463345754514,-0.33493237218223093
64.33333333333333,49.65372241519671,13.047111358250884,2.235338615848284,1.3542412000780975,1.025228831894184,-0.4979967174531661,1.9825121304027578,-0.25249380665713783,0.07676281916205314,DEPTH_PROPOSAL_CERTIFIED,0.28351720642882194,0,32,0,0,239,FULL_MOTION_CERTIFICATE,0,0,0,245,0,0,0,0,0,,64.349999999,1.98404831434,-0.241714612855,0.0715984098055,0.980201096016,-0.102563297778,-0.169371134843,0.992024157171,-0.120857306427,0.0357992049028,0.926929347363,1.03878642278,-0.323197555202,0.9283487137824838,1.0375181505758888,-0.3231975552019454
64.35,49.67598496869336,13.06420650323665,2.2271655606485843,1.3357532097992093,1.0257086991459714,-0.49038331198200197,1.9821165237295786,-0.25520138744812004,0.07801498703919561,DEPTH_PROPOSAL_CERTIFIED,0.28359087039962594,0,32,0,0,239,FULL_MOTION_CERTIFICATE,0,0,0,245,0,0,0,0,0,,64.349999999,1.98404831434,-0.241714612855,0.0715984098055,0.980201096016,-0.102563297778,-0.169371134843,0.992024157171,-0.120857306427,0.0357992049028,0.926929347363,1.03878642278,-0.323197555202,0.9297681801268527,1.0362462923357578,-0.3231975552019454
64.36666666666666,49.69793952617299,13.081308699600303,2.2191197840514736,1.3172734487776425,1.026131781819327,-0.4827465958266612,1.981716647928183,-0.257911560031577,0.07925121151354689,DEPTH_PROPOSAL_CERTIFIED,0.2839440523411133,0,32,0,0,239,FULL_MOTION_CERTIFICATE,0,0,0,245,0,0,0,0,0,,64.383333333,1.9829034066,-0.249789108916,0.0754949082861,0.980201096016,-0.102563297778,-0.169371134843,0.991451703298,-0.124894554458,0.037747454143,0.872990107812,0.969055182917,-0.303057780383,0.9311875864789638,1.0349709783097722,-0.3231975552019454
64.38333333333334,49.719587468040935,13.09837055746159,2.2111983890567024,1.2988765120759735,1.023711471676479,-0.47528369968589573,1.9813125671633758,-0.2606240251922567,0.08047129111092521,DEPTH_PROPOSAL_CERTIFIED,0.28452991657381954,0,32,0,0,239,FULL_MOTION_CERTIFICATE,0,0,0,245,0,0,0,0,0,,64.383333333,1.9829034066,-0.249789108916,0.0754949082861,0.980201096016,-0.102563297778,-0.169371134843,0.991451703298,-0.124894554458,0.037747454143,0.872990107812,0.969055182917,-0.303057780383,0.8743189038720895,0.9678564615722208,-0.30305778038325654
64.4,49.7409290400142,13.115391115055681,2.2034016651760076,1.2804943183959447,1.021233455645492,-0.4678034328417225,1.9809051659336918,-0.2633321716523412,0.0816755223434466,DEPTH_PROPOSAL_CERTIFIED,0.2853164531779008,0,32,0,0,239,FULL_MOTION_CERTIFICATE,0,0,0,245,0,0,0,0,0,,64.383333333,1.9829034066,-0.249789108916,0.0754949082861,0.980201096016,-0.102563297778,-0.169371134843,0.991451703298,-0.124894554458,0.037747454143,0.872990107812,0.969055182917,-0.303057780383,0.8756442569582062,0.9666575459444273,-0.30305778038325654
64.41666666666667,49.761969395344266,13.132344745864279,2.195731038283197,1.2624213198038934,1.0172178485159118,-0.4602376135686675,1.9804945391892612,-0.2660356803346174,0.08286372566095287,DEPTH_PROPOSAL_CERTIFIED,0.28626896127116974,0,32,0,0,239,FULL_MOTION_CERTIFICATE,0,0,0,245,0,0,0,0,0,,64.433333333,1.98211652373,-0.255201387448,0.0780149870392,0.988611767662,-0.143020483037,0.0468178841021,0.991058261865,-0.127600693724,0.0390074935196,0.8550483388,0.928157099053,-0.290232146796,0.8563174398746101,0.9269863560887783,-0.29023214679556
64.43333333333334,49.78270886559434,13.149230445873016,2.1881867628295577,1.2443682150044697,1.013142000524343,-0.4526565272183739,1.9800812330205797,-0.2687309553724826,0.08403561307144719,DEPTH_PROPOSAL_CERTIFIED,0.2873591568026641,0,32,0,0,239,FULL_MOTION_CERTIFICATE,0,0,0,245,0,0,0,0,0,,64.433333333,1.98211652373,-0.255201387448,0.0780149870392,0.988611767662,-0.143020483037,0.0468178841021,0.991058261865,-0.127600693724,0.0390074935196,0.8550483388,0.928157099053,-0.290232146796,0.8575813844282741,0.925817169472592,-0.29023214679556
64.45,49.80314780166424,13.166047162700785,2.1807691034823287,1.226336164194116,1.0090030096661975,-0.4450595608337596,1.9796653608011432,-0.27141766722181515,0.08519101574665551,DEPTH_PROPOSAL_CERTIFIED,0.2885604210127991,0,32,0,0,240,FULL_MOTION_CERTIFICATE,0,0,0,245,0,0,0,0,0,,64.466666666,1.98090516593,-0.263332171652,0.0816755223434,0.988611767662,-0.143020483037,0.0468178841021,0.990452582967,-0.131666085826,0.0408377611717,0.792310966751,0.851248341055,-0.266167814619,0.858840027522157,0.9246497008780665,-0.29023214679556
64.46666666666667,49.82329943011013,13.182748912311474,2.1734753310968604,1.2090977067535815,1.0021049766413774,-0.43762634312812676,1.9792470384519787,-0.2740954804536604,0.0863297652837604,DEPTH_PROPOSAL_CERTIFIED,0.2898377121342417,0,32,0,0,240,FULL_MOTION_CERTIFICATE,0,0,0,246,0,0,0,0,0,,64.533333333,1.9796653608,-0.271417667222,0.0851910157467,0.988611767662,-0.143020483037,0.0468178841021,0.989832680401,-0.135708833611,0.0425955078733,0.807580400385,0.836592606903,-0.261531188191,0.8040220539883959,0.8400124437123883,-0.26295784250144805
64.48333333333333,49.84316591573118,13.199332013774184,2.166306967233956,1.1919891372628844,0.9949860877626462,-0.43010183177427697,1.978827186277705,-0.2767581520045448,0.08745222780061873,DEPTH_PROPOSAL_CERTIFIED,0.29116904005665023,0,32,0,0,240,FULL_MOTION_CERTIFICATE,0,0,0,246,0,0,0,0,0,,64.533333333,1.9796653608,-0.271417667222,0.0851910157467,0.988611767662,-0.143020483037,0.0468178841021,0.989832680401,-0.135708833611,0.0425955078733,0.807580400385,0.836592606903,-0.261531188191,0.8087080929260688,0.8355025514306641,-0.2615311881914838
64.5,49.86275019233564,13.215791648924307,2.1592659817511866,1.1750565962677724,0.9875781090075388,-0.42245912896619375,1.9784060005130206,-0.27940501594660894,0.08855808375269143,DEPTH_PROPOSAL_CERTIFIED,0.28852935006692815,0,32,0,0,240,FULL_MOTION_CERTIFICATE,0,0,0,246,0,0,0,0,0,,64.566666666,1.97882718628,-0.276758152005,0.0874522278006,0.988611767662,-0.143020483037,0.0468178841021,0.989413593139,-0.138379076002,0.0437261139003,0.820500690166,0.824191601291,-0.257607888973,0.8145669727748814,0.8298640675625559,-0.2597478702986785
64.51666666666667,49.882056117814464,13.2321217538683,2.152354818021868,1.1583555287297775,0.9798062966395876,-0.4146698237591389,1.9779837033545413,-0.28203526747959423,0.08964695846245407,DEPTH_PROPOSAL_CERTIFIED,0.2864091214898129,0,32,0,0,240,FULL_MOTION_CERTIFICATE,0,0,0,246,0,0,0,0,0,,64.583333333,1.97840600051,-0.279405015947,0.0885580837527,0.988611767662,-0.143020483037,0.0468178841021,0.989203000257,-0.139702507973,0.0442790418763,0.828722693017,0.816300052012,-0.255111243936,0.8215986664953273,0.8230970838331594,-0.25760788897283093
64.53333333333333,49.901088676684076,13.24831490226277,2.145576412386909,1.1419535321766614,0.9715889036681963,-0.40670433809753315,1.9775605457368162,-0.28464795143819094,0.09071841977871821,DEPTH_PROPOSAL_CERTIFIED,0.2849485245718322,0,32,0,0,240,FULL_MOTION_CERTIFICATE,0,0,0,246,0,0,0,0,0,,64.599999999,1.97798370335,-0.28203526748,0.0896469584625,0.988611767662,-0.143020483037,0.0468178841021,0.988991851677,-0.14101763374,0.0448234792312,0.83811926709,0.807281139141,-0.252257935508,0.8298031481890682,0.8152017002512192,-0.25511124393574347
64.55,49.91985424172892,13.264362186721794,2.1389342019096707,1.1259339026909376,0.9628370675414696,-0.39853262863432976,1.977136810132417,-0.2872419507532611,0.09177197691491326,DEPTH_PROPOSAL_CERTIFIED,0.2841064153939252,0,32,0,0,240,FULL_MOTION_CERTIFICATE,0,0,0,246,0,0,0,0,0,,64.616666666,1.97756054574,-0.284647951438,0.0907184197787,0.988611767662,-0.143020483037,0.0468178841021,0.988780272868,-0.142323975719,0.0453592098894,0.848690413582,0.797134861526,-0.249047963327,0.8391803907646178,0.8061780294919929,-0.2522579355084133
64.56666666666666,49.938360907093326,13.280253110826473,2.1324321110462203,1.1103999218645046,0.9534554462807918,-0.39012545180704916,1.9767128131534188,-0.2898159760232092,0.09280708139367305,DEPTH_PROPOSAL_CERTIFIED,0.28384325225347984,0,32,0,0,240,FULL_MOTION_CERTIFICATE,0,0,0,246,0,0,0,0,0,,64.633333333,1.97713681013,-0.287241950753,0.0917719769149,0.988611767662,-0.143020483037,0.0468178841021,0.988568405066,-0.143620975377,0.0458859884575,0.86043613193,0.78586121971,-0.245481327563,0.8497303717750468,0.7960261935699077,-0.2490479633270436
64.58333333333333,49.95661890309373,13.295975513862313,2.126074503080975,1.0954797600242359,0.9433441821503987,-0.38145647791473813,1.97628890756247,-0.2923685582232407,0.09382313151884031,DEPTH_PROPOSAL_CERTIFIED,0.2841210274290925,0,32,0,0,240,FULL_MOTION_CERTIFICATE,0,0,0,246,0,0,0,0,0,,64.633333333,1.97713681013,-0.287241950753,0.0917719769149,0.988611767662,-0.143020483037,0.0468178841021,0.988568405066,-0.143620975377,0.0458859884575,0.86043613193,0.78586121971,-0.245481327563,0.8614530718939688,0.784746327611065,-0.24548132756283286
64.6,49.974641094882244,13.31151556439532,2.119866076379559,1.0813315073109493,0.9324030319804611,-0.37250560208497674,1.9758654830483762,-0.29489804788303176,0.0948194824536857,DEPTH_PROPOSAL_CERTIFIED,0.2849032184882987,0,32,0,0,240,FULL_MOTION_CERTIFICATE,0,0,0,246,0,0,0,0,0,,64.65,1.97671281315,-0.289815976023,0.0928070813937,0.988611767662,-0.143020483037,0.0468178841021,0.988356406577,-0.144907988012,0.0464035406968,0.873356422134,0.773460213691,-0.241558028216,0.8743484810094287,0.7723385760164854,-0.2415580282157811
64.61666666666666,49.99244354761891,13.326857876517701,2.1138116801334657,1.0681471641999372,0.9205387273430055,-0.36326377476562527,1.9754429647750626,-0.2974026258376709,0.09579546474426416,DEPTH_PROPOSAL_CERTIFIED,0.28615476400037165,0,32,0,0,240,FULL_MOTION_CERTIFICATE,0,0,0,246,0,0,0,0,0,,64.683333333,1.97586548305,-0.294898047883,0.0948194824537,0.988611767662,-0.143020483037,0.0468178841021,0.987932741524,-0.147449023942,0.0474097412268,0.902720717124,0.745276109995,-0.232641439073,0.8884166022883074,0.7588030897593921,-0.2372780655640859
64.63333333333334,50.010046103542145,13.341985819349196,2.1079160232404113,1.0561533553933096,0.9076765698889318,-0.35373941358298866,1.9750218083110473,-0.29988033270332065,0.0967504147459174,DEPTH_PROPOSAL_CERTIFIED,0.29102999369990346,0,32,0,0,240,FULL_MOTION_CERTIFICATE,0,0,0,246,0,0,0,0,0,,64.7,1.97544296478,-0.297402625838,0.0957954647443,0.988611767662,-0.143020483037,0.0468178841021,0.987721482388,-0.148701312919,0.0478977323721,0.919164722826,0.729493011438,-0.227648148999,0.9036574635120272,0.7441400149796511,-0.23264143907275192
64.65,50.027476838463315,13.356887339093705,2.102179572489514,1.0458440952703711,0.8940911846705641,-0.3441870450538671,1.9746024892401974,-0.30232912575037296,0.09768372028865287,DEPTH_PROPOSAL_CERTIFIED,0.29872765372055965,0,32,0,0,240,FULL_MOTION_CERTIFICATE,0,0,0,246,0,0,0,0,0,,64.716666666,1.97502180831,-0.299880332703,0.0967504147459,0.988611767662,-0.143020483037,0.0468178841021,0.987510904156,-0.149940166352,0.048375207373,0.936783299256,0.712582549762,-0.222298195684,0.9200711217705154,0.7283494850064685,-0.22764814899857688
64.66666666666667,50.0447709747394,13.371558227563984,2.096597021800952,1.037648176565031,0.8802533082168529,-0.334953041313723,1.9741853346371607,-0.3047477756218699,0.09859542462550656,DEPTH_PROPOSAL_CERTIFIED,0.3068387991264775,0,32,0,0,240,FULL_MOTION_CERTIFICATE,0,0,0,246,0,0,0,0,0,,64.733333333,1.97460248924,-0.30232912575,0.0976837202887,0.988611767662,-0.143020483037,0.0468178841021,0.98730124462,-0.151164562875,0.0488418601443,0.955576448599,0.694544722869,-0.216591578466,0.9376579683598736,0.7114312154815645,-0.22229819568395784
64.68333333333334,50.061962548329326,13.38599317080013,2.0911639174038656,1.0314944153957895,0.8660965941687991,-0.32598626382522183,1.973770437792043,-0.30713630179421864,0.09948643635379069,DEPTH_PROPOSAL_CERTIFIED,0.31533317817718165,0,32,0,0,240,FULL_MOTION_CERTIFICATE,0,0,0,246,0,0,0,0,0,,64.75,1.97418533464,-0.304747775622,0.0985954246255,0.988611767662,-0.143020483037,0.0468178841021,0.987092667319,-0.152373887811,0.0492977123128,0.975544169798,0.675379531774,-0.210528297664,0.9564185291310399,0.6933846827825332,-0.2165915784655006
64.7,50.07908449866961,13.400185833003375,2.0858765932670833,1.0273170204171072,0.8515597321946982,-0.31723944820696326,1.9733579178996519,-0.30949457174517353,0.10035755040365373,DEPTH_PROPOSAL_CERTIFIED,0.32418365294871976,0,32,0,0,240,FULL_MOTION_CERTIFICATE,0,0,0,246,0,0,0,0,0,,64.75,1.97418533464,-0.304747775622,0.0985954246255,0.988611767662,-0.143020483037,0.0468178841021,0.987092667319,-0.152373887811,0.0492977123128,0.975544169798,0.675379531774,-0.210528297664,0.9763528016771801,0.6742100161106553,-0.21052829766420234
64.71666666666667,50.096168751753396,13.414128934112679,2.0807321114213617,1.0250551850273837,0.8365860665582945,-0.3086689107433044,1.9729479191068602,-0.3118223122938688,0.10120945631517995,DEPTH_PROPOSAL_CERTIFIED,0.33336577974323145,0,32,0,0,240,FULL_MOTION_CERTIFICATE,0,0,0,246,0,0,0,0,0,,64.766666666,1.97377043779,-0.307136301794,0.0994864363538,0.988611767662,-0.143020483037,0.0468178841021,0.986885218896,-0.153568150897,0.0497432181769,0.996686461514,0.655086977762,-0.204108353687,0.9974607932727547,0.6539073457941589,-0.20410835368665953
64.73333333333333,50.11324613288594,13.427814158663699,2.075728170309749,1.0246428679528772,0.8211134730612409,-0.30023646669677423,1.972540609571485,-0.31411912007456666,0.10204274592019542,DEPTH_PROPOSAL_CERTIFIED,0.3428573434543819,0,32,0,0,240,FULL_MOTION_CERTIFICATE,0,0,0,246,0,0,0,0,0,,64.783333333,1.9733579179,-0.309494571745,0.100357550404,0.984914648741,-0.166586975553,0.0468178841021,0.98667895895,-0.154747285873,0.0501787752018,1.01887355158,0.633537939173,-0.197360649329,1.0196125996438965,0.6323478323971757,-0.19736064932909994
64.75,50.130346446387136,13.441232231114073,2.070863055731199,1.02601881007163,0.8050843470225297,-0.2919068747130425,1.9721361845265115,-0.3163844449713888,0.10285792464054151,DEPTH_PROPOSAL_CERTIFIED,0.35263806577743595,0,32,0,0,240,FULL_MOTION_CERTIFICATE,0,0,0,246,0,0,0,0,0,,64.8,1.97294791911,-0.311822312294,0.101209456315,0.984914648741,-0.166586975553,0.0468178841021,0.986473959553,-0.155911156147,0.0506047281576,1.04210249966,0.610729805502,-0.190285852512,1.0428053039204168,0.6095290093502405,-0.1902858525115089
64.76666666666667,50.14749854908586,13.45437298531945,2.066135595457829,1.0291261619234773,0.7884452523226796,-0.2836476164022071,1.9717348653323667,-0.31861760023869856,0.10365541785592797,DEPTH_PROPOSAL_CERTIFIED,0.36268936620905945,0,32,0,0,240,FULL_MOTION_CERTIFICATE,0,0,0,247,0,0,0,0,0,,64.833333333,1.97213618453,-0.316384444971,0.102857924641,0.984914648741,-0.166586975553,0.0468178841021,0.986068092263,-0.158192222486,0.0514289623203,1.09167346137,0.561325209856,-0.175157825447,1.0670358545160155,0.5854482969844952,-0.18288466501000894
64.78333333333333,50.164730418058376,13.467225428579187,2.061545117243746,1.033912138350821,0.7711465955842417,-0.2754286928449853,1.9713368985557393,-0.320817771780433,0.10443557680444415,DEPTH_PROPOSAL_CERTIFIED,0.37299416925679096,0,32,0,0,240,FULL_MOTION_CERTIFICATE,0,0,0,247,0,0,0,0,0,,64.833333333,1.97213618453,-0.316384444971,0.102857924641,0.984914648741,-0.166586975553,0.0468178841021,0.986068092263,-0.158192222486,0.0514289623203,1.09167346137,0.561325209856,-0.175157825447,1.0923010507644184,0.5601029833752861,-0.17515782544687328
64.8,50.18206509859079,13.479789347122356,2.057086147136607,1.0400808319448163,0.7538351125902154,-0.26753820642836335,1.9709425550772872,-0.3229840266338308,0.10519868404506023,DEPTH_PROPOSAL_CERTIFIED,0.38353545943550804,0,32,0,0,240,FULL_MOTION_CERTIFICATE,0,0,0,247,0,0,0,0,0,,64.866666666,1.97133689856,-0.32081777178,0.104435576804,0.984914648741,-0.166586975553,0.0468178841021,0.985668449278,-0.16040888589,0.0522177884022,1.14537254199,0.506849678528,-0.158730373167,1.118597510093466,0.5334902181962271,-0.1671061176935211
64.81666666666666,50.199521033268375,13.492068888753213,2.052751829807746,1.0473560806553537,0.7367724978514694,-0.26005903973167155,1.9705518434787233,-0.32511682337256903,0.1059456621232555,DEPTH_PROPOSAL_CERTIFIED,0.3942964519290172,0,32,0,0,240,FULL_MOTION_CERTIFICATE,0,0,0,247,0,0,0,0,0,,64.883333333,1.97094255508,-0.322984026634,0.105198684045,0.984914648741,-0.166586975553,0.0468178841021,0.985471277539,-0.161492013317,0.0525993420225,1.1727684122,0.478936536724,-0.150344499672,1.145922041364901,0.5056061032915886,-0.15873037316684024
64.83333333333333,50.217113135859016,13.50406826267528,2.0485361525459673,1.0555261554385902,0.7199624353241088,-0.2529406357067158,1.9701646729127025,-0.32721713234662647,0.10667759795587008,DEPTH_PROPOSAL_CERTIFIED,0.40526073640441573,0,32,0,0,240,FULL_MOTION_CERTIFICATE,0,0,0,247,0,0,0,0,0,,64.9,1.97055184348,-0.325116823373,0.105945662123,0.984914648741,-0.166586975553,0.0468178841021,0.985275921739,-0.162558411686,0.0529728310616,1.2001642824,0.45102339492,-0.141958626177,1.173279812148018,0.4776823602172905,-0.15034449967213154
64.85,50.23485353954854,13.51579149594645,2.04443389590006,1.0644242213712516,0.7033939962702439,-0.2461353987544612,1.969780962437261,-0.32928586331079385,0.10739543865268937,DEPTH_PROPOSAL_CERTIFIED,0.4164123722312769,0,32,0,0,240,FULL_MOTION_CERTIFICATE,0,0,0,247,0,0,0,0,0,,64.916666666,1.97016467291,-0.327217132347,0.106677597956,0.984914648741,-0.166586975553,0.0468178841021,0.985082336456,-0.163608566173,0.0533387989779,1.22756015097,0.42311025479,-0.133572753186,1.200638698184618,0.4497589620486726,-0.14195862617742283
64.86666666666666,50.252752201110205,13.527242322436358,2.0404405433520396,1.0739196937001003,0.6870495893944897,-0.23960115288123154,1.9694006444884706,-0.3313238458974072,0.10810000290540034,DEPTH_PROPOSAL_CERTIFIED,0.4277359679152988,0,32,0,0,240,FULL_MOTION_CERTIFICATE,0,0,0,247,0,0,0,0,0,,64.933333333,1.96978096244,-0.329285863311,0.107395438653,0.984914648741,-0.166586975553,0.0468178841021,0.984890481219,-0.164642931655,0.0536977193263,1.25495602117,0.395197112986,-0.125186879691,1.2279986425049207,0.4218359230238975,-0.1335727531858665
64.88333333333334,50.27081736616772,13.538424144022288,2.0365521863211526,1.0839099034498811,0.6709092951552719,-0.23330142185304514,1.9690236654868452,-0.3333318257760527,0.10879199730472193,DEPTH_PROPOSAL_CERTIFIED,0.4392167383294623,0,32,0,0,240,FULL_MOTION_CERTIFICATE,0,0,0,247,0,0,0,0,0,,64.95,1.96940064449,-0.331323845897,0.108100002905,0.984914648741,-0.166586975553,0.0468178841021,0.984700322244,-0.165661922949,0.0540500014527,1.28235189138,0.367283971182,-0.116801006196,1.2553595968361897,0.39391325925728565,-0.1251868796911578
64.9,50.28905592546294,13.549340030050598,2.032765435533351,1.0943135577133123,0.6549531616985982,-0.22720504726811658,1.968649985154526,-0.3353104681607299,0.10947203246910193,DEPTH_PROPOSAL_CERTIFIED,0.45084054489302283,0,32,0,0,240,FULL_MOTION_CERTIFICATE,0,0,0,247,0,0,0,0,0,,64.966666666,1.96902366549,-0.333331825776,0.108791997305,0.984914648741,-0.166586975553,0.0468178841021,0.984511832743,-0.166665912888,0.0543959986524,1.30974775994,0.339370831052,-0.108415133205,1.2827215133915721,0.36599099427360426,-0.11680100619644908
64.91666666666667,50.30747368797435,13.559992735723764,2.0290773428373874,1.1050657506847696,0.6391623403900675,-0.2212855617578251,1.9682795752806739,-0.33726036452336766,0.11014063761616333,DEPTH_PROPOSAL_CERTIFIED,0.4625939231958871,0,32,0,0,240,FULL_MOTION_CERTIFICATE,0,0,0,247,0,0,0,0,0,,64.983333333,1.96864998515,-0.335310468161,0.109472032469,0.984914648741,-0.166586975553,0.0468178841021,0.984324992577,-0.16765523408,0.0547360162346,1.33714363015,0.311457689248,-0.10002925971,1.3100843500989037,0.3380691515989241,-0.10841513320489277
64.93333333333334,50.3260755913286,13.570384728692689,2.0254853342033443,1.1161142012553589,0.6235195781355682,-0.21552051804260375,1.9679124183210668,-0.3391820403295059,0.11079827316183122,DEPTH_PROPOSAL_CERTIFIED,0.47446410154229834,0,32,0,0,240,FULL_MOTION_CERTIFICATE,0,0,0,247,0,0,0,0,0,,65,1.96827957528,-0.337260364523,0.110140637616,0.984914648741,-0.166586975553,0.0468178841021,0.98413978764,-0.168630182262,0.0550703188081,1.36453950035,0.283544547444,-0.0916433862155,1.3374480752122728,0.31014774856954824,-0.10002925971018403
64.95,50.34486586503953,13.580518218081174,2.021987153170461,1.127416422655474,0.6080093633091725,-0.20989086197302073,1.9675485060227087,-0.34107596270466,0.11144534136919028,DEPTH_PROPOSAL_CERTIFIED,0.48643901294666014,0,32,0,0,240,FULL_MOTION_CERTIFICATE,0,0,0,247,0,0,0,0,0,,65.016666666,1.96791241832,-0.33918204033,0.110798273162,0.984914648741,-0.166586975553,0.0468178841021,0.983956209161,-0.169591020165,0.0553991365809,1.39193536891,0.255631407314,-0.0832575132239,1.3648126569010042,0.2822268059007602,-0.09164338621547531
64.96666666666667,50.36384815817341,13.590395182964476,2.018580813471179,1.1389375880331245,0.5926178929982153,-0.2043803819569329,1.9671878381592602,-0.3429425475313646,0.11208219524525108,DEPTH_PROPOSAL_CERTIFIED,0.49850730238009866,0,32,0,0,240,FULL_MOTION_CERTIFICATE,0,0,0,247,0,0,0,0,0,,65.033333333,1.96754850602,-0.341075962705,0.111445341369,0.984914648741,-0.166586975553,0.0468178841021,0.983774253011,-0.170537981352,0.0557226706846,1.41933123912,0.22771826551,-0.0748716397292,1.3921780675583968,0.25430634252721296,-0.083257513223919
64.98333333333333,50.383025640042696,13.600017398878178,2.0152645594598337,1.1506489121570924,0.577332954822105,-0.19897524068072114,1.9668304214082355,-0.3447821657882378,0.11270914593534535,DEPTH_PROPOSAL_CERTIFIED,0.5106557160768005,0,32,0,0,240,FULL_MOTION_CERTIFICATE,0,0,0,248,0,0,0,0,0,,65.05,1.96718783816,-0.342942547531,0.112082195245,0.984914648741,-0.166586975553,0.0468178841021,0.98359391908,-0.171471273766,0.0560410976226,1.44672710933,0.199805123706,-0.0664857662345,1.4195442881375993,0.22638637062736464,-0.07487163972921028
65.0,50.402401080305694,13.609386461782467,2.012036833067313,1.1625264157799808,0.5621437742573989,-0.1936635835512578,1.9664762683735015,-0.3465951490997914,0.11332646886020135,DEPTH_PROPOSAL_CERTIFIED,0.52037423331296,0,32,0,0,241,FULL_MOTION_CERTIFICATE,0,0,0,248,0,0,0,0,0,,65.066666666,1.96683042141,-0.344782165788,0.112709145935,0.984914648741,-0.166586975553,0.0468178841021,0.983415210704,-0.172391082894,0.0563545729677,1.47412297789,0.171891983576,-0.0580998932429,1.4469112977694247,0.1984669058213162,-0.06648576623450156
65.01666666666667,50.42197691322076,13.618503809360009,2.0088962461629083,1.1745499749039545,0.547040854652523,-0.18843521426428894,1.966125396743845,-0.3483817945402233,0.11393440881398599,DEPTH_PROPOSAL_CERTIFIED,0.5236184329191131,0,32,0,0,241,FULL_MOTION_CERTIFICATE,0,0,0,248,0,0,0,0,0,,65.083333333,1.96647626837,-0.3465951491,0.11332646886,0.984914648741,-0.166586975553,0.0468178841021,0.983238134187,-0.17329757455,0.0566632344301,1.50151884809,0.143978841772,-0.0497140197482,1.4742790782303061,0.1705479623147171,-0.05809989324294525
65.03333333333333,50.44175528960884,13.62737073975425,2.0058415573781345,1.186702583285171,0.5320158236545259,-0.1832813270864424,1.9657778285732301,-0.35014236876566757,0.11453318420913754,DEPTH_PROPOSAL_CERTIFIED,0.5266052582503156,0,32,0,0,241,FULL_MOTION_CERTIFICATE,0,0,0,248,0,0,0,0,0,,65.099999999,1.96612539674,-0.34838179454,0.113934408814,0.984914648741,-0.166586975553,0.0468178841021,0.983062698372,-0.17419089727,0.056967204407,1.52891471666,0.116065701642,-0.0413281467567,1.5016476184795597,0.1426295480484573,-0.04971401974823653
65.05,50.461738119201904,13.635988427959541,2.002871652609153,1.198969775583655,0.5170612923175028,-0.1781942861389013,1.96543358966714,-0.3518771115579414,0.11512299062211917,DEPTH_PROPOSAL_CERTIFIED,0.5293376681554993,0,32,0,0,241,FULL_MOTION_CERTIFICATE,0,0,0,248,0,0,0,0,0,,65.116666666,1.96577782857,-0.350142368766,0.114533184209,0.984914648741,-0.166586975553,0.0468178841021,0.982888914287,-0.175071184383,0.0572665921046,1.55631058686,0.0881525598382,-0.032942273262,1.5290169028363618,0.11471167660266629,-0.041328146756680215
65.06666666666666,50.481927105412126,13.644357940113615,1.9999855285534263,1.2113391726134124,0.5021707292444829,-0.17316744334360712,1.9650927090600758,-0.3535862388603621,0.11570400376614061,DEPTH_PROPOSAL_CERTIFIED,0.5318063114875122,0,32,0,0,241,FULL_MOTION_CERTIFICATE,0,0,0,248,0,0,0,0,0,,65.133333333,1.96543358967,-0.351877111558,0.115122990622,0.981261551883,-0.186905999164,0.0468178841021,0.982716794834,-0.175938555779,0.0575614953111,1.58253536659,0.0590799774196,-0.0248054430456,1.5563869238438146,0.08679435394183371,-0.0329422732619715
65.08333333333333,50.50232309647021,13.652479628646047,1.9971821302895127,1.2237594634848628,0.4873013119459945,-0.16820389583482495,1.9647552185706834,-0.3552699453792469,0.1162763819934737,DEPTH_PROPOSAL_CERTIFIED,0.5316545545084876,0,32,0,0,242,FULL_MOTION_CERTIFICATE,0,0,0,248,0,0,0,0,0,,65.15,1.96509270906,-0.35358623886,0.115704003766,0.981261551883,-0.186905999164,0.0468178841021,0.98254635453,-0.17679311943,0.0578520018831,1.60838223934,0.0296345434842,-0.0167490385464,1.5825855835142717,0.0577191571045787,-0.024805443045612267
65.1,50.5229266444701,13.660353623489074,1.9944604575616707,1.2362128799934933,0.47243969058168006,-0.1633003636705299,1.9644211704083963,-0.356928302324953,0.11684028522189832,DEPTH_PROPOSAL_CERTIFIED,0.5315054850018732,0,32,0,0,242,FULL_MOTION_CERTIFICATE,0,0,0,248,0,0,0,0,0,,65.166666666,1.96475521857,-0.355269945379,0.116276381993,0.981261551883,-0.186905999164,0.0468178841021,0.982377609285,-0.17763497269,0.0581381909967,1.63422911054,0.000189111315598,-0.00869263453063,1.6084067660561365,0.028272051529181663,-0.01674903854643072
65.11666666666666,50.543738247934556,13.667980045254756,1.9918196031866087,1.2486962078678217,0.45758530594090246,-0.1584512625037361,1.9640906233434439,-0.358561340027221,0.11739586335235777,DEPTH_PROPOSAL_CERTIFIED,0.5313609700222173,0,32,0,0,242,FULL_MOTION_CERTIFICATE,0,0,0,248,0,0,0,0,0,,65.183333333,1.96442117041,-0.356928302325,0.116840285222,0.981261551883,-0.186905999164,0.0468178841021,0.982210585204,-0.178464151162,0.0584201426109,1.6590998681,-0.0281443066484,-0.000940482653255,1.6342286994973791,-0.0011744078017681958,-0.00869263453063343
65.13333333333334,50.564758342765714,13.675359002157748,1.9892587713262668,1.2612056898685862,0.44273741417917,-0.15364991162038444,1.9637636365415643,-0.3601690839461849,0.11794325231405849,DEPTH_PROPOSAL_CERTIFIED,0.5312232057408723,0,32,0,0,242,FULL_MOTION_CERTIFICATE,0,0,0,248,0,0,0,0,0,,65.2,1.96409062334,-0.358561340027,0.117395863352,0.981261551883,-0.186905999164,0.0468178841021,0.982045311672,-0.179280670014,0.0586979316762,1.68289367261,-0.0552508315072,0.00647598569661,1.6590761849484665,-0.02950740345371855,-0.0009404826532550032
65.15,50.585987311044015,13.682490591266879,1.9867772626576619,1.2737380966979988,0.42789534654783906,-0.14889052011631085,1.9634402699136706,-0.3617515539597928,0.11848257124576234,DEPTH_PROPOSAL_CERTIFIED,0.5310947012199638,0,32,0,0,242,FULL_MOTION_CERTIFICATE,0,0,0,248,0,0,0,0,0,,65.216666666,1.96376363654,-0.360169083946,0.117943252314,0.981261551883,-0.186905999164,0.0468178841021,0.981881818271,-0.180084541973,0.058971626157,1.70561052276,-0.0811304617816,0.0135567701143,1.6828484329343145,-0.0566120080047883,0.0064759856966105185
65.16666666666667,50.6074254895913,13.689374899954059,1.9843744595630772,1.2862907128372008,0.4130585212308449,-0.14416818567508358,1.9631205839839945,-0.3633087646677862,0.11901392462189518,DEPTH_PROPOSAL_CERTIFIED,0.5309782622187258,0,32,0,0,242,FULL_MOTION_CERTIFICATE,0,0,0,248,0,0,0,0,0,,65.233333333,1.96344026991,-0.36175155396,0.118482571246,0.981261551883,-0.186905999164,0.0468178841021,0.981720134957,-0.18087577698,0.0592412856229,1.72725042123,-0.105783200504,0.0203018714292,1.705545395078991,-0.08248825680906496,0.013556770114257072
65.18333333333334,50.62907317680323,13.69601200711169,1.982049814221388,1.2988612327160725,0.39822642945796066,-0.13947872050135807,1.9628046397450802,-0.3648407257243374,0.11953740438927192,DEPTH_PROPOSAL_CERTIFIED,0.5308769776278199,0,32,0,0,242,FULL_MOTION_CERTIFICATE,0,0,0,248,0,0,0,0,0,,65.25,1.96312058398,-0.363308764668,0.119013924622,0.981261551883,-0.186905999164,0.0468178841021,0.981560291992,-0.181654382334,0.0595069623109,1.74781336664,-0.129209046121,0.0267112892167,1.7271670272392867,-0.10713618978452885,0.020301871429237804
65.2,50.65093063815744,13.702401984178655,1.9798028389423383,1.311447681252555,0.3833986240178787,-0.1348185167429905,1.9624924985440915,-0.3663474421036093,0.12005309168160488,DEPTH_PROPOSAL_CERTIFIED,0.5307942079061005,0,32,0,0,242,FULL_MOTION_CERTIFICATE,0,0,0,248,0,0,0,0,0,,65.266666666,1.96280463975,-0.364840725724,0.119537404389,0.981261551883,-0.186905999164,0.0468178841021,0.981402319873,-0.182420362862,0.0597687021946,1.7672993579,-0.151407997374,0.0327850231324,1.7477132814785685,-0.1305558422957484,0.02671128921670564
65.21666666666667,50.672998110694614,13.70854489600775,1.9776330982564314,1.3240483522303603,0.3685747097457137,-0.13018444115442349,1.9621842219934396,-0.3678289143118729,0.12056105820765729,DEPTH_PROPOSAL_CERTIFIED,0.5307335750553321,0,32,0,0,242,FULL_MOTION_CERTIFICATE,0,0,0,249,0,0,0,0,0,,65.283333333,1.96249249854,-0.366347442104,0.120053091682,0.981261551883,-0.186905999164,0.0468178841021,0.981246249272,-0.183173721052,0.0600265458408,1.78570839727,-0.172380056854,0.038523073885,1.7671841103033472,-0.1527472500273317,0.032785023132377536
65.23333333333333,50.695275806693154,13.714440801601429,1.9755402023951198,1.3366617599125044,0.3537543356207974,-0.12557375167870577,1.9618798719005073,-0.36928513855661105,0.12106136738395705,DEPTH_PROPOSAL_CERTIFIED,0.5306989537837763,0,32,0,0,242,FULL_MOTION_CERTIFICATE,0,0,0,249,0,0,0,0,0,,65.3,1.96218422199,-0.367828914312,0.120561058208,0.981261551883,-0.186905999164,0.0468178841021,0.981092110997,-0.183914457156,0.0602805291038,1.80304048359,-0.192125223229,0.04392544111,1.7855794697433112,-0.17371045253566206,0.03852307388496058
65.25,50.71776391670307,13.72008975473763,1.9735238018844756,1.3492866005950697,0.3389371881721682,-0.12098403063866621,1.9615795102125395,-0.3707161068806685,0.12155407526518212,DEPTH_PROPOSAL_CERTIFIED,0.5306944635932753,0,32,0,0,242,FULL_MOTION_CERTIFICATE,0,0,0,249,0,0,0,0,0,,65.316666666,1.9618798719,-0.369285138557,0.121061367384,0.981261551883,-0.186905999164,0.0468178841021,0.98093993595,-0.184642569278,0.060530683692,1.81929561595,-0.210643495461,0.0489921245237,1.8028993125030135,-0.19344548547174564,0.04392544111003073
65.26666666666667,50.74046261206509,13.725491804503429,1.9715835830400972,1.3619217217211577,0.32412298594799027,-0.11641313066270975,1.9612831989736967,-0.37212180726769617,0.12203923131241914,DEPTH_PROPOSAL_CERTIFIED,0.5307244615857849,0,32,0,0,242,FULL_MOTION_CERTIFICATE,0,0,0,249,0,0,0,0,0,,65.333333333,1.96157951021,-0.370716106881,0.121554075265,0.981261551883,-0.186905999164,0.0468178841021,0.980789755106,-0.18535805344,0.0607770376326,1.83447379623,-0.2279348757,0.0537231247139,1.8191435916297924,-0.2119523848023644,0.048992124523727976
65.28333333333333,50.763372047011664,13.730646995750911,1.9697192641993009,1.3745660967948505,0.30931147484891114,-0.11185913044777976,1.9609910002919737,-0.3735022237237854,0.1225168790300836,DEPTH_PROPOSAL_CERTIFIED,0.5307935358311493,0,32,0,0,242,FULL_MOTION_CERTIFICATE,0,0,0,249,0,0,0,0,0,,65.349999999,1.96128319897,-0.372121807268,0.122039231312,0.981261551883,-0.186905999164,0.0468178841021,0.980641599487,-0.186060903634,0.0610196156562,1.84857502267,-0.243999361942,0.058118441133,1.834312263022153,-0.22923118970730227,0.05372312471391334
65.3,50.7864923604246,13.735555369486942,1.9679305925632071,1.3872188047762724,0.2945024241618712,-0.10732029816562808,1.9607029763141994,-0.3748573363391392,0.12298705649524941,DEPTH_PROPOSAL_CERTIFIED,0.5309064991726173,0,32,0,0,243,FULL_MOTION_CERTIFICATE,0,0,0,249,0,0,0,0,0,,65.366666666,1.96099100029,-0.373502223724,0.12251687903,0.981261551883,-0.186905999164,0.0468178841021,0.980495500146,-0.186751111862,0.061258439515,1.86159929691,-0.258836956044,0.0621780742883,1.848405278969561,-0.24528193524434144,0.05811844113300783
65.31666666666666,50.80982367730745,13.74021696320635,1.966217341548917,1.3998790129707508,0.2796956231644663,-0.10279506085741284,1.960419189207736,-0.37618712133280635,0.12344979679780287,DEPTH_PROPOSAL_CERTIFIED,0.5305375832366144,0,32,0,0,243,FULL_MOTION_CERTIFICATE,0,0,0,249,0,0,0,0,0,,65.383333333,1.96070297631,-0.374857336339,0.122987056495,0.981261551883,-0.186905999164,0.0468178841021,0.980351488157,-0.18742866817,0.0614935282476,1.8735466181,-0.27244765704,0.0659020239161,1.8614225951490773,-0.26010466036676383,0.06217807428830842
65.33333333333333,50.83336611001811,13.744631811176177,1.9645793085738172,1.4125459626398482,0.2648908781896358,-0.09828197850598844,1.9601397011477988,-0.37749155108287824,0.12390512840581207,DEPTH_PROPOSAL_CERTIFIED,0.529453299685414,0,32,0,0,243,FULL_MOTION_CERTIFICATE,0,0,0,249,0,0,0,0,0,,65.4,1.96041918921,-0.376187121333,0.123449796798,0.981261551883,-0.186905999164,0.0468178841021,0.980209594604,-0.188093560666,0.0617248983989,1.88441698623,-0.284831464931,0.0692902900164,1.873364164748465,-0.2736994012540218,0.0659020239160961
65.35,50.85711975929715,13.748799944677218,1.9630163132109302,1.4252189567423696,0.25008801006248815,-0.09377972177322819,1.9598645743095615,-0.3787705941440306,0.1243530754673112,DEPTH_PROPOSAL_CERTIFIED,0.5283820102908217,0,32,0,0,243,FULL_MOTION_CERTIFICATE,0,0,0,249,0,0,0,0,0,,65.416666666,1.96013970115,-0.377491551083,0.123905128406,0.981261551883,-0.186905999164,0.0468178841021,0.980069850574,-0.188745775541,0.0619525642029,1.89421040079,-0.295988379121,0.0723428724261,1.8842299417602588,-0.28606619510517883,0.0692902900163709
65.36666666666666,50.88108471511927,13.752721392207773,1.9615281956680257,1.437897349327544,0.23528685183331965,-0.08928705257426975,1.959593870864409,-0.38002421525389496,0.12479365805722702,DEPTH_PROPOSAL_CERTIFIED,0.5273347300770377,0,32,0,0,243,FULL_MOTION_CERTIFICATE,0,0,0,249,0,0,0,0,0,,65.433333333,1.95986457431,-0.378770594144,0.124353075467,0.981261551883,-0.186905999164,0.0468178841021,0.979932287155,-0.189385297072,0.0621765377337,1.90292686288,-0.305918400876,0.0750597714915,1.8940198795913537,-0.2972050785883585,0.07234287242611884
65.38333333333334,50.90526105738921,13.75639617965349,1.9601148155544694,1.450580536195331,0.2204872467428892,-0.08480280681330414,1.9593276529798447,-0.38125237532939615,0.1252268923761465,DEPTH_PROPOSAL_CERTIFIED,0.526322284742555,0,32,0,0,243,FULL_MOTION_CERTIFICATE,0,0,0,249,0,0,0,0,0,,65.45,1.95959387086,-0.380024215254,0.124793658057,0.981261551883,-0.186905999164,0.0468178841021,0.979796935432,-0.190012107627,0.0623968290286,1.91056637192,-0.314621529525,0.0774409870294,1.9027339331959374,-0.30711609030967113,0.07505977149150883
65.4,50.92964885649749,13.7598243304262,1.958776050909515,1.4632679464964424,0.2056890463626025,-0.08032587869727521,1.9590659828227133,-0.38245503145392123,0.12565279090596104,DEPTH_PROPOSAL_CERTIFIED,0.5253553296748181,0,32,0,0,243,FULL_MOTION_CERTIFICATE,0,0,0,249,0,0,0,0,0,,65.466666666,1.95932765298,-0.381252375329,0.125226892376,0.851299902317,-0.500976537961,0.155919802234,0.97966382649,-0.190626187665,0.0626134461881,1.91731419677,-0.324648560888,0.0803017414551,1.9103720557243504,-0.31579926702666505,0.07744098702938593
65.41666666666667,50.95424761385324,13.76300543223268,1.9575119490880821,1.4759254413451963,0.19086610838879628,-0.07584610928597545,1.9588089225654977,-0.38363213685592046,0.12607136252596954,DEPTH_PROPOSAL_CERTIFIED,0.5244446009343828,0,32,0,0,244,FULL_MOTION_CERTIFICATE,0,0,0,249,0,0,0,0,0,,65.483333333,1.95906598282,-0.382455031454,0.125652790906,0.851299902317,-0.500976537961,0.155919802234,0.979532991411,-0.191227515727,0.062826395453,1.92315011606,-0.335986734889,0.0836390588203,1.9171179302741883,-0.3258055534248736,0.08030174145511254
65.43333333333334,50.97905625518901,13.765938637315228,1.9563227274396375,1.4885184801463087,0.17599230495291207,-0.07135329890667927,1.9585565515098937,-0.3847835626701962,0.12648258550687586,DEPTH_PROPOSAL_CERTIFIED,0.5236009691010626,0,32,0,0,244,FULL_MOTION_CERTIFICATE,0,0,0,249,0,0,0,0,0,,65.5,1.95880892257,-0.383632136856,0.126071362526,0.851299902317,-0.500976537961,0.155919802234,0.979404461283,-0.191816068428,0.063035681263,1.92805372191,-0.348622767009,0.0874498040439,1.9229514096386577,-0.3371221308394858,0.08363905882026296
65.45,51.00407312319595,13.768622668278958,1.95520877213849,1.5010120804165172,0.16104185782379363,-0.06683731806885088,1.9583089665966715,-0.38590909688813785,0.12688640701847714,DEPTH_PROPOSAL_CERTIFIED,0.522835488424388,0,32,0,0,244,FULL_MOTION_CERTIFICATE,0,0,0,250,0,0,0,0,0,,65.516666666,1.95855655151,-0.38478356267,0.126482585507,0.851299902317,-0.500976537961,0.155919802234,0.979278275755,-0.192391781335,0.0632412927534,1.93200434738,-0.362542776003,0.0917306636556,1.927852162281012,-0.34973565534192813,0.08744980404386747
65.46666666666667,51.02929596960892,13.77105582957175,1.9541706351436225,1.5133707847778974,0.14598967756755746,-0.062288219692059256,1.9580662827347735,-0.3870084440689094,0.1272827428860173,DEPTH_PROPOSAL_CERTIFIED,0.5221594411307537,0,32,0,0,244,FULL_MOTION_CERTIFICATE,0,0,0,250,0,0,0,0,0,,65.533333333,1.9583089666,-0.385909096888,0.126886407018,0.851299902317,-0.500976537961,0.155919802234,0.979154483298,-0.192954548444,0.0634432035092,1.93498098879,-0.377732201797,0.0964781236544,1.9317996002712368,-0.36363218658922025,0.09173066365559593
65.48333333333333,51.05472194702303,13.77323602466936,1.953209029263845,1.5255586448470437,0.1308117058566247,-0.05769635278665037,1.9578286329409023,-0.38808122583253696,0.12767147760198352,DEPTH_PROPOSAL_CERTIFIED,0.5215843767476032,0,32,0,0,244,FULL_MOTION_CERTIFICATE,0,0,0,250,0,0,0,0,0,,65.55,1.95806628273,-0.387008444069,0.127282742886,0.851299902317,-0.500976537961,0.155919802234,0.979033141367,-0.193504222034,0.063641371443,1.93696222078,-0.394175701529,0.101688440701,1.9347728019219346,-0.3787971068929758,0.09647812365436521
65.5,51.080347600884274,13.775160778992374,1.9523248213055464,1.537539231674364,0.11548525938081841,-0.05305247749792409,1.9575961682800034,-0.3891269821596757,0.128052464602411,DEPTH_PROPOSAL_CERTIFIED,0.5211221463142133,0,32,0,0,244,FULL_MOTION_CERTIFICATE,0,0,0,250,0,0,0,0,0,,65.55,1.95806628273,-0.387008444069,0.127282742886,0.851299902317,-0.500976537961,0.155919802234,0.979033141367,-0.193504222034,0.063641371443,1.93696222078,-0.394175701529,0.101688440701,1.936750427273088,-0.39521501849990026,0.10168844070119473
65.51666666666667,51.10616886224496,13.776827268532278,1.9515190232897122,1.5492756816410722,0.09998937239424485,-0.04834788095005241,1.9573690575965752,-0.39014517352502165,0.12842552681856473,DEPTH_PROPOSAL_CERTIFIED,0.5207849313676891,0,32,0,0,244,FULL_MOTION_CERTIFICATE,0,0,0,250,0,0,0,0,0,,65.583333333,1.95759616828,-0.38912698216,0.128052464602,0.851299902317,-0.500976537961,0.155919802234,0.97879808414,-0.19456349108,0.0640262323012,1.9378500999,-0.43075893982,0.113481331291,1.9377106287938615,-0.41286963180116465,0.1073576106280164
65.53333333333333,51.13218104200659,13.778232354087173,1.9507927817438124,1.5607307856984356,0.08430513329365157,-0.04357449275398521,1.9571474870270735,-0.39113518388987284,0.12879045751548018,DEPTH_PROPOSAL_CERTIFIED,0.5205852676278135,0,32,0,0,244,FULL_MOTION_CERTIFICATE,0,0,0,250,0,0,0,0,0,,65.599999999,1.9573690576,-0.390145173525,0.128425526819,0.851299902317,-0.500976537961,0.155919802234,0.978684528798,-0.195072586763,0.0642127634093,1.93671093381,-0.450862947513,0.120054954041,1.9376309524881907,-0.43174363443309655,0.11348133129097633
65.55,51.15837333439964,13.779369283225865,1.9501487757593703,1.5715375435829264,0.0682157483215561,-0.038640359066532105,1.9569316592850778,-0.3920963245734896,0.12914702142794926,DEPTH_PROPOSAL_CERTIFIED,0.5205383689535694,0,32,0,0,244,FULL_MOTION_CERTIFICATE,0,0,0,250,0,0,0,0,0,,65.616666666,1.95714748703,-0.39113518389,0.128790457515,0.851299902317,-0.500976537961,0.155919802234,0.978573743514,-0.195567591945,0.0643952287577,1.934484501,-0.472149214483,0.127073431182,1.9344845009975025,-0.4721492144832924,0.1270734311820641
65.56666666666666,51.18474546076776,13.780237845685592,1.9495869292426813,1.5823275820872764,0.052113747583595396,-0.03371079100134523,1.9567219399403273,-0.3930271918912112,0.12949469560669893,DEPTH_PROPOSAL_CERTIFIED,0.5206552386570902,0,32,0,0,244,FULL_MOTION_CERTIFICATE,0,0,0,250,0,0,0,0,0,,65.633333333,1.95693165929,-0.392096324573,0.129147021428,0.851299902317,-0.500976537961,0.155919802234,0.978465829643,-0.196048162287,0.064573510714,1.93114571733,-0.494596272784,0.134531245405,1.9342586083576683,-0.47307378000794265,0.1270734311820641
65.58333333333333,51.211290862429756,13.7808342079173,1.9491087117849872,1.5927240997201226,0.035781733902495214,-0.028693047461642546,1.9565184116060406,-0.3939276302278588,0.12983345943800542,DEPTH_PROPOSAL_CERTIFIED,0.5241904149323144,0,32,0,0,244,FULL_MOTION_CERTIFICATE,0,0,0,250,0,0,0,0,0,,65.65,1.95672193994,-0.393027191891,0.129494695607,0.851299902317,-0.500976537961,0.155919802234,0.97836096997,-0.196513595946,0.0647473478033,1.92646455614,-0.518125936141,0.142407261861,1.9309168003777768,-0.49548921749172675,0.13453124540525396
65.6,51.238002305382665,13.781154372680266,1.948715678592778,1.6026865771745118,0.019209885778025782,-0.02358199153255485,1.9563213202425913,-0.39479676413371584,0.13016300163192054,DEPTH_PROPOSAL_CERTIFIED,0.5323390736562443,0,32,0,0,244,FULL_MOTION_CERTIFICATE,0,0,0,250,0,0,0,0,0,,65.666666666,1.95651841161,-0.393927630228,0.129833459438,0.851299902317,-0.500976537961,0.155919802234,0.978259205803,-0.196963815114,0.064916729719,1.91915647821,-0.542363806361,0.150598518278,1.9262330649342978,-0.5189858874027199,0.14240726186059702
65.61666666666666,51.26487147807203,13.78119402905089,1.9484095216526325,1.6121503613621446,0.0023793822374802154,-0.018369416408726885,1.9561309248005572,-0.3956336626054725,0.13048298759722154,DEPTH_PROPOSAL_CERTIFIED,0.5407341823456999,0,32,0,0,244,FULL_MOTION_CERTIFICATE,0,0,0,250,0,0,0,0,0,,65.683333333,1.95632132024,-0.394796764134,0.130163001632,0.851299902317,-0.500976537961,0.155919802234,0.978160660121,-0.197398382067,0.065081500816,1.91079535536,-0.567808755294,0.159250035796,1.9189231234845152,-0.5431888552325467,0.15059851827819612
65.63333333333334,51.291889493397626,13.780948890588972,1.948191958640701,1.6210809195343392,-0.0147083077150728,-0.013053780715876453,1.9559475050343464,-0.39643730429878105,0.13079304763721175,DEPTH_PROPOSAL_CERTIFIED,0.5493895657114336,0,32,0,0,244,FULL_MOTION_CERTIFICATE,0,0,0,250,0,0,0,0,0,,65.7,1.9561309248,-0.395633662605,0.130482987597,0.851299902317,-0.500976537961,0.155919802234,0.9780654624,-0.197816831303,0.0652414937986,1.90130100984,-0.594392050042,0.168346247793,1.910560738235391,-0.5685976944821854,0.15925003579563551
65.65,51.319046913021864,13.78041475378492,1.9480647145684598,1.6294451774544574,-0.032048208243205714,-0.007634644334482204,1.9557713472312441,-0.39720664108638915,0.13109279776613206,DEPTH_PROPOSAL_CERTIFIED,0.5583193503166723,0,32,0,0,244,FULL_MOTION_CERTIFICATE,0,0,0,250,0,0,0,0,0,,65.716666666,1.95594750503,-0.396437304299,0.130793047637,0.851299902317,-0.500976537961,0.155919802234,0.977973752517,-0.198218652149,0.0653965238186,1.89052771729,-0.621962958969,0.177850730527,1.901065868865775,-0.5951436813187652,0.1683462477929734
65.66666666666667,51.34633376389771,13.779587550634979,1.9480295073319227,1.637211052551007,-0.04963218899642165,-0.0021124341922226847,1.9556027420766495,-0.3979406069547533,0.1313818424241794,DEPTH_PROPOSAL_CERTIFIED,0.5675379050124156,0,32,0,0,244,FULL_MOTION_CERTIFICATE,0,0,0,250,0,0,0,0,0,,65.733333333,1.95577134723,-0.397206641086,0.131092797766,0.851299902317,-0.500976537961,0.155919802234,0.977885673616,-0.198603320543,0.0655463988831,1.87820569535,-0.650077684312,0.187644147732,1.8902929569307763,-0.6226760868538845,0.1778507305268731
65.68333333333334,51.373739549439264,13.778463398442025,1.9480880386800647,1.6443471324933008,-0.06744913157727955,0.0035118808885281653,1.9554419827196154,-0.3986381259386115,0.13165977656722547,DEPTH_PROPOSAL_CERTIFIED,0.5770597769755232,0,32,0,0,244,FULL_MOTION_CERTIFICATE,0,0,0,250,0,0,0,0,0,,65.75,1.95560274208,-0.397940606955,0.131381842424,0.851299902317,-0.500976537961,0.155919802234,0.977801371038,-0.198970303477,0.0656909212121,1.86497429074,-0.676841941502,0.197081142547,1.8779724819425667,-0.6507510943118153,0.1876441477323411
65.7,51.401253869860945,13.777038838609732,1.9482418933786207,1.6508592253008683,-0.08547358993759349,0.009231281913363792,1.9552893629527863,-0.39929811961964423,0.13192618690731497,DEPTH_PROPOSAL_CERTIFIED,0.5868996421758854,0,32,0,0,244,FULL_MOTION_CERTIFICATE,0,0,0,251,0,0,0,0,0,,65.766666666,1.95544198272,-0.398638125939,0.131659776567,0.851299902317,-0.500976537961,0.155919802234,0.97772099136,-0.199319062969,0.0658298882836,1.85237723526,-0.702150660241,0.2060113903,1.8647445117188808,-0.6774747411566493,0.19708114254724324
65.71666666666667,51.428867092442594,13.7753109941441,1.9484924326418422,1.656793354899164,-0.10367066793792858,0.015032355793285074,1.955145164491472,-0.3999195611983434,0.13218067308249035,DEPTH_PROPOSAL_CERTIFIED,0.5970722949727321,0,32,0,0,244,FULL_MOTION_CERTIFICATE,0,0,0,251,0,0,0,0,0,,65.783333333,1.95528936295,-0.39929811962,0.131926186907,0.851299902317,-0.500976537961,0.155919802234,0.977644681476,-0.19964905981,0.0659630934537,1.84046951212,-0.72602786612,0.214438285353,1.8521527598613023,-0.7027425741558204,0.20601139030043333
65.73333333333333,51.45657033984998,13.773277483238369,1.9488408221439948,1.6621948444433965,-0.12201065434390675,0.020903370129158994,1.9550096460000692,-0.4005015197934143,0.13242287072046455,DEPTH_PROPOSAL_CERTIFIED,0.6075926487654402,0,32,0,0,244,FULL_MOTION_CERTIFICATE,0,0,0,251,0,0,0,0,0,,65.8,1.95514516449,-0.399919561198,0.132180673082,0.851299902317,-0.500976537961,0.155919802234,0.977572582246,-0.199959780599,0.0660903365412,1.82926329981,-0.748479186408,0.222362675857,1.8402521206174636,-0.7265787087252591,0.2144382853528332
65.75,51.484355458380804,13.770936340447825,1.9492880592748805,1.6671071118492997,-0.14046856743262426,0.02683422785314851,1.9548830454111592,-0.4010431484383054,0.13265244760155218,DEPTH_PROPOSAL_CERTIFIED,0.6184757332057176,0,32,0,0,244,FULL_MOTION_CERTIFICATE,0,0,0,251,0,0,0,0,0,,65.816666666,1.955009646,-0.400501519793,0.13242287072,0.831735998874,-0.530766466179,0.162794921775,0.977504823,-0.200250759897,0.0662114353602,1.81684120508,-0.772066575333,0.230193521234,1.8290546861728685,-0.7489888300308805,0.22236267585743785
65.76666666666667,51.512213813333055,13.7682856368236,1.949834893734733,1.6715012971351333,-0.15904221745353767,0.03281006759115527,1.9547655822274501,-0.4015436724567624,0.1328690996767667,DEPTH_PROPOSAL_CERTIFIED,0.6297364386408759,0,32,0,0,244,FULL_MOTION_CERTIFICATE,0,0,0,251,0,0,0,0,0,,65.833333333,1.95488304541,-0.401043148438,0.132652447602,0.831735998874,-0.530766466179,0.162794921775,0.977441522706,-0.200521574219,0.0663262238008,1.80510956542,-0.794228621748,0.23750528766,1.8166423159192582,-0.7725344375622548,0.23019352123412268
65.78333333333333,51.540137478567885,13.765323797015451,1.9504819277612213,1.6754199140897668,-0.17771038848897472,0.03882204158930956,1.9546574763045987,-0.4020022961846423,0.13307255234950782,DEPTH_PROPOSAL_CERTIFIED,0.641389735407752,0,32,0,0,244,FULL_MOTION_CERTIFICATE,0,0,0,251,0,0,0,0,0,,65.849999999,1.95476558223,-0.401543672457,0.132869099677,0.831735998874,-0.530766466179,0.162794921775,0.977382791114,-0.200771836228,0.0664345498384,1.79411956327,-0.814975018093,0.244344093987,1.8049220604554514,-0.794654643515543,0.23750528766037104
65.8,51.568119213987664,13.76204954755806,1.9512296552621342,1.6789041251869048,-0.19645496744344945,0.044863650054776154,1.9545589305426405,-0.40241828740609564,0.13326255662095582,DEPTH_PROPOSAL_CERTIFIED,0.6534506784073546,0,32,0,0,244,FULL_MOTION_CERTIFICATE,0,0,0,251,0,0,0,0,0,,65.866666666,1.9546574763,-0.402002296185,0.13307255235,0.831735998874,-0.530766466179,0.162794921775,0.977328738152,-0.201001148092,0.0665362761748,1.78387683455,-0.834307002981,0.250715144235,1.7939450088163065,-0.8153591802091815,0.24434409398684778
65.81666666666666,51.59615242548196,13.758461864925039,1.9520784815725216,1.681992689657785,-0.2152609579813431,0.05092957862324982,1.9544701325572904,-0.4027909698481226,0.13343888320237204,DEPTH_PROPOSAL_CERTIFIED,0.6659343984935502,0,32,0,0,244,FULL_MOTION_CERTIFICATE,0,0,0,251,0,0,0,0,0,,65.883333333,1.95455893054,-0.402418287406,0.133262556621,0.831735998874,-0.530766466179,0.162794921775,0.977279465271,-0.201209143703,0.0666312783105,1.77438269655,-0.852224868849,0.256619656885,1.7837167031829804,-0.8346493029123878,0.2507151442347099
65.83333333333333,51.62423112562153,13.754559931334292,1.9530287387945269,1.6847220083740053,-0.23411601544483104,0.05701543332031671,1.9543912563437504,-0.40311971494802173,0.13360131940711714,DEPTH_PROPOSAL_CERTIFIED,0.6809212113695844,0,32,0,0,244,FULL_MOTION_CERTIFICATE,0,0,0,251,0,0,0,0,0,,65.9,1.95447013256,-0.402790969848,0.133438883202,0.831735998874,-0.530766466179,0.162794921775,0.977235066279,-0.201395484924,0.0667194416012,1.76563756631,-0.868728709111,0.26205801831,1.774238365620199,-0.8525253092250911,0.25661965688475674
65.85,51.65234989725271,13.750343097735488,1.9540806983842363,1.6871262978711548,-0.2530100159282124,0.0631175753825632,1.9543224637050782,-0.40340393468589536,0.13374966668239482,DEPTH_PROPOSAL_CERTIFIED,0.696502791909656,0,32,0,0,244,FULL_MOTION_CERTIFICATE,0,0,0,251,0,0,0,0,0,,65.916666666,1.95439125634,-0.403119714948,0.133601319407,0.831735998874,-0.530766466179,0.162794921775,0.977195628172,-0.201559857474,0.0668006597036,1.75764159892,-0.883818557637,0.267030371548,1.765510316566337,-0.8689872885786423,0.2620580183096282
65.86666666666666,51.680503860724535,13.745810852943364,1.95523458159531,1.6892378083095654,-0.2719346875273984,0.06923299266443361,1.954263905455971,-0.40364307548075984,0.13388373855106184,DEPTH_PROPOSAL_CERTIFIED,0.7123304082326742,0,32,0,0,244,FULL_MOTION_CERTIFICATE,0,0,0,251,0,0,0,0,0,,65.933333333,1.95432246371,-0.403403934686,0.133749666682,0.831735998874,-0.530766466179,0.162794921775,0.977161231853,-0.201701967343,0.0668748333412,1.75039485497,-0.897494429958,0.271536774186,1.7575326132187172,-0.8840352631745865,0.26703037154823134
65.88333333333334,51.70868864511106,13.740962797945073,1.9564905681658395,1.6910870631902073,-0.29088329989728384,0.0753591942317087,1.9542157224274743,-0.4038366130322126,0.1340033588830329,DEPTH_PROPOSAL_CERTIFIED,0.7283963633486634,0,32,0,0,244,FULL_MOTION_CERTIFICATE,0,0,0,251,0,0,0,0,0,,65.95,1.95426390546,-0.403643075481,0.133883738551,0.831735998874,-0.530766466179,0.162794921775,0.977131952728,-0.20182153774,0.0669418692755,1.74380978989,-0.909921589479,0.275631703765,1.7503052170852453,-0.8976692303622913,0.2715367741859541
65.9,51.73690031206977,13.7357986207201,1.9578488052924428,1.692700017522913,-0.3098506334984287,0.08149422759620166,1.9541780462975766,-0.40398404798590304,0.1341083604459837,DEPTH_PROPOSAL_CERTIFIED,0.7446931538553445,0,32,0,0,244,FULL_MOTION_CERTIFICATE,0,0,0,251,0,0,0,0,0,,65.95,1.95426390546,-0.403643075481,0.133883738551,0.831735998874,-0.530766466179,0.162794921775,0.977131952728,-0.20182153774,0.0669418692755,1.74380978989,-0.909921589479,0.275631703765,1.7437404707239552,-0.9100544231456198,0.2756317037651436
65.91666666666667,51.76513524219027,13.730318074103161,1.9593094159715034,1.6940958072300316,-0.3288327970163117,0.08763664074363879,1.9541510007807015,-0.4040849001118143,0.13419858288897238,DEPTH_PROPOSAL_CERTIFIED,0.7612134477219441,0,32,0,0,244,FULL_MOTION_CERTIFICATE,0,0,0,251,0,0,0,0,0,,65.983333333,1.9541780463,-0.403984047986,0.134108360446,0.831735998874,-0.530766466179,0.162794921775,0.977089023149,-0.201992023993,0.067054180223,1.73209847274,-0.932022875476,0.282914398544,1.7376754595871644,-0.9214980694972852,0.27941641117322885
65.93333333333334,51.79339010137358,13.724520963909901,1.9608725032123384,1.6952915509987774,-0.3478266115955951,0.09378523445011026,1.954134703019614,-0.40413870166619775,0.13427387039184627,DEPTH_PROPOSAL_CERTIFIED,0.7779500851774779,0,32,0,0,244,FULL_MOTION_CERTIFICATE,0,0,0,252,0,0,0,0,0,,66,1.95415100078,-0.404084900112,0.134198582889,0.831735998874,-0.530766466179,0.162794921775,0.97707550039,-0.202042450056,0.0670992914445,1.72689949726,-0.941834243618,0.286147386867,1.7320723223832841,-0.9320714724265006,0.2829143985444738
65.95,51.8216618113486,13.718407139349646,1.9625381534663309,1.6963025985008684,-0.36682947361540436,0.09993901523955664,1.9541292640609937,-0.4041449947431296,0.13433407075092452,DEPTH_PROPOSAL_CERTIFIED,0.794896078638389,0,32,0,0,244,FULL_MOTION_CERTIFICATE,0,0,0,252,0,0,0,0,0,,66.016666666,1.95413470302,-0.404138701666,0.134273870392,0.831735998874,-0.530766466179,0.162794921775,0.97706735151,-0.202069350833,0.0671369351959,1.72209438385,-0.950902325736,0.289135451648,1.7268960686688957,-0.9418405300769608,0.2861473868671427
65.96666666666667,51.84994752374639,13.71197648525445,1.9643064394307628,1.6971427438673277,-0.3858392457117916,0.10609715786591625,1.9541347892350782,-0.4041033290607041,0.13437903461192302,DEPTH_PROPOSAL_CERTIFIED,0.8120446119843892,0,32,0,0,244,FULL_MOTION_CERTIFICATE,0,0,0,252,0,0,0,0,0,,66.033333333,1.95412926406,-0.404144994743,0.134334070751,0.831735998874,-0.530766466179,0.162794921775,0.97706463203,-0.202072497372,0.0671670353755,1.71765329391,-0.959283432466,0.291897148059,1.7221143601055178,-0.9508661476241107,0.28913545164785126
65.98333333333333,51.87824459723866,13.705228915757605,1.9661774223515298,1.6978244095366624,-0.4048541698107569,0.11225897524602371,1.9541513784569644,-0.40401326009951977,0.13440861482250405,DEPTH_PROPOSAL_CERTIFIED,0.8293890394060874,0,32,0,0,244,FULL_MOTION_CERTIFICATE,0,0,0,252,0,0,0,0,0,,66.05,1.95413478924,-0.404103329061,0.134379034612,0.831735998874,-0.530766466179,0.162794921775,0.977067394618,-0.20205166453,0.067189517306,1.71354865018,-0.967029606855,0.294449625041,1.717697308675832,-0.9592046171883666,0.29189714805932326
66.0,51.90655057732098,13.698164369134336,1.9681511539223593,1.698358804938945,-0.4238727973961308,0.11842389424977609,1.9541791264635227,-0.4038743475281742,0.13442266588248955,DEPTH_PROPOSAL_CERTIFIED,0.8469228839861229,0,32,0,0,244,FULL_MOTION_CERTIFICATE,0,0,0,252,0,0,0,0,0,,66.05,1.95413478924,-0.404103329061,0.134379034612,0.831735998874,-0.530766466179,0.162794921775,0.977067394618,-0.20205166453,0.067189517306,1.71354865018,-0.967029606855,0.294449625041,1.713617292708419,-0.9669079641734075,0.29444962504149935
66.01666666666667,51.934863178381555,13.690782803578587,1.9702276778577268,1.698756063634622,-0.44289393334492155,0.12459143612205255,1.9542181229970097,-0.4036861538638021,0.13442104347420822,DEPTH_PROPOSAL_CERTIFIED,0.8646398361299545,0,32,0,0,245,FULL_MOTION_CERTIFICATE,0,0,0,252,0,0,0,0,0,,66.083333333,1.95417912646,-0.403874347528,0.134422665882,0.831735998874,-0.530766466179,0.162794921775,0.977089563232,-0.201937173764,0.0672113329412,1.7062486791,-0.980805917947,0.298989119661,1.709848784188955,-0.9740242723458484,0.29680873240991495
66.03333333333333,51.963180267749394,13.683084193737097,1.9724070312007902,1.6990253620705602,-0.4619165904894624,0.13076120058381327,1.9542684529442613,-0.40344824332599144,0.13440360405887403,DEPTH_PROPOSAL_CERTIFIED,0.8825337519283623,0,32,0,0,245,FULL_MOTION_CERTIFICATE,0,0,0,252,0,0,0,0,0,,66.099999999,1.954218123,-0.403686153864,0.134421043474,0.831735998874,-0.530766466179,0.162794921775,0.977109061499,-0.201843076932,0.0672105217371,1.70300802156,-0.986921600613,0.301004325936,1.7063681894620184,-0.9805979836903138,0.2989891196611196
66.05,51.99149985146094,13.675068527858778,1.9746892454152867,1.6991750226927413,-0.4809399526990981,0.1369328528698,1.9543301964386022,-0.4031601808505655,0.1343702045276166,DEPTH_PROPOSAL_CERTIFIED,0.9005986515110949,0,32,0,0,245,FULL_MOTION_CERTIFICATE,0,0,0,252,0,0,0,0,0,,66.116666666,1.95426845294,-0.403448243326,0.134403604059,0.831735998874,-0.530766466179,0.162794921775,0.977134226472,-0.201724121663,0.0672018020294,1.70001286818,-0.992573974343,0.302866865186,1.7031537041873175,-0.9866701714103625,0.3010043259357442
66.06666666666666,52.01982006151981,13.666735805446109,1.9770743473006929,1.6992126035324144,-0.49996334476018,0.14310611312438268,1.9544034289302141,-0.4028215312361846,0.13432070189794518,DEPTH_PROPOSAL_CERTIFIED,0.9225502498188898,0,32,0,0,245,FULL_MOTION_CERTIFICATE,0,0,0,252,0,0,0,0,0,,66.133333333,1.95433019644,-0.403160180851,0.134370204528,0.831735998874,-0.530766466179,0.162794921775,0.977165098219,-0.201580090425,0.0671851022638,1.69724462036,-0.997798137933,0.304588302975,1.7001851760405673,-0.9922787983633773,0.30286686518621087
66.08333333333333,52.048139144457636,13.65808603531777,1.9795623597623235,1.6991449762699116,-0.5189862077002716,0.1492807476978463,1.9544882212296328,-0.40243185840173884,0.1342549530481046,DEPTH_PROPOSAL_CERTIFIED,0.9462463867465165,0,32,0,0,246,FULL_MOTION_CERTIFICATE,0,0,0,252,0,0,0,0,0,,66.15,1.95440342893,-0.402821531236,0.134320701898,0.831735998874,-0.530766466179,0.162794921775,0.977201714465,-0.201410765618,0.067160350949,1.69468608829,-1.00262653155,0.306179328808,1.697443980901769,-0.9974589500880044,0.30458830297548684
66.1,52.076455451028906,13.649119234009605,1.9821533024620588,1.6989783942761782,-0.5380080784899905,0.15545656198412103,1.9545846395281503,-0.40199072473662445,0.1341728144831648,DEPTH_PROPOSAL_CERTIFIED,0.970082388838025,0,32,0,0,246,FULL_MOTION_CERTIFICATE,0,0,0,252,0,0,0,0,0,,66.166666666,1.95448822123,-0.402431858402,0.134254953048,0.783811709851,-0.592059369325,0.187363034494,0.977244110615,-0.201215929201,0.0671274765241,1.69114084014,-1.00870042916,0.308273233715,1.6949129062555328,-1.0022430542684138,0.3061793288084215
66.11666666666666,52.10476664668846,13.639835454782958,1.9848472499621084,1.6986717395735174,-0.5570267535988737,0.16163685000297906,1.9546927453982208,-0.4014976905291915,0.13407414212774976,DEPTH_PROPOSAL_CERTIFIED,0.9940511226141242,0,32,0,0,246,FULL_MOTION_CERTIFICATE,0,0,0,252,0,0,0,0,0,,66.183333333,1.95458463953,-0.401990724737,0.134172814483,0.783811709851,-0.592059369325,0.187363034494,0.977292319764,-0.200995362368,0.0670864072416,1.68659905102,-1.01601146492,0.310871296101,1.6913959076852074,-1.0082726716621697,0.308273233715249
66.13333333333334,52.13306969548726,13.630234803171389,1.987644331508187,1.6981829279264846,-0.5760390966936857,0.1678248927645892,1.9548126011476907,-0.40095229324852755,0.13395877325858885,DEPTH_PROPOSAL_CERTIFIED,1.0181451399266574,0,32,0,0,246,FULL_MOTION_CERTIFICATE,0,0,0,252,0,0,0,0,0,,66.2,1.9546927454,-0.401497690529,0.134074142128,0.783811709851,-0.592059369325,0.187363034494,0.977346372699,-0.200748845265,0.0670370710639,1.68104714483,-1.02454786635,0.313975244334,1.6868832729773027,-1.0155395015038,0.3108712961009606
66.15,52.161360852928034,13.620317457038396,1.9905447294944423,1.6974694464466815,-0.5950407679795893,0.17402387917531806,1.9549442692871866,-0.400354049410359,0.13382652615201643,DEPTH_PROPOSAL_CERTIFIED,1.0423566724871618,0,32,0,0,246,FULL_MOTION_CERTIFICATE,0,0,0,252,0,0,0,0,0,,66.216666666,1.95481260115,-0.400952293249,0.133958773259,0.783811709851,-0.592059369325,0.187363034494,0.977406300574,-0.200476146624,0.0669793866293,1.67446311053,-1.03429001267,0.317587784753,1.6813615377503788,-1.024031841770326,0.313975244333686
66.16666666666667,52.18963566561389,13.610083691413216,1.993548677782778,1.6964887611516313,-0.6140259375108973,0.1802368973001525,1.9550878117461472,-0.39970245752296135,0.1336772000446105,DEPTH_PROPOSAL_CERTIFIED,1.066677629135729,0,32,0,0,246,FULL_MOTION_CERTIFICATE,0,0,0,253,0,0,0,0,0,,66.233333333,1.95494426929,-0.40035404941,0.133826526152,0.783811709851,-0.592059369325,0.187363034494,0.977472134644,-0.200177024705,0.066913263076,1.66679413729,-1.04518797169,0.321714897785,1.6748087993552099,-1.0337301506919918,0.3175877847527684
66.18333333333334,52.2178889610816,13.599533910910607,1.9966564659366648,1.6951977280623018,-0.6329868301566174,0.18646728923322456,1.955243288856917,-0.3989970021076524,0.13351057519572881,DEPTH_PROPOSAL_CERTIFIED,1.0910655316721591,0,32,0,0,246,FULL_MOTION_CERTIFICATE,0,0,0,253,0,0,0,0,0,,66.25,1.95508781175,-0.399702457523,0.133677200045,0.783811709851,-0.592059369325,0.187363034494,0.977543905873,-0.199851228761,0.0668386000223,1.65928120399,-1.05571303,0.325730895684,1.6671723422168057,-1.044584593810602,0.3217148977849846
66.2,52.24611571327146,13.588668587691593,1.999868366335924,1.6936051313916098,-0.6519193931408831,0.19271402395556286,1.955410758203815,-0.3982371587375745,0.13332641186728486,DEPTH_PROPOSAL_CERTIFIED,1.1147862594609665,0,32,0,0,246,FULL_MOTION_CERTIFICATE,0,0,0,253,0,0,0,0,0,,66.266666666,1.95524328886,-0.398997002108,0.133510575196,0.783811709851,-0.592059369325,0.187363034494,0.977621644428,-0.199498501054,0.0667552875979,1.65233743273,-1.06544073481,0.329442651088,1.65969265767915,-1.0550660631853512,0.3257308956836417
66.21666666666667,52.27431131245701,13.577488219554239,2.0031846089647036,1.6917359511330168,-0.6708220882413258,0.19897455772677894,1.955590269267409,-0.3974224122547114,0.133124471770856,DEPTH_PROPOSAL_CERTIFIED,1.138366997628138,0,32,0,0,246,FULL_MOTION_CERTIFICATE,0,0,0,253,0,0,0,0,0,,66.283333333,1.9554107582,-0.398237158738,0.133326411867,0.783811709851,-0.592059369325,0.187363034494,0.977705379102,-0.199118579369,0.0666632059336,1.64591970435,-1.07443149286,0.332873213119,1.6527826616213215,-1.0647499351751977,0.3294426510884589
66.23333333333333,52.30247151637411,13.565993319615684,2.0066053888218587,1.6896122350263458,-0.6896939963133502,0.2052467914293194,1.9557818623256564,-0.3965522590273912,0.13290452534906122,DEPTH_PROPOSAL_CERTIFIED,1.162032493492013,0,32,0,0,246,FULL_MOTION_CERTIFICATE,0,0,0,253,0,0,0,0,0,,66.3,1.95559026927,-0.397422412255,0.133124471771,0.783811709851,-0.592059369325,0.187363034494,0.977795134634,-0.198711206127,0.0665622358854,1.63998816751,-1.08274113286,0.336043884082,1.646399194786861,-1.0736966039832612,0.33287321311908347
66.25,52.33059240778304,13.554184408737973,2.010130871916318,1.6872534845355673,-0.7085346526627181,0.21152898566757938,1.9559855690359238,-0.39562620395254494,0.13266635017709985,DEPTH_PROPOSAL_CERTIFIED,1.1857939655026424,0,32,0,0,246,FULL_MOTION_CERTIFICATE,0,0,0,253,0,0,0,0,0,,66.316666666,1.95578186233,-0.396552259027,0.132904525349,0.783811709851,-0.592059369325,0.187363034494,0.977890931163,-0.198276129514,0.0664522626745,1.63450598987,-1.0904212542,0.338974352518,1.6405023707360975,-1.0819618856360973,0.33604388408158414
66.26666666666667,52.358670357475056,13.542062010032705,2.0137612001443497,1.6846769815210938,-0.7273439223161303,0.21781969368191206,1.9562014128715255,-0.3946437580605949,0.13240972963969894,DEPTH_PROPOSAL_CERTIFIED,1.2096546294057486,0,32,0,0,246,FULL_MOTION_CERTIFICATE,0,0,0,253,0,0,0,0,0,,66.333333333,1.95598556904,-0.395626203953,0.132666350177,0.783811709851,-0.592059369325,0.187363034494,0.977992784518,-0.197813101976,0.0663331750885,1.62943912839,-1.09751954862,0.341682815941,1.6350553263755991,-1.0895973670189334,0.33897435251780866
66.28333333333333,52.38670199188657,13.52962664494831,2.0174964952787806,1.681898064691012,-0.7461219050637748,0.2241177080658752,1.956429409442666,-0.39360443659531663,0.13213445182958222,DEPTH_PROPOSAL_CERTIFIED,1.2336188591971813,0,32,0,0,246,FULL_MOTION_CERTIFICATE,0,0,0,253,0,0,0,0,0,,66.349999999,1.95620141287,-0.394643758061,0.13240972964,0.783811709851,-0.592059369325,0.187363034494,0.978100706436,-0.19732187903,0.0662048648198,1.62475612034,-1.10408009306,0.344186092587,1.630023991850519,-1.0966507277706266,0.34168281594085875
66.3,52.41468416461365,13.516878830568608,2.0213368622493353,1.6789303636248403,-0.7648688627821547,0.23042201823329836,1.956669566724827,-0.3925077574705342,0.13184030862497884,DEPTH_PROPOSAL_CERTIFIED,1.2541567725108342,0,32,0,0,247,FULL_MOTION_CERTIFICATE,0,0,0,253,0,0,0,0,0,,66.366666666,1.95642940944,-0.393604436595,0.13213445183,0.783811709851,-0.592059369325,0.187363034494,0.978214704721,-0.196802218298,0.0660672259148,1.62042788536,-1.11014362694,0.346499727209,1.6253768810415932,-1.1031660333105913,0.34418609258665017
66.31666666666666,52.44261393122313,13.503819077845288,2.025282391854558,1.6757859965689095,-0.7835851633992234,0.23673177631337167,1.9569218852124688,-0.3913532400279168,0.13152709491252904,DEPTH_PROPOSAL_CERTIFIED,1.2716746347251184,0,32,0,0,247,FULL_MOTION_CERTIFICATE,0,0,0,253,0,0,0,0,0,,66.383333333,1.95666956672,-0.392507757471,0.131840308625,0.783811709851,-0.592059369325,0.187363034494,0.978334783362,-0.196253878735,0.0659201543125,1.61642754697,-1.11574780218,0.348638086477,1.6210848932599997,-1.1091840121989707,0.34649972720870964
66.33333333333333,52.4704885268474,13.490447890556835,2.029333163015937,1.6724757374562202,-0.8022712373072096,0.24304626968276305,1.957186358011961,-0.3901404040371982,0.13119460792870985,DEPTH_PROPOSAL_CERTIFIED,1.2893851301024568,0,32,0,0,247,FULL_MOTION_CERTIFICATE,0,0,0,253,0,0,0,0,0,,66.4,1.95692188521,-0.391353240028,0.131527094913,0.783811709851,-0.592059369325,0.187363034494,0.978460942606,-0.195676620014,0.0657635474563,1.61273026453,-1.12092741868,0.350614448828,1.6171211344308654,-1.1147423062075235,0.3486380864771076
66.35,52.49830534611885,13.476765764840428,2.0334892446620145,1.6690091562870295,-0.8209275429844556,0.24936489876465465,1.9574629708846154,-0.38886876889327865,0.1308426466982454,DEPTH_PROPOSAL_CERTIFIED,1.3072796377636926,0,32,0,0,247,FULL_MOTION_CERTIFICATE,0,0,0,253,0,0,0,0,0,,66.416666666,1.95718635801,-0.390140404037,0.131194607929,0.783811709851,-0.592059369325,0.187363034494,0.978593179006,-0.195070202019,0.0655973039644,1.60931307945,-1.1257146397,0.352441086646,1.6134607486989814,-1.1198757058191329,0.35061444882799303
66.36666666666666,52.52606192505768,13.462773189184643,2.037750697312537,1.6653947363302628,-0.8395545393471529,0.2556871590313745,1.9577517022483348,-0.3875378529748212,0.13047101155204288,DEPTH_PROPOSAL_CERTIFIED,1.3253489252043396,0,32,0,0,247,FULL_MOTION_CERTIFICATE,0,0,0,253,0,0,0,0,0,,66.433333333,1.95746297088,-0.388868768893,0.130842646698,0.783811709851,-0.592059369325,0.187363034494,0.978731485442,-0.194434384447,0.0654213233491,1.60615477183,-1.13013919274,0.354129342918,1.6100807644101454,-1.124616365611534,0.35244108664576407
66.38333333333334,52.55375592456903,13.4484706448039,2.0421175744190423,1.6616399706797762,-0.8581526628440012,0.26201262639011896,1.9580525231445738,-0.3861471731369058,0.1300795037104017,DEPTH_PROPOSAL_CERTIFIED,1.343583130286837,0,32,0,0,247,FULL_MOTION_CERTIFICATE,0,0,0,253,0,0,0,0,0,,66.45,1.95775170225,-0.387537852975,0.130471011552,0.783811709851,-0.592059369325,0.187363034494,0.978875851124,-0.193768926487,0.065235505776,1.60323572994,-1.13422855236,0.355689700984,1.6069599504636427,-1.1289940051413596,0.3541293429175043
66.4,52.58138511523728,13.433858606342499,2.0465899235076095,1.657751440095079,-0.8767223076841354,0.2683409453140598,1.9583653971758466,-0.38469624431661703,0.12966792491969145,DEPTH_PROPOSAL_CERTIFIED,1.3619717434702627,0,32,0,0,247,FULL_MOTION_CERTIFICATE,0,0,0,254,0,0,0,0,0,,66.466666666,1.95805252314,-0.386147173137,0.13007950371,0.783811709851,-0.592059369325,0.187363034494,0.979026261572,-0.193073586568,0.0650397518552,1.60053782776,-1.13800811178,0.357131850018,1.6040786856019509,-1.1330360917267377,0.355689700984282
66.41666666666667,52.60894736312259,13.41893754287978,2.0511677871614444,1.653734873118486,-0.8952638077631915,0.27467181923010503,1.9586902804178705,-0.3831845792355739,0.1292360771325895,DEPTH_PROPOSAL_CERTIFIED,1.3805035902484828,0,32,0,0,248,FULL_MOTION_CERTIFICATE,0,0,0,254,0,0,0,0,0,,66.483333333,1.95836539718,-0.384696244317,0.12966792492,0.783811709851,-0.592059369325,0.187363034494,0.979182698588,-0.192348122158,0.0648339624598,1.59804431195,-1.14150134115,0.358464745421,1.6014188357210382,-1.1367680120235883,0.3571318500177137
66.43333333333334,52.63644061626803,13.40370791923063,2.0558512038745986,1.6495951887266178,-0.9137774189490675,0.28100500278925455,1.9590271213094954,-0.381611688187665,0.12878376222331928,DEPTH_PROPOSAL_CERTIFIED,1.3991668137515536,0,32,0,0,248,FULL_MOTION_CERTIFICATE,0,0,0,254,0,0,0,0,0,,66.5,1.95869028042,-0.383184579236,0.129236077133,0.783811709851,-0.592059369325,0.187363034494,0.979345140209,-0.191592289618,0.0646180385663,1.59573969885,-1.14472993194,0.359696663897,1.5989636406946925,-1.140213230298216,0.3584647454208354
66.45,52.66386707954285,13.388188376372163,2.0606339787457175,1.6455877964887784,-0.9311725715080278,0.2869664922671485,1.9593758605227578,-0.3799770789040635,0.12831078173028657,DEPTH_PROPOSAL_CERTIFIED,1.4179377804718005,0,32,0,0,248,FULL_MOTION_CERTIFICATE,0,0,0,254,0,0,0,0,0,,66.516666666,1.95902712131,-0.381611688188,0.128783762223,0.782259465074,-0.58803255502,0.20564008252,0.979513560655,-0.190805844094,0.0643918811117,1.59339914177,-1.14745153227,0.362515858655,1.5966976111871343,-1.1433934327273567,0.35969666389745863
66.46666666666667,52.691228903954915,13.372397499613559,2.0655121442309623,1.641709464724315,-0.9474526055163631,0.29268992911471414,1.9597357520720766,-0.37828340789004666,0.12781801659228142,DEPTH_PROPOSAL_CERTIFIED,1.4367927194126744,0,32,0,0,248,FULL_MOTION_CERTIFICATE,0,0,0,254,0,0,0,0,0,,66.533333333,1.95937586052,-0.379977078904,0.12831078173,0.782259465074,-0.58803255502,0.20564008252,0.979687930261,-0.189988539452,0.0641553908651,1.5912112469,-1.1496192276,0.366210124364,1.5943938171978569,-1.1460690204180666,0.3625158586550197
66.48333333333333,52.718528267874994,13.356353162863517,2.0704831382455624,1.6379618352048049,-0.9626602050025578,0.29825964087603396,1.9601060739173335,-0.3765333560818579,0.1273059729553544,DEPTH_PROPOSAL_CERTIFIED,1.4557076955782209,0,32,0,0,248,FULL_MOTION_CERTIFICATE,0,0,0,254,0,0,0,0,0,,66.55,1.95973575207,-0.37828340789,0.127818016592,0.782259465074,-0.58803255502,0.20564008252,0.979867876036,-0.189141703945,0.0639090082961,1.58918910165,-1.15162270358,0.369624521453,1.5922407550667794,-1.1481929187341446,0.3662101243641399
66.5,52.745767391936596,13.340072090630745,2.0755442394326087,1.6343474436963583,-0.9768643339663705,0.30366607122279893,1.9604861401975904,-0.3747295201854715,0.12677492178944802,DEPTH_PROPOSAL_CERTIFIED,1.4746585758445832,0,32,0,0,248,FULL_MOTION_CERTIFICATE,0,0,0,254,0,0,0,0,0,,66.55,1.95973575207,-0.37828340789,0.127818016592,0.782259465074,-0.58803255502,0.20564008252,0.979867876036,-0.189141703945,0.0639090082961,1.58918910165,-1.15162270358,0.369624521453,1.590251867293308,-1.1501547073248966,0.3696245214533355
66.51666666666667,52.77294852008856,13.323569929570453,2.0806926059993005,1.6308676891179434,-0.9901296636175433,0.3089019940015156,1.9608752987234828,-0.37287433503006817,0.12622516837769343,DEPTH_PROPOSAL_CERTIFIED,1.4936211017521068,0,32,0,0,248,FULL_MOTION_CERTIFICATE,0,0,0,254,0,0,0,0,0,,66.583333333,1.9604861402,-0.374729520185,0.126774921789,0.782259465074,-0.58803255502,0.20564008252,0.980243070099,-0.187364760093,0.0633874608947,1.58559278422,-1.15518581835,0.375696912046,1.5884146832612793,-1.1519666853618618,0.37278025190186276
66.53333333333333,52.80007390327963,13.30686131578813,2.085925309583726,1.6275229914642821,-1.0025168269394806,0.3139622150655238,1.9612729296444913,-0.3709700827974154,0.12565704561620344,DEPTH_PROPOSAL_CERTIFIED,1.5124988911677815,0,32,0,0,248,FULL_MOTION_CERTIFICATE,0,0,0,254,0,0,0,0,0,,66.599999999,1.96087529872,-0.37287433503,0.126225168378,0.782259465074,-0.58803255502,0.20564008252,0.980437649362,-0.186437167515,0.0631125841888,1.58399628018,-1.15676758281,0.378392612923,1.5867176800896121,-1.153640219467127,0.37569691204642763
66.55,52.82714578548564,13.289959938133775,2.091239364680597,1.6243129323604208,-1.0140826592613643,0.31884330581229975,1.9616784441121882,-0.36901890175200913,0.12507090810946292,DEPTH_PROPOSAL_CERTIFIED,1.5052067438241856,0,32,0,0,248,FULL_MOTION_CERTIFICATE,0,0,0,254,0,0,0,0,0,,66.616666666,1.96127292964,-0.370970082797,0.125657045616,0.782259465074,-0.58803255502,0.20564008252,0.980636464822,-0.185485041399,0.0628285228081,1.58252072333,-1.15822951672,0.380884094194,1.585150211293311,-1.1551858135883533,0.3783926129229703
66.56666666666666,52.85416639181655,13.272878597706796,2.096631754106233,1.6212363798544203,-1.0248804256188082,0.3235433655381704,1.9620912829479837,-0.3670227944973709,0.124467126980885,DEPTH_PROPOSAL_CERTIFIED,1.498299807989557,0,32,0,0,248,FULL_MOTION_CERTIFICATE,0,0,0,254,0,0,0,0,0,,66.633333333,1.96167844411,-0.369018901752,0.125070908109,0.782259465074,-0.58803255502,0.20564008252,0.980839222056,-0.184509450876,0.0625354540547,1.5811569511,-1.15958069806,0.38318682688,1.5837024392812098,-1.1566131751796311,0.38088409419379615
66.58333333333333,52.881137918468994,13.255629263783286,2.1020994509325526,1.6182915991467104,-1.0349600354107331,0.32806180957919695,1.9625109153227278,-0.36498363578222026,0.12384608532505183,DEPTH_PROPOSAL_CERTIFIED,1.4917715095271917,0,32,0,0,248,FULL_MOTION_CERTIFICATE,0,0,0,254,0,0,0,0,0,,66.65,1.96209128295,-0.367022794497,0.124467126981,0.782259465074,-0.58803255502,0.20564008252,0.981045641474,-0.183511397249,0.0622335634904,1.57989649494,-1.16082951717,0.385315110116,1.5823652745126469,-1.1579312748722241,0.3831868268797239
66.6,52.908062524312186,13.23822312636573,2.1076394372797522,1.6154763505916003,-1.0443682450534024,0.3323991808320044,1.9629368374542404,-0.3629031798794959,0.12320817423570384,DEPTH_PROPOSAL_CERTIFIED,1.4856155328970106,0,32,0,0,248,FULL_MOTION_CERTIFICATE,0,0,0,254,0,0,0,0,0,,66.666666666,1.96251091532,-0.364983635782,0.123846085325,0.782259465074,-0.58803255502,0.20564008252,0.981255457661,-0.182491817891,0.0619230426625,1.57873152795,-1.16198372871,0.387282159653,1.5811303182192566,-1.1591484026939738,0.385315110116259
66.61666666666666,52.934942323917305,13.220670645546106,2.1132487203173826,1.6127879763071344,-1.0531488491774907,0.3365569822578388,1.9633685713279223,-0.36078306755980555,0.12255378934937194,DEPTH_PROPOSAL_CERTIFIED,1.4798258195018235,0,32,0,0,248,FULL_MOTION_CERTIFICATE,0,0,0,254,0,0,0,0,0,,66.683333333,1.96293683745,-0.362903179879,0.123208174236,0.782259465074,-0.58803255502,0.20564008252,0.981468418727,-0.18145158994,0.0616040871179,1.57765481598,-1.16305050004,0.389100190401,1.579989810036649,-1.1602722194913748,0.3872821596530211
66.63333333333334,52.9617793818594,13.202981597863177,2.1189243457895413,1.6102234765246566,-1.0613428609748408,0.34053752832925765,1.963805663444661,-0.35862483268001055,0.12188332785049215,DEPTH_PROPOSAL_CERTIFIED,1.4743965648344117,0,32,0,0,248,FULL_MOTION_CERTIFICATE,0,0,0,254,0,0,0,0,0,,66.7,1.96336857133,-0.36078306756,0.122553789349,0.782259465074,-0.58803255502,0.20564008252,0.981684285664,-0.18039153378,0.0612768946747,1.57665967309,-1.16403645537,0.390780491543,1.5789365791784522,-1.161309804902424,0.3891001904005256
66.65,52.98857570813923,13.18516511982669,2.1246634093465615,1.6077795767898642,-1.0689886821892718,0.34434381342122217,1.96424768359948,-0.3564299084065488,0.12119718588884736,DEPTH_PROPOSAL_CERTIFIED,1.4679221774268023,0,32,0,0,248,FULL_MOTION_CERTIFICATE,0,0,0,255,0,0,0,0,0,,66.716666666,1.96380566344,-0.35862483268,0.12188332785,0.782259465074,-0.58803255502,0.20564008252,0.981902831722,-0.17931241634,0.0609416639252,1.57573991988,-1.16494771705,0.392333497049,1.5779640000253952,-1.1622677010053368,0.3907804915431919
66.66666666666667,53.01533325458782,13.167229748771122,2.130463065938465,1.6054527869157558,-1.0761222633341518,0.347979395514237,1.9646942236936524,-0.3541996330923811,0.12049575636518862,DEPTH_PROPOSAL_CERTIFIED,1.4613538444396026,0,32,0,0,248,FULL_MOTION_CERTIFICATE,0,0,0,255,0,0,0,0,0,,66.733333333,1.9642476836,-0.356429908407,0.121197185889,0.782259465074,-0.58803255502,0.20564008252,0.9821238418,-0.178214954203,0.0605985929444,1.57488984488,-1.16578994381,0.393768850713,1.577065950451631,-1.163151953301695,0.3923334970490208
66.68333333333334,53.042053912130456,13.14918346119385,2.1363205374990546,1.6032394525582014,-1.082777254636373,0.3514482936353868,1.9651448965824263,-0.35193525582533647,0.11977942704488474,DEPTH_PROPOSAL_CERTIFIED,1.455008053979574,0,32,0,0,248,FULL_MOTION_CERTIFICATE,0,0,0,255,0,0,0,0,0,,66.75,1.96469422369,-0.354199633092,0.120495756365,0.782259465074,-0.58803255502,0.20564008252,0.982347111847,-0.177099816546,0.0602478781826,1.57410416951,-1.16656836551,0.395095465462,1.576236773396036,-1.1639681485234756,0.3937688507134173
66.7,53.068739508800974,13.13103370872458,2.1422331191250814,1.6011358002309908,-1.0889851481562576,0.35475489756162015,1.9655993349599832,-0.3496379416648982,0.11904857896340361,DEPTH_PROPOSAL_CERTIFIED,1.4489389503330647,0,32,0,0,248,FULL_MOTION_CERTIFICATE,0,0,0,255,0,0,0,0,0,,66.75,1.96469422369,-0.354199633092,0.120495756365,0.782259465074,-0.58803255502,0.20564008252,0.982347111847,-0.177099816546,0.0602478781826,1.57410416951,-1.16656836551,0.395095465462,1.5754712418390202,-1.1647214490988533,0.3950954654616695
66.71666666666667,53.09539180840799,13.11278745186471,2.148198183934764,1.599137976420794,-1.0947754115922677,0.35790388858097094,1.9660571902827497,-0.3473087765837235,0.11830358509114085,DEPTH_PROPOSAL_CERTIFIED,1.4432026652369527,0,32,0,0,248,FULL_MOTION_CERTIFICATE,0,0,0,255,0,0,0,0,0,,66.783333333,1.96559933496,-0.349637941665,0.119048578963,0.782259465074,-0.58803255502,0.20564008252,0.98279966748,-0.174818970832,0.0595242894817,1.57270687223,-1.16795276237,0.397454805254,1.574764525936392,-1.165416625511596,0.3963215790170531
66.73333333333333,53.12201250976537,13.094451191627872,2.1542131867705483,1.5972420814428168,-1.1001756142103782,0.360900170147078,1.9665181317318172,-0.34494877212932595,0.11754480922811406,DEPTH_PROPOSAL_CERTIFIED,1.4378571638692912,0,32,0,0,248,FULL_MOTION_CERTIFICATE,0,0,0,255,0,0,0,0,0,,66.8,1.96605719028,-0.347308776584,0.118303585091,0.782259465074,-0.58803255502,0.20564008252,0.983028595141,-0.173654388292,0.0591517925456,1.57208657357,-1.16856733417,0.398502181016,1.574112162711494,-1.166058086151331,0.3974548052535864
66.75,53.14860324640935,13.076030999206294,2.160275666892783,1.5954441986390262,-1.105211545294785,0.3637488073341127,1.966981845214874,-0.3425588698206285,0.11677260510198484,DEPTH_PROPOSAL_CERTIFIED,1.4329620992274918,0,32,0,0,248,FULL_MOTION_CERTIFICATE,0,0,0,255,0,0,0,0,0,,66.816666666,1.96651813173,-0.344948772129,0.117544809228,0.782259465074,-0.58803255502,0.20564008252,0.983259065866,-0.172474386065,0.0587724046141,1.57151326728,-1.16913534747,0.39947021007,1.5735100284327808,-1.166649904524552,0.39850218101593804
66.76666666666667,53.175165586732696,13.057532543780287,2.16638324979625,1.5937404194005793,-1.1099073255604528,0.3664549742080402,1.9674480324077304,-0.340139945293495,0.11598731564567218,DEPTH_PROPOSAL_CERTIFIED,1.4285786748862264,0,32,0,0,248,FULL_MOTION_CERTIFICATE,0,0,0,255,0,0,0,0,0,,66.833333333,1.96698184521,-0.342558869821,0.116772605102,0.782259465074,-0.58803255502,0.20564008252,0.983490922607,-0.17127943491,0.058386302551,1.57098339324,-1.1696603295,0.400364903646,1.5729543126915257,-1.1671958448016024,0.399470210069958
66.78333333333333,53.20170103447409,13.038961118581778,2.1725336482671893,1.5921268644836204,-1.1142855119105572,0.3690239082563853,1.9679164098352895,-0.3376928122085676,0.11518927243304669,DEPTH_PROPOSAL_CERTIFIED,1.4245596025346212,0,32,0,0,248,FULL_MOTION_CERTIFICATE,0,0,0,255,0,0,0,0,0,,66.849999999,1.96744803241,-0.340139945293,0.115987315646,0.782259465074,-0.58803255502,0.20564008252,0.983724016204,-0.170069972647,0.0579936578228,1.57049366121,-1.17014554012,0.401191817355,1.5724414944967207,-1.1676993853818343,0.4003649036461975
66.8,53.22821102950846,13.020321665317065,2.1787246627849703,1.5905997020619207,-1.1183671958828814,0.37146087106689274,1.9683867079915904,-0.335218225934109,0.11437879525339549,DEPTH_PROPOSAL_CERTIFIED,1.417930216355681,0,32,0,0,248,FULL_MOTION_CERTIFICATE,0,0,0,255,0,0,0,0,0,,66.866666666,1.96791640984,-0.337692812209,0.115189272433,0.800369207742,-0.565325587377,0.199539749312,0.983958204918,-0.168846406104,0.0575946362165,1.57102024531,-1.16936000606,0.401658054933,1.571968320517184,-1.1681637403452392,0.4011918173550848
66.81666666666666,53.25469818328532,13.001620356685624,2.1849538050601582,1.5892292266116934,-1.122078517886475,0.37374853651130047,1.968858670498356,-0.3327168870160261,0.11355619180745824,DEPTH_PROPOSAL_CERTIFIED,1.411606784118506,0,32,0,0,248,FULL_MOTION_CERTIFICATE,0,0,0,255,0,0,0,0,0,,66.883333333,1.96838670799,-0.335218225934,0.114378795253,0.800369207742,-0.565325587377,0.199539749312,0.984193353996,-0.167609112967,0.0571893976267,1.57256177801,-1.16731110428,0.401734986263,1.572509426118918,-1.16735664633032,0.40165805493307627
66.83333333333333,53.28116618809956,12.982864493592102,2.1912182837618,1.5880802888546757,-1.1253517856114195,0.3758687220985292,1.9693319961218503,-0.33018975863166966,0.11272183615204903,DEPTH_PROPOSAL_CERTIFIED,1.4055826793469317,0,32,0,0,248,FULL_MOTION_CERTIFICATE,0,0,0,255,0,0,0,0,0,,66.9,1.9688586705,-0.332716887016,0.113556191807,0.800369207742,-0.565325587377,0.199539749312,0.984429335249,-0.166358443508,0.0567780959037,1.5746963718,-1.16453383683,0.401533812953,1.574063248219057,-1.165285651855744,0.40173498626272125
66.85,53.30761920316248,12.964061743276785,2.197515167881187,1.5871809037753837,-1.1281650189190688,0.37781304716324565,1.9698063436973847,-0.3276380482297908,0.111876171197058,DEPTH_PROPOSAL_CERTIFIED,1.3998505727122084,0,32,0,0,248,FULL_MOTION_CERTIFICATE,0,0,0,255,0,0,0,0,0,,66.916666666,1.96933199612,-0.330189758632,0.112721836152,0.800369207742,-0.565325587377,0.199539749312,0.984665998061,-0.165094879316,0.056360918076,1.57666925382,-1.1619669686,0.401347880057,1.5762084058080197,-1.1624864652723934,0.40153381295278806
66.86666666666666,53.3340608676935,12.945218924935448,2.2038417676986715,1.5864998718613996,-1.1305691004802787,0.37959598904910447,1.970281361081423,-0.3250630555173511,0.11101967444042632,DEPTH_PROPOSAL_CERTIFIED,1.3944039545484372,0,32,0,0,248,FULL_MOTION_CERTIFICATE,0,0,0,255,0,0,0,0,0,,66.933333333,1.9698063437,-0.32763804823,0.111876171197,0.800369207742,-0.565325587377,0.199539749312,0.984903171849,-0.163819024115,0.0559380855985,1.57849267519,-1.15959455992,0.401176032975,1.5781912825107924,-1.1598988955270422,0.40134788005658334
66.88333333333334,53.36049435588685,12.926342094257125,2.210195615046371,1.5860092915997033,-1.1326098406984422,0.3812308408616717,1.9707567306378684,-0.32246592635573695,0.11015278019676356,DEPTH_PROPOSAL_CERTIFIED,1.389237054596016,0,32,0,0,248,FULL_MOTION_CERTIFICATE,0,0,0,255,0,0,0,0,0,,66.95,1.97028136108,-0.325063055517,0.11101967444,0.800369207742,-0.565325587377,0.199539749312,0.985140680541,-0.162531527759,0.0555098372202,1.58017795858,-1.15740187918,0.401017204612,1.5800242124070125,-1.157506871360015,0.4011760329749744
66.9,53.38692242652975,12.907436620017576,2.216574445176578,1.5856842385739491,-1.1343284543730323,0.3827298078124487,1.9712321656459306,-0.31984766763962386,0.10927588310486012,DEPTH_PROPOSAL_CERTIFIED,1.3843447689673531,0,32,0,0,248,FULL_MOTION_CERTIFICATE,0,0,0,255,0,0,0,0,0,,66.95,1.97028136108,-0.325063055517,0.11101967444,0.800369207742,-0.565325587377,0.199539749312,0.985140680541,-0.162531527759,0.0555098372202,1.58017795858,-1.15740187918,0.401017204612,1.581718591659747,-1.1552955412030337,0.4010172046119296
66.91666666666667,53.41334844114593,12.888509285857603,2.222975496355349,1.5855608769708598,-1.1356400495984071,0.38406307072631235,1.9717074070400766,-0.3172091608145415,0.1083893413515934,DEPTH_PROPOSAL_CERTIFIED,1.379720488775541,0,32,0,0,248,FULL_MOTION_CERTIFICATE,0,0,0,256,0,0,0,0,0,,66.983333333,1.97123216565,-0.31984766764,0.109275883105,0.985616082823,-0.15992383382,0.0546379415524,0.985616082823,-0.15992383382,0.0546379415524,1.58548234648,-1.14868835361,0.399109795196,1.5840558654131691,-1.1516415113479814,0.4003288782754496
66.93333333333334,53.439776315066204,12.869568183586471,2.229395545923602,1.5856724352165557,-1.1364661362679542,0.38520297409519927,1.972182149975233,-0.31455157044917875,0.10749361305223487,DEPTH_PROPOSAL_CERTIFIED,1.375356177246859,0,32,0,0,248,FULL_MOTION_CERTIFICATE,0,0,0,256,0,0,0,0,0,,67,1.97170740704,-0.317209160815,0.108389341352,0.98585370352,-0.158604580407,0.0541946706758,0.98585370352,-0.158604580407,0.0541946706758,1.58909659112,-1.14216627514,0.397358679973,1.5870334458140443,-1.1465443936364297,0.39910979519562034
66.95,53.46621047211403,12.850622614616121,2.235830943605337,1.5860494228695943,-1.1367341382210612,0.3861238609041058,1.972656049145571,-0.3118763271569361,0.10658925052971249,DEPTH_PROPOSAL_CERTIFIED,1.3712424413021376,0,32,0,0,248,FULL_MOTION_CERTIFICATE,0,0,0,256,0,0,0,0,0,,67.016666666,1.97218214998,-0.314551570449,0.107493613052,0.986091074988,-0.157275785225,0.0537468065261,0.986091074988,-0.157275785225,0.0537468065261,1.59334879575,-1.13419977896,0.395074235284,1.590648672236667,-1.1400037620489647,0.3973586799727657
66.96666666666667,53.49265580261266,12.831682998914648,2.2422776422648236,1.586719829918209,-1.136376942088512,0.38680191956923443,1.973128723750925,-0.3091851118109011,0.10567689503163717,DEPTH_PROPOSAL_CERTIFIED,1.3673685979063486,0,32,0,0,248,FULL_MOTION_CERTIFICATE,0,0,0,256,0,0,0,0,0,,67.033333333,1.97265604915,-0.311876327157,0.10658925053,0.986328024573,-0.155938163578,0.0532946252649,0.986328024573,-0.155938163578,0.0532946252649,1.5982362536,-1.12478816088,0.392255135646,1.5948987959113083,-1.1320191492714118,0.39507423528380475
66.98333333333333,53.51911762444083,12.812760790916718,2.2487312262981454,1.5877093096902777,-1.1353324798758713,0.38721504199932794,1.9735997621297254,-0.30647984096017283,0.10475727185507719,DEPTH_PROPOSAL_CERTIFIED,1.3637227354574186,0,32,0,0,248,FULL_MOTION_CERTIFICATE,0,0,0,256,0,0,0,0,0,,67.05,1.97312872375,-0.309185111811,0.105676895032,0.986564361875,-0.154592555905,0.0528384475158,0.986564361875,-0.154592555905,0.0528384475158,1.60375610983,-1.11393067299,0.38890002222,1.599780962909515,-1.1225900408816538,0.39225513564646924
67.0,53.54560164687745,12.793868401866053,2.2551869378317453,1.5890413461970698,-1.1335433430399444,0.38734269201600974,1.9740687260747365,-0.30376265336327624,0.1038311858516915,DEPTH_PROPOSAL_CERTIFIED,1.3595294986527462,0,32,0,0,248,FULL_MOTION_CERTIFICATE,0,0,0,256,0,0,0,0,0,,67.05,1.97312872375,-0.309185111811,0.105676895032,0.986564361875,-0.154592555905,0.0528384475158,0.986564361875,-0.154592555905,0.0528384475158,1.60375610983,-1.11393067299,0.38890002222,1.6052921915799336,-1.1117158736416346,0.3889000222195275
67.01666666666667,53.57211393699389,12.775019128111786,2.261639700885205,1.590737406986152,-1.130956425256055,0.3871657832076262,1.974535154845859,-0.30103589756004573,0.10289951728777699,DEPTH_PROPOSAL_CERTIFIED,1.3542297712682174,0,32,0,0,249,FULL_MOTION_CERTIFICATE,0,0,0,256,0,0,0,0,0,,67.083333333,1.97406872607,-0.303762653363,0.103831185852,0.987034363037,-0.151881326682,0.0519155929258,0.987034363037,-0.151881326682,0.0519155929258,1.61668070634,-1.08787482282,0.380576108118,1.6114293486129538,-1.099396028292603,0.3850074957453464
67.03333333333333,53.59866088836557,12.756227084920573,2.2680841436418353,1.592817082301002,-1.1275225914728464,0.38666656539782124,1.9749985688921423,-0.29830212041095117,0.10196321803630755,DEPTH_PROPOSAL_CERTIFIED,1.3495888982951965,0,32,0,0,249,FULL_MOTION_CERTIFICATE,0,0,0,256,0,0,0,0,0,,67.099999999,1.97453515485,-0.30103589756,0.102899517288,0.987267577423,-0.15051794878,0.0514497586439,0.987267577423,-0.15051794878,0.0514497586439,1.6240787496,-1.07267466341,0.375604355669,1.618189121142174,-1.0856298193176972,0.38057610811820053
67.05,53.62524919187926,12.737507145391204,2.2745146189619394,1.595298210821372,-1.123196371762173,0.38582851920625466,1.9754584732933738,-0.29556405653924644,0.1010233080802537,DEPTH_PROPOSAL_CERTIFIED,1.3423224209401083,0,32,0,0,249,FULL_MOTION_CERTIFICATE,0,0,0,256,0,0,0,0,0,,67.116666666,1.97499856889,-0.298302120411,0.101963218036,0.987499284446,-0.149151060205,0.0509816090182,0.987499284446,-0.149151060205,0.0509816090182,1.63209571871,-1.05602501527,0.370090667092,1.6255679787698882,-1.0704164912919523,0.37560435566914213
67.06666666666666,53.651885808427366,12.718874884108713,2.2809252232566464,1.5981969928861126,-1.1179356769495226,0.3846362576824313,1.9759143609304557,-0.29282461861481235,0.10008087230773637,DEPTH_PROPOSAL_CERTIFIED,1.3350487749435644,0,32,0,0,249,FULL_MOTION_CERTIFICATE,0,0,0,256,0,0,0,0,0,,67.133333333,1.97545847329,-0.295564056539,0.10102330808,0.987729236647,-0.14778202827,0.0505116540401,0.987729236647,-0.14778202827,0.0505116540401,1.64072752927,-1.03792475899,0.364033394124,1.6335621340759503,-1.0537552002351844,0.3700906670917858
67.08333333333333,53.678577943275414,12.70034652518936,2.287309813834739,1.6015280908830998,-1.111701535161185,0.3830754346856021,1.9763657153918979,-0.290086888427166,0.09913705758250442,DEPTH_PROPOSAL_CERTIFIED,1.3279135758325027,0,32,0,0,250,FULL_MOTION_CERTIFICATE,0,0,0,256,0,0,0,0,0,,67.15,1.97591436093,-0.292824618615,0.100080872308,0.987957180465,-0.146412309307,0.0500404361539,0.987957180465,-0.146412309307,0.0500404361539,1.64996969531,-1.01837265371,0.357430796803,1.6421674864463462,-1.035645005343462,0.3640333941242848
67.1,53.70533302189411,12.681938894412303,2.2936620248195467,1.605304717121841,-1.1044578466234694,0.38113265908846344,1.9768120136231013,-0.2873541086966467,0.09819307007389004,DEPTH_PROPOSAL_CERTIFIED,1.3208986076178006,0,32,0,0,250,FULL_MOTION_CERTIFICATE,0,0,0,256,0,0,0,0,0,,67.166666666,1.97636571539,-0.290086888427,0.0991370575825,0.988182857696,-0.145043444214,0.0495685287913,0.988182857696,-0.145043444214,0.0495685287913,1.65981724251,-0.99736731415,0.350281027996,1.651379557234489,-1.0160848464633332,0.35743079680336975
67.11666666666666,53.73215866703589,12.663669375156127,2.2999752817246915,1.6095387085065878,-1.0961711553705877,0.37879541430869546,1.9772527283235688,-0.28462967558030333,0.09725017283303952,DEPTH_PROPOSAL_CERTIFIED,1.3139848012691653,0,32,0,0,250,FULL_MOTION_CERTIFICATE,0,0,0,256,0,0,0,0,0,,67.183333333,1.97681201362,-0.287354108697,0.0981930700739,0.988406006812,-0.143677054348,0.0490965350369,0.988406006812,-0.143677054348,0.0490965350369,1.67026459878,-0.974907172536,0.342582111768,1.6611934034005007,-0.9950735220854268,0.3502810279955246
67.13333333333334,53.759062676824115,12.645555867898958,2.3062428147629976,1.6142405872922247,-1.0868104354292412,0.3760519822980612,1.9776873300963842,-0.2819171318321036,0.09630968360343943,DEPTH_PROPOSAL_CERTIFIED,1.307152259096081,0,32,0,0,250,FULL_MOTION_CERTIFICATE,0,0,0,256,0,0,0,0,0,,67.2,1.97725272832,-0.28462967558,0.097250172833,0.988626364162,-0.14231483779,0.0486250864165,0.988626364162,-0.14231483779,0.0486250864165,1.68130544081,-0.950990442624,0.334331921394,1.6716035084769458,-0.9726096521449126,0.3425821117683522
67.15,53.786053003584705,12.627616753056476,2.312457670956722,1.6194196056354353,-1.076346890549049,0.37289137162349056,1.9781152893530192,-0.2792201605837123,0.09537297285619274,DEPTH_PROPOSAL_CERTIFIED,1.300380276368702,0,32,0,0,250,FULL_MOTION_CERTIFICATE,0,0,0,256,0,0,0,0,0,,67.216666666,1.9776873301,-0.281917131832,0.0963096836034,0.988843665048,-0.140958565916,0.0481548418017,0.988843665048,-0.140958565916,0.0481548418017,1.69293248861,-0.925615056122,0.32552814672,1.6826036294226092,-0.9486916430106964,0.33433192139372647
67.16666666666667,53.81313773310523,12.60987085698388,2.3186127250988,1.6250837712317014,-1.064753764355827,0.3693032485247113,1.978536077976074,-0.2765425797134664,0.09444146204118274,DEPTH_PROPOSAL_CERTIFIED,1.293647360363066,0,32,0,0,250,FULL_MOTION_CERTIFICATE,0,0,0,256,0,0,0,0,0,,67.233333333,1.97811528935,-0.279220160584,0.0953729728562,0.989057644677,-0.139610080292,0.0476864864281,0.989057644677,-0.139610080292,0.0476864864281,1.70513721008,-0.898778571924,0.316168251117,1.6941865915061523,-0.9233176247985078,0.3255281467196013
67.18333333333334,53.84032506391608,12.592337421015806,2.3247006895976865,1.6312398486513344,-1.0520061580845423,0.36527786993321093,1.9789491707411062,-0.2738883367793673,0.09351662204827678,DEPTH_PROPOSAL_CERTIFIED,1.286931247048006,0,32,0,0,250,FULL_MOTION_CERTIFICATE,0,0,0,256,0,0,0,0,0,,67.25,1.97853607798,-0.276542579713,0.0944414620412,0.989268038988,-0.138271289857,0.0472207310206,0.989268038988,-0.138271289857,0.0472207310206,1.71790936612,-0.870478057219,0.306249418412,1.7063439931708604,-0.8964853615748596,0.31616825111690305
67.2,53.86762328601825,12.57503607346253,2.3307141232234407,1.6378933261300064,-1.0380808531966068,0.3608060175452752,1.9793540464974788,-0.2712615044984681,0.09259997187517392,DEPTH_PROPOSAL_CERTIFIED,1.2802089157162688,0,32,0,0,250,FULL_MOTION_CERTIFICATE,0,0,0,256,0,0,0,0,0,,67.266666666,1.97894917074,-0.273888336779,0.0935166220483,0.989474585371,-0.13694416839,0.0467583110241,0.989474585371,-0.13694416839,0.0467583110241,1.73123628057,-0.840709877706,0.295768470099,1.7190657513698078,-0.8681921335637843,0.30624941841245595
67.21666666666667,53.895040758177934,12.557986804601786,2.3366454387337323,1.6450483295811626,-1.022956131644682,0.3558789306175044,1.9797501891074392,-0.2686662767591902,0.09169307749995258,DEPTH_PROPOSAL_CERTIFIED,1.273456601977489,0,32,0,0,250,FULL_MOTION_CERTIFICATE,0,0,0,256,0,0,0,0,0,,67.283333333,1.9793540465,-0.271261504498,0.0925999718752,0.989677023249,-0.135630752249,0.0462999859376,0.989677023249,-0.135630752249,0.0462999859376,1.74510152399,-0.809469328504,0.284721735394,1.7323393716852746,-0.838434528711189,0.2957684700986976
67.23333333333333,53.922585882234806,12.541209944902754,2.342486909300559,1.6527074434121876,-1.00661158194196,0.350488234009627,1.9801370881401117,-0.2661069651689176,0.09079755096140169,DEPTH_PROPOSAL_CERTIFIED,1.2666498098253967,0,32,0,0,250,FULL_MOTION_CERTIFICATE,0,0,0,256,0,0,0,0,0,,67.3,1.97975018911,-0.268666276759,0.0916930775,0.989875094554,-0.13433313838,0.04584653875,0.989875094554,-0.13433313838,0.04584653875,1.75948210343,-0.776749893369,0.273104822478,1.7461486321506965,-0.8072080755687395,0.28472173539351814
67.25,53.950265368156856,12.524722479296747,2.348231896401353,1.6607691553231596,-0.9892479363604412,0.3446992260476491,1.9805142393138795,-0.26358799616129663,0.08991504965598138,DEPTH_PROPOSAL_CERTIFIED,1.2597672283364059,0,32,0,0,250,FULL_MOTION_CERTIFICATE,0,0,0,256,0,0,0,0,0,,67.316666666,1.98013708814,-0.266106965169,0.0907975509614,0.99006854407,-0.133053482584,0.0453987754807,0.99006854407,-0.133053482584,0.0453987754807,1.77434029937,-0.742541149236,0.260912052778,1.7604707725619213,-0.774506506158504,0.27310482247789
67.26666666666667,53.9780780592487,12.508524610018092,2.3538794080640395,1.6687614655109846,-0.971872156719276,0.33885069976120646,1.9808812551762744,-0.2611131560862218,0.08904702471143425,DEPTH_PROPOSAL_CERTIFIED,1.2528051285990132,0,32,0,0,250,FULL_MOTION_CERTIFICATE,0,0,0,256,0,0,0,0,0,,67.333333333,1.98051423931,-0.263587996161,0.089915049656,0.990257119657,-0.131793998081,0.044957524828,0.990257119657,-0.131793998081,0.044957524828,1.78936849408,-0.707629844517,0.248447935058,1.7752686113803111,-0.7403189945742434,0.2609120527778063
67.28333333333333,54.006022876033136,12.49261654306269,2.359428591064023,1.676689007066037,-0.9544840173242564,0.332950979999028,1.9812382632723993,-0.258682819635601,0.08819378079400576,DEPTH_PROPOSAL_CERTIFIED,1.245462196093979,0,32,0,0,250,FULL_MOTION_CERTIFICATE,0,0,0,256,0,0,0,0,0,,67.349999999,1.98088125518,-0.261113156086,0.0890470247114,0.990440627588,-0.130556578043,0.0445235123557,0.990440627588,-0.130556578043,0.0445235123557,1.80387703601,-0.673802824019,0.236372109,1.7902370105813297,-0.705429692040804,0.24844793505842575
67.3,54.03409891548517,12.47699845642088,2.3648787632547643,1.684562367122072,-0.9370851985086117,0.3270103314445048,1.9815853898101405,-0.25629737036492445,0.08735559990646374,DEPTH_PROPOSAL_CERTIFIED,1.2366487693561552,0,32,0,0,251,FULL_MOTION_CERTIFICATE,0,0,0,256,0,0,0,0,0,,67.366666666,1.98123826327,-0.258682819636,0.088193780794,0.990619131636,-0.129341409818,0.044096890397,0.990619131636,-0.129341409818,0.044096890397,1.81773441341,-0.641420481243,0.224812675514,1.8046885374542778,-0.6716263019571633,0.23637210900002006
67.31666666666666,54.06230542834724,12.461670500009893,2.370229375164533,1.692390771724168,-0.9196773846592163,0.3210367145861323,1.9819227602876588,-0.253957197063226,0.08653273550244954,DEPTH_PROPOSAL_CERTIFIED,1.2272609494398428,0,32,0,0,251,FULL_MOTION_CERTIFICATE,0,0,0,256,0,0,0,0,0,,67.383333333,1.98158538981,-0.256297370365,0.0873555999065,0.990792694905,-0.128148685182,0.0436777999532,0.990792694905,-0.128148685182,0.0436777999532,1.83094092076,-0.610482946853,0.213769647793,1.8184920480810838,-0.6392693505107759,0.224812675513564
67.33333333333333,54.090641778626974,12.44663280397431,2.3754799757221727,1.7001810167843898,-0.9022617621350261,0.3150360334584136,1.9822504991538252,-0.25166269303005245,0.08572541945813413,DEPTH_PROPOSAL_CERTIFIED,1.217304691906981,0,32,0,0,251,FULL_MOTION_CERTIFICATE,0,0,0,256,0,0,0,0,0,,67.4,1.98192276029,-0.253957197063,0.0865327355024,0.990792694905,-0.128148685182,0.0436777999532,0.990961380144,-0.126978598532,0.0432663677512,1.8435131305,-0.580996866728,0.203245007051,1.8316477526278905,-0.6083589351715033,0.21376964779269625
67.35,54.11910742987701,12.431885478440815,2.3806301903161193,1.7079390750025545,-0.8848395320097046,0.3090128756368171,1.9825687293604435,-0.24941425659874314,0.08493386819998722,DEPTH_PROPOSAL_CERTIFIED,1.2067859763537296,0,32,0,0,251,FULL_MOTION_CERTIFICATE,0,0,0,256,0,0,0,0,0,,67.416666666,1.98225049915,-0.25166269303,0.0857254194581,0.991125249577,-0.125831346515,0.0428627097291,0.991125249577,-0.125831346515,0.0428627097291,1.85542958775,-0.552953618649,0.193236126363,1.8441721451639923,-0.5789016500955996,0.20324500705061474
67.36666666666666,54.14770190375707,12.41742862601678,2.385679701316345,1.7156684328033018,-0.8674111454420904,0.3029706600135719,1.9828775721386724,-0.2472122907225585,0.08415828672893663,DEPTH_PROPOSAL_CERTIFIED,1.195710825137027,0,32,0,0,251,FULL_MOTION_CERTIFICATE,0,0,0,256,0,0,0,0,0,,67.433333333,1.98256872936,-0.249414256599,0.0849338682,0.991438786069,-0.123606145361,0.0420791433645,0.99128436468,-0.124707128299,0.0424669341,1.86667963905,-0.526348806319,0.183741616448,1.8560436737028982,-0.5508888642916954,0.1932361263633966
67.38333333333334,54.176424756614644,12.40326234798025,2.390628234722191,1.7233711714532869,-0.8499766821911819,0.29691200435052395,1.9831771465773522,-0.24505720443296813,0.08339887198762914,DEPTH_PROPOSAL_CERTIFIED,1.1840853147410584,0,32,0,0,251,FULL_MOTION_CERTIFICATE,0,0,0,256,0,0,0,0,0,,67.45,1.98287757214,-0.247212290723,0.0841582867289,0.991588573289,-0.122528602216,0.0416994359938,0.991438786069,-0.123606145361,0.0420791433645,1.87726979556,-0.501185142301,0.174762284573,1.8672515913696532,-0.5243161596753336,0.1837416164483331
67.4,54.205275574964,12.389386743653592,2.3954755518328326,1.7310491009615452,-0.8325362595995224,0.29083902663851974,1.9834675693465997,-0.24294941357951072,0.08265581523197892,DEPTH_PROPOSAL_CERTIFIED,1.172051368557793,0,32,0,0,251,FULL_MOTION_CERTIFICATE,0,0,0,256,0,0,0,0,0,,67.466666666,1.98317714658,-0.245057204433,0.0833988719876,0.991588573289,-0.122528602216,0.0416994359938,0.991588573289,-0.122528602216,0.0416994359938,1.88721501227,-0.47746871596,0.166300000886,1.8778023224275555,-0.49918620783078704,0.17476228457292864
67.41666666666667,54.23425397922649,12.37580190708786,2.400221443822877,1.7387042557493309,-0.815090193943985,0.284753519402662,1.9837489545649445,-0.24088934072155335,0.08192930360515269,DEPTH_PROPOSAL_CERTIFIED,1.1599198634704893,0,32,0,0,252,FULL_MOTION_CERTIFICATE,0,0,0,256,0,0,0,0,0,,67.483333333,1.98346756935,-0.24294941358,0.082655815232,0.991733784673,-0.12147470679,0.041327907616,0.991733784673,-0.12147470679,0.041327907616,1.89651489334,-0.455199372238,0.158354695352,1.8877107369285484,-0.4755050482718093,0.16630000088561425
67.43333333333334,54.263359615437864,12.362507928950116,2.4048657261816753,1.7463381726825473,-0.7976386882647007,0.27865694152793485,1.984021413725949,-0.23887741469006069,0.08121952122414812,DEPTH_PROPOSAL_CERTIFIED,1.1480308090412803,0,32,0,0,252,FULL_MOTION_CERTIFICATE,0,0,0,256,0,0,0,0,0,,67.5,1.98374895456,-0.240889340722,0.0819293036052,0.991874477282,-0.120444670361,0.0409646518026,0.991874477282,-0.120444670361,0.0409646518026,1.90516934249,-0.434377080909,0.150926337583,1.8969763459425506,-0.45327249209543286,0.15835469535202631
67.45,54.292592148683724,12.349504898009258,2.4094082343670578,1.7539519947515978,-0.7801818564515536,0.27255049112297086,1.9842850555344875,-0.2369140708959028,0.08052665020989509,DEPTH_PROPOSAL_CERTIFIED,1.1360958515613533,0,32,0,0,252,FULL_MOTION_CERTIFICATE,0,0,0,256,0,0,0,0,0,,67.516666666,1.98402141373,-0.23887741469,0.0812195212241,0.992010706863,-0.119438707345,0.0406097606121,0.992010706863,-0.119438707345,0.0406097606121,1.91317848107,-0.415001898595,0.144014924546,1.9055989586897253,-0.4324884745424601,0.1509263375830906
67.46666666666667,54.321951257746925,12.336792902357152,2.413848820355268,1.7615465437920192,-0.7627197391264013,0.2664351592926278,1.9845399857545563,-0.23499975161863232,0.07985087150736538,DEPTH_PROPOSAL_CERTIFIED,1.124101104880411,0,32,0,0,252,FULL_MOTION_CERTIFICATE,0,0,0,256,0,0,0,0,0,,67.533333333,1.98428505553,-0.236914070896,0.0805266502099,0.992142527767,-0.118457035448,0.0402633251049,0.992142527767,-0.118457035448,0.0402633251049,1.92054260751,-0.397073949039,0.137620474048,1.9135786006152806,-0.4131530170864192,0.14401492454591425
67.48333333333333,54.351436630612994,12.324372030455251,2.418187349862733,1.7691223719643143,-0.7452523141141001,0.2603117704479237,1.9847863070640666,-0.23313490628699024,0.07919236555085524,DEPTH_PROPOSAL_CERTIFIED,1.112033141207245,0,32,0,0,252,FULL_MOTION_CERTIFICATE,0,0,0,256,0,0,0,0,0,,67.55,1.98453998575,-0.234999751619,0.0798508715074,0.992269992877,-0.117499875809,0.0399254357537,0.992269992877,-0.117499875809,0.0399254357537,1.9272621776,-0.380593423012,0.131743024759,1.9209154727021232,-0.39526620774771176,0.13762047404813318
67.5,54.38104796058135,12.31224237206914,2.4224237000781845,1.7766797981014788,-0.7277795031667398,0.2541810129271059,1.9850241189134856,-0.23131999175823423,0.07855131281341238,DEPTH_PROPOSAL_CERTIFIED,1.0998789842797176,0,32,0,0,252,FULL_MOTION_CERTIFICATE,0,0,0,256,0,0,0,0,0,,67.55,1.98453998575,-0.234999751619,0.0798508715074,0.992269992877,-0.117499875809,0.0399254357537,0.992269992877,-0.117499875809,0.0399254357537,1.9272621776,-0.380593423012,0.131743024759,1.9276099317467963,-0.378828201019592,0.1317430247589226
67.51666666666667,54.41078494279678,12.30040401913605,2.426557757786795,1.7842189329259504,-0.7103011759854203,0.24804346251662895,1.9852535173860706,-0.22955547260110248,0.07792789426848053,DEPTH_PROPOSAL_CERTIFIED,1.0888947973385428,0,32,0,0,252,FULL_MOTION_CERTIFICATE,0,0,0,256,0,0,0,0,0,,67.583333333,1.98502411891,-0.231319991758,0.0785513128134,0.992512059457,-0.115659995879,0.0392756564067,0.992512059457,-0.115659995879,0.0392756564067,1.93877029196,-0.351975728216,0.12153938235,1.9336624930469675,-0.3638392145335717,0.12638263470033095
67.53333333333333,54.4406472710627,12.288857066598329,2.430589417798578,1.7917396959555536,-0.6928171522632771,0.24189960070698172,1.9854745950580102,-0.22784182138590808,0.07732229178433629,DEPTH_PROPOSAL_CERTIFIED,1.080033212839613,0,32,0,0,252,FULL_MOTION_CERTIFICATE,0,0,0,256,0,0,0,0,0,,67.599999999,1.98525351739,-0.229555472601,0.0779278942685,0.992626758693,-0.114777736301,0.0389639471342,0.992626758693,-0.114777736301,0.0389639471342,1.94356064512,-0.339839296803,0.11721337318,1.939073849701487,-0.3502995341657338,0.12153938234971214
67.55,54.470634634835974,12.277601613225498,2.4345185816158885,1.7992418263966432,-0.6753272023699187,0.23574982903864758,1.9856874408571807,-0.22617951898436275,0.07673468846657454,DEPTH_PROPOSAL_CERTIFIED,1.0710522680944512,0,32,0,0,252,FULL_MOTION_CERTIFICATE,0,0,0,256,0,0,0,0,0,,67.616666666,1.98547459506,-0.227841821386,0.0773222917843,0.992737297529,-0.113920910693,0.0386611458922,0.992737297529,-0.113920910693,0.0386611458922,1.94771017968,-0.329151810656,0.113404746254,1.9438449111668035,-0.338209536006355,0.11721337318037006
67.56666666666666,54.50074671634527,12.26663776243451,2.4383451562929603,1.8067248905578992,-0.6578310474592869,0.22959448062432886,1.9858921399195322,-0.22456905488084306,0.07616526895998132,DEPTH_PROPOSAL_CERTIFIED,1.0619456531003397,0,32,0,0,252,FULL_MOTION_CERTIFICATE,0,0,0,256,0,0,0,0,0,,67.633333333,1.98568744086,-0.226179518984,0.0767346884666,0.992843720429,-0.113089759492,0.0383673442333,0.992843720429,-0.113089759492,0.0383673442333,1.95122066628,-0.319913983847,0.110113693977,1.9479768845391643,-0.3275697113441293,0.11340474625406946
67.58333333333333,54.530983187851525,12.255965623090852,2.442069053459039,1.8141882903755746,-0.6403283606194947,0.22343382996472766,1.9860887734424417,-0.22301092749533488,0.07561421971804529,DEPTH_PROPOSAL_CERTIFIED,1.0527070212062082,0,32,0,0,252,FULL_MOTION_CERTIFICATE,0,0,0,256,0,0,0,0,0,,67.65,1.98589213992,-0.224569054881,0.07616526896,0.99294606996,-0.11228452744,0.03808263448,0.99294606996,-0.11228452744,0.03808263448,1.95409472707,-0.312126866406,0.107340505103,1.9514714328549791,-0.31838073488611063,0.1101136939772537
67.6,54.56134370928577,12.245585310191851,2.4456901885081934,1.8216312860550876,-0.6228187739400348,0.2172681029492668,1.9862774185349097,-0.2215056445145973,0.07508172924532228,DEPTH_PROPOSAL_CERTIFIED,1.043329988806776,0,32,0,0,252,FULL_MOTION_CERTIFICATE,0,0,0,256,0,0,0,0,0,,67.666666666,1.98608877344,-0.223010927495,0.075614219718,0.993044386721,-0.111505463748,0.037807109859,0.993044386721,-0.111505463748,0.037807109859,1.95651851836,-0.305375659183,0.104936998731,1.9543310688665638,-0.3106436163111568,0.10734050510333666
67.61666666666666,54.591827930713734,12.235496943203234,2.449208478975193,1.8290532856775998,-0.6053020193170916,0.21109742801997602,1.9864581480659662,-0.22005372321609523,0.0745679883131285,DEPTH_PROPOSAL_CERTIFIED,1.0338081338970424,0,32,0,0,252,FULL_MOTION_CERTIFICATE,0,0,0,256,0,0,0,0,0,,67.683333333,1.98627741853,-0.221505644515,0.0750817292453,0.993138709267,-0.110752822257,0.0375408646227,0.993138709267,-0.110752822257,0.0375408646227,1.95877298054,-0.299021870066,0.102675235846,1.956741532933864,-0.30394338159398915,0.10493699873089424
67.63333333333334,54.6224354967264,12.225700643454237,2.452623842516292,1.8364539607585346,-0.5877779849393119,0.20492181246576097,1.9866310305419852,-0.21865569041989044,0.07407319039093331,DEPTH_PROPOSAL_CERTIFIED,1.0241349943213625,0,32,0,0,252,FULL_MOTION_CERTIFICATE,0,0,0,256,0,0,0,0,0,,67.7,1.98645814807,-0.220053723216,0.0745679883131,0.993229074033,-0.110026861608,0.0372839941566,0.993229074033,-0.110026861608,0.0372839941566,1.96087034176,-0.293039434579,0.100545898869,1.958983234975652,-0.2976413162998943,0.10267523584584291
67.65,54.653166045714194,12.216196534314419,2.4559361966071074,1.8438329392676542,-0.5702465483891481,0.19874124544893412,1.9867961299918062,-0.21731208228251517,0.07359753218430293,DEPTH_PROPOSAL_CERTIFIED,1.0143040671046915,0,32,0,0,252,FULL_MOTION_CERTIFICATE,0,0,0,256,0,0,0,0,0,,67.716666666,1.98663103054,-0.21865569042,0.0740731903909,0.993315515271,-0.10932784521,0.0370365951955,0.993315515271,-0.10932784521,0.0370365951955,1.96282190902,-0.287404302671,0.0985403907311,1.9610683563639304,-0.29171134548603306,0.10054589886895962
67.66666666666667,54.684019209091296,12.206984741386307,2.4591454582393317,1.8511898026263465,-0.5527075756867512,0.19255569793347033,1.9869535058103154,-0.21602344455070727,0.0731412137754378,DEPTH_PROPOSAL_CERTIFIED,1.0043088077618563,0,32,0,0,252,FULL_MOTION_CERTIFICATE,0,0,0,256,0,0,0,0,0,,67.733333333,1.98679612999,-0.217312082283,0.0735975321843,0.993315515271,-0.10932784521,0.0370365951955,0.993398064996,-0.108656041141,0.0367987660922,1.96462563038,-0.282196074366,0.0966868149107,1.9630081609824708,-0.28612941061620767,0.09854039073114766
67.68333333333334,54.714994638505225,12.198065382329933,2.462251547404247,1.858525764835918,-0.5351615433825128,0.18636534989492565,1.987103212596122,-0.2147903328221469,0.07270443876629504,DEPTH_PROPOSAL_CERTIFIED,0.9941426225103203,0,32,0,0,252,FULL_MOTION_CERTIFICATE,0,0,0,256,0,0,0,0,0,,67.75,1.98695350581,-0.216023444551,0.0731412137754,0.993476752905,-0.108011722275,0.0365706068877,0.993476752905,-0.108011722275,0.0365706068877,1.96631713613,-0.277182996249,0.0949030572133,1.9648006203945203,-0.28097511282448795,0.09668681491072659
67.7,54.746091945912134,12.189438588978488,2.4652543787644317,1.8658384444145466,-0.5176076010867132,0.18016988161109093,1.987245300171754,-0.21361331125607247,0.0722874138387292,DEPTH_PROPOSAL_CERTIFIED,0.9837988828637088,0,32,0,0,252,FULL_MOTION_CERTIFICATE,0,0,0,256,0,0,0,0,0,,67.75,1.98695350581,-0.216023444551,0.0731412137754,0.993476752905,-0.108011722275,0.0365706068877,0.993476752905,-0.108011722275,0.0365706068877,1.96631713613,-0.277182996249,0.0949030572133,1.966481194396053,-0.2760166758082302,0.09490305721328714
67.71666666666667,54.77731073356432,12.18110449608035,2.4681538655275026,1.8731272591312378,-0.5000455738883374,0.17396920578427927,1.987379813010704,-0.21249295610636648,0.07189035013627755,DEPTH_PROPOSAL_CERTIFIED,0.9732709165814726,0,32,0,0,252,FULL_MOTION_CERTIFICATE,0,0,0,256,0,0,0,0,0,,67.783333333,1.98724530017,-0.213613311256,0.0722874138387,0.993622650086,-0.106806655628,0.0361437069194,0.993622650086,-0.106806655628,0.0361437069194,1.96935801017,-0.267998478797,0.0916354399481,1.9680453328201664,-0.2713453178748114,0.09322134376184414
67.73333333333333,54.808650592763605,12.173063241631365,2.4709499190546644,1.8803915519572962,-0.48247526693908604,0.16776321162972835,1.9875067902648846,-0.21142985430676967,0.071513462780053,DEPTH_PROPOSAL_CERTIFIED,0.9641520055563866,0,32,0,0,252,FULL_MOTION_CERTIFICATE,0,0,0,256,0,0,0,0,0,,67.8,1.98737981301,-0.212492956106,0.0718903501363,0.993689906505,-0.106246478053,0.0359451750681,0.993689906505,-0.106246478053,0.0359451750681,1.97072329829,-0.263793514873,0.0901395997809,1.969501275865969,-0.2669435918361762,0.0916354399480719
67.75,54.840104675562024,12.16529936072897,2.4736479629709063,1.887244967905367,-0.4658328541437786,0.16188263497451427,1.9876262655742802,-0.21042460377021885,0.0711569710385911,DEPTH_PROPOSAL_CERTIFIED,0.9590587329142366,0,32,0,0,252,FULL_MOTION_CERTIFICATE,0,0,0,256,0,0,0,0,0,,67.816666666,1.98750679026,-0.211429854307,0.0715134627801,0.993753395132,-0.105714927153,0.03575673139,0.993753395132,-0.105714927153,0.03575673139,1.97199477491,-0.259826571049,0.0887285288524,1.9708566424718381,-0.26279541804101536,0.09013959978089796
67.76666666666667,54.87166592245704,12.157796780761952,2.476253640591539,1.8936748137012283,-0.4501547980210564,0.15634065723799292,1.9877386785721134,-0.20947432342406583,0.07081986680599217,DEPTH_PROPOSAL_CERTIFIED,0.9537991993032395,0,32,0,0,252,FULL_MOTION_CERTIFICATE,0,0,0,256,0,0,0,0,0,,67.833333333,1.98762626557,-0.21042460377,0.0711569710386,0.993813132787,-0.105212301885,0.0355784855193,0.993813132787,-0.105212301885,0.0355784855193,1.97317897877,-0.256083997696,0.0873973502035,1.9721189324107387,-0.2588825133238333,0.08872852885242831
67.78333333333333,54.903327699465194,12.150540367153589,2.478772268582078,1.8997066204893636,-0.43538481650179606,0.15111767943235319,1.9878444774946509,-0.20857595975631543,0.07050108017434994,DEPTH_PROPOSAL_CERTIFIED,0.9483846430464842,0,32,0,0,252,FULL_MOTION_CERTIFICATE,0,0,0,256,0,0,0,0,0,,67.849999999,1.98773867857,-0.209474323424,0.070819866806,0.993869339286,-0.104737161712,0.035409933403,0.993869339286,-0.104737161712,0.035409933403,1.97428198628,-0.252552961907,0.0861414802994,1.9732946633046184,-0.25519104196680875,0.08739735020354435
67.8,54.935083773479434,12.143515868302202,2.481208855917146,1.9053644408545822,-0.42146993108324576,0.1461952401041009,1.9879440793348566,-0.2077266315222398,0.07019960109510395,DEPTH_PROPOSAL_CERTIFIED,0.9428257004196667,0,32,0,0,252,FULL_MOTION_CERTIFICATE,0,0,0,256,0,0,0,0,0,,67.866666666,1.98784447749,-0.208575959756,0.0705010801743,0.993922238747,-0.104287979878,0.0352505400872,0.993922238747,-0.104287979878,0.0352505400872,1.97530944776,-0.249221370769,0.0849566014784,1.9743898493102536,-0.2517083289769219,0.08614148029941913
67.81666666666666,54.966928288962855,12.136709863768818,2.483568121738798,1.9106709290053006,-0.40836027200310304,0.14155594929912138,1.988037872273669,-0.20692361985521981,0.06991447598026264,DEPTH_PROPOSAL_CERTIFIED,0.93713243979512,0,32,0,0,252,FULL_MOTION_CERTIFICATE,0,0,0,256,0,0,0,0,0,,67.883333333,1.98794407933,-0.207726631522,0.0701996010951,0.993972039667,-0.103863315761,0.0350998005476,0.993972039667,-0.103863315761,0.0350998005476,1.97626661684,-0.246077829854,0.0838386468815,1.9754100844440685,-0.24842243122535232,0.08495660147836784
67.83333333333333,54.998855745913964,12.130109715517873,2.4858545121786095,1.9156474170664963,-0.3960088950567254,0.1371834263886972,1.9881262179000931,-0.2061643589576453,0.0696448045000889,DEPTH_PROPOSAL_CERTIFIED,0.9313143936002561,0,32,0,0,252,FULL_MOTION_CERTIFICATE,0,0,0,256,0,0,0,0,0,,67.9,1.98803787227,-0.206923619855,0.0699144759803,0.994018936137,-0.103461809928,0.0349572379901,0.994018936137,-0.103461809928,0.0349572379901,1.97715837863,-0.243111601764,0.0827837854285,1.976360571413088,-0.24532209631090823,0.08383864688151907
67.85,55.03086097904201,12.12370352203158,2.4880722162030673,1.9203139876828184,-0.3843716091776279,0.13306224146747103,1.9882094532402763,-0.2054464273365911,0.06938973656551914,DEPTH_PROPOSAL_CERTIFIED,0.9253805882580461,0,32,0,0,252,FULL_MOTION_CERTIFICATE,0,0,0,256,0,0,0,0,0,,67.916666666,1.9881262179,-0.206164358958,0.0696448045001,0.99406310895,-0.103082179479,0.03482240225,0.99406310895,-0.103082179479,0.03482240225,1.97798927551,-0.24031256833,0.0817884081253,1.9772461492019502,-0.24239672145263022,0.08278378542850848
67.86666666666666,55.062939138092645,12.117480075127535,2.4902251805389617,1.924689543038259,-0.37340681424270183,0.1291778601536675,1.9882878926136012,-0.20476753955183616,0.06914846948453147,DEPTH_PROPOSAL_CERTIFIED,0.919339572261848,0,32,0,0,252,FULL_MOTION_CERTIFICATE,0,0,0,256,0,0,0,0,0,,67.933333333,1.98820945324,-0.205446427337,0.0693897365655,0.99410472662,-0.102723213668,0.0346948682828,0.99410472662,-0.102723213668,0.0346948682828,1.97876353142,-0.23767119396,0.0808491148065,1.9780713183746377,-0.23963631603659527,0.08178840812526149
67.88333333333334,55.09508566926692,12.111428819320635,2.4923171237317425,1.9287918704552856,-0.3630753484137249,0.1255165915667576,1.988361829332029,-0.20412553844541395,0.06892024528219376,DEPTH_PROPOSAL_CERTIFIED,0.9131994425225265,0,32,0,0,252,FULL_MOTION_CERTIFICATE,0,0,0,256,0,0,0,0,0,,67.95,1.98828789261,-0.204767539552,0.0691484694845,0.994143946307,-0.102383769776,0.0345742347423,0.994143946307,-0.102383769776,0.0345742347423,1.97948507395,-0.235178492818,0.0799627022644,1.9788402649429688,-0.23703146530031471,0.08084911480649513
67.9,55.12729629767808,12.105539813577598,2.494351549387524,1.9326377046694694,-0.35334034458219477,0.12206553934688037,1.988431537257282,-0.20351838782407752,0.06870434817484283,DEPTH_PROPOSAL_CERTIFIED,0.9069678691153407,0,32,0,0,252,FULL_MOTION_CERTIFICATE,0,0,0,256,0,0,0,0,0,,67.95,1.98828789261,-0.204767539552,0.0691484694845,0.994143946307,-0.102383769776,0.0345742347423,0.994143946307,-0.102383769776,0.0345742347423,1.97948507395,-0.235178492818,0.0799627022644,1.979556882082516,-0.23457329783751962,0.0799627022643757
67.91666666666667,55.15956701079395,12.099803695323365,2.4963317586458045,1.9362427869521828,-0.34416709525404526,0.11881255549684873,1.988497272229018,-0.2029441655673241,0.06850010218924388,DEPTH_PROPOSAL_CERTIFIED,0.9006521185402507,0,32,0,0,252,FULL_MOTION_CERTIFICATE,0,0,0,256,0,0,0,0,0,,67.983333333,1.98843153726,-0.203518387824,0.0687043481748,0.994215768629,-0.101759193912,0.0343521740874,0.994215768629,-0.101759193912,0.0343521740874,1.98078437221,-0.23060572295,0.078336621878,1.9802247908012895,-0.23225345345061454,0.07912615252646027
67.93333333333334,55.19189404281408,12.094211646566889,2.4982608619272937,1.9396219212075676,-0.33552292538862555,0.1157461968893582,1.9885592733758046,-0.20240105713575368,0.06830686891828806,DEPTH_PROPOSAL_CERTIFIED,0.8942590756002118,0,32,0,0,252,FULL_MOTION_CERTIFICATE,0,0,0,256,0,0,0,0,0,,68,1.98849727223,-0.202944165567,0.0685001021892,0.994248636115,-0.101472082784,0.0342500510946,0.994248636115,-0.101472082784,0.0342500510946,1.98136868283,-0.228510150379,0.0775914309776,1.9808473591232638,-0.2300640530304985,0.07833662187797137
67.95,55.22427385993316,12.08875536201993,2.500141789999298,1.9427890271450583,-0.32737707281759576,0.11285568432028258,1.9886177643195355,-0.20188734945605316,0.0681240454052797,DEPTH_PROPOSAL_CERTIFIED,0.8935359237817215,0,32,0,0,252,FULL_MOTION_CERTIFICATE,0,0,0,256,0,0,0,0,0,,68.016666666,1.98855927338,-0.202401057136,0.0683068689183,0.994279636688,-0.101200528568,0.0341534344591,0.994279636688,-0.101200528568,0.0341534344591,1.98191342451,-0.226532188849,0.0768880550921,1.9814277195824475,-0.22799767145102648,0.0775914309775579
67.96666666666667,55.25670314644457,12.083427019091753,2.501977304398035,1.9457571906847735,-0.31970057569066906,0.11013086392420919,1.988672954282914,-0.20140142515995768,0.0679510621492047,DEPTH_PROPOSAL_CERTIFIED,0.894634517787547,0,32,0,0,252,FULL_MOTION_CERTIFICATE,0,0,0,256,0,0,0,0,0,,68.033333333,1.98861776432,-0.201887349456,0.0681240454053,0.99430888216,-0.100943674728,0.0340620227026,0.99430888216,-0.100943674728,0.0340620227026,1.98242132905,-0.224665155524,0.076224114951,1.9819687858693014,-0.22604731074215767,0.07688805509211188
67.98333333333333,55.28917879163981,12.078219249649354,2.5037700072450377,1.9485387117144104,-0.3124661665439596,0.10756217082018157,1.9887250391086546,-0.20094175715633575,0.06778738122396831,DEPTH_PROPOSAL_CERTIFIED,0.8956383525178009,0,32,0,0,252,FULL_MOTION_CERTIFICATE,0,0,0,256,0,0,0,0,0,,68.05,1.98867295428,-0.20140142516,0.0679510621492,0.994336477141,-0.10070071258,0.0339755310746,0.994336477141,-0.10070071258,0.0339755310746,1.98289493704,-0.222902751674,0.0755973685141,1.9824732682759822,-0.22420637495409876,0.07622411495104277
68.0,55.32169787746139,12.073125113438016,2.505522350493169,1.9511451492947793,-0.3056481726803019,0.10514059488790478,1.9887742021982155,-0.2005069035167702,0.06763249450499714,DEPTH_PROPOSAL_CERTIFIED,0.8965537771115146,0,32,0,0,252,FULL_MOTION_CERTIFICATE,0,0,0,256,0,0,0,0,0,,68.05,1.98867295428,-0.20140142516,0.0679510621492,0.994336477141,-0.10070071258,0.0339755310746,0.994336477141,-0.10070071258,0.0339755310746,1.98289493704,-0.222902751674,0.0755973685141,1.982943687775281,-0.22246864754367343,0.07559736851412617
68.01666666666667,55.354257666868975,12.068138073064679,2.507236644635172,1.9535873644554536,-0.2992224224002309,0.10285764852018432,1.9888206153771428,-0.20009550265588916,0.06748592199687893,DEPTH_PROPOSAL_CERTIFIED,0.8973867834910307,0,32,0,0,253,FULL_MOTION_CERTIFICATE,0,0,0,256,0,0,0,0,0,,68.083333333,1.9887742022,-0.200506903517,0.067632494505,0.994387101099,-0.100253451758,0.0338162472525,0.994387101099,-0.100253451758,0.0338162472525,1.98374855012,-0.2196684236,0.0744471264343,1.9833823894156808,-0.2208282689833592,0.07500570283399297
68.03333333333333,55.386855592880465,12.063251970452225,2.5089150669058546,1.9558755606896334,-0.29316615674725294,0.10070533624094784,1.9888644396934163,-0.19970626878918574,0.06734721025621483,DEPTH_PROPOSAL_CERTIFIED,0.8981430267749424,0,32,0,0,253,FULL_MOTION_CERTIFICATE,0,0,0,256,0,0,0,0,0,,68.099999999,1.98882061538,-0.200095502656,0.0674859219969,0.994410307689,-0.100047751328,0.0337429609984,0.994410307689,-0.100047751328,0.0337429609984,1.98413279747,-0.218185626618,0.0739197624828,1.9837915547466305,-0.2192797157809172,0.07444712643426114
68.05,55.41948924825108,12.058461004676953,2.5105596690076504,1.9580193222371673,-0.28745794651630646,0.09867612610775696,1.9889058261545491,-0.19933798765206254,0.06721593090418945,DEPTH_PROPOSAL_CERTIFIED,0.8988278444898783,0,32,0,0,253,FULL_MOTION_CERTIFICATE,0,0,0,256,0,0,0,0,0,,68.116666666,1.98886443969,-0.199706268789,0.0673472102562,0.994432219847,-0.0998531343946,0.0336736051281,0.994432219847,-0.0998531343946,0.0336736051281,1.98449125523,-0.216785675239,0.0734218418496,1.9841732131170837,-0.2178177816987549,0.07391976248282675
68.06666666666666,55.45215637575595,12.053759711108627,2.512172384386898,1.9600276502920986,-0.28207761409953386,0.09676292275486943,1.9889449164087174,-0.19898951246455016,0.06709167922358843,DEPTH_PROPOSAL_CERTIFIED,0.8994462746543765,0,32,0,0,253,FULL_MOTION_CERTIFICATE,0,0,0,256,0,0,0,0,0,,68.133333333,1.98890582615,-0.199337987652,0.0672159309042,0.994452913077,-0.099668993826,0.0336079654521,0.994452913077,-0.099668993826,0.0336079654521,1.98482569242,-0.215463880699,0.0729516970716,1.9845292525622613,-0.2164375586149041,0.07342184184964015
68.08333333333333,55.48485485904272,12.049142941775397,2.513755035087253,1.9619089972064823,-0.2770061599938515,0.09495904202129174,1.988981843374622,-0.19865976012751407,0.06697407283546304,DEPTH_PROPOSAL_CERTIFIED,0.9000030728053696,0,32,0,0,254,FULL_MOTION_CERTIFICATE,0,0,0,256,0,0,0,0,0,,68.15,1.98894491641,-0.198989512465,0.0670916792236,0.994490921687,-0.0993298800638,0.0334870364177,0.994472458204,-0.0994947562323,0.0335458396118,1.98514055235,-0.214190841236,0.0724988467417,1.9848614295619653,-0.21513441990452278,0.07295169707164251
68.1,55.51758271755012,12.044605878424338,2.515309326955184,1.9636715104442082,-0.2722238010634897,0.0932575120758654,1.989016731824411,-0.1983477076366068,0.06686275045077374,DEPTH_PROPOSAL_CERTIFIED,0.9005026952212953,0,32,0,0,254,FULL_MOTION_CERTIFICATE,0,0,0,256,0,0,0,0,0,,68.166666666,1.98898184337,-0.198659760128,0.0669740728355,0.994490921687,-0.0993298800638,0.0334870364177,0.994490921687,-0.0993298800638,0.0334870364177,1.98543155923,-0.213014244229,0.0720803032807,1.9851741719444642,-0.21387902211307275,0.07249884674166282
68.11666666666666,55.5503380908182,12.040143947250792,2.516836879923121,1.9653223960849366,-0.2677158704128226,0.09165317807622889,1.9890496980985244,-0.19805239609798658,0.06675737333069624,DEPTH_PROPOSAL_CERTIFIED,0.9009493843652157,0,32,0,0,254,FULL_MOTION_CERTIFICATE,0,0,0,256,0,0,0,0,0,,68.183333333,1.98901673182,-0.198347707637,0.0668627504508,0.994508365912,-0.0991738538183,0.0334313752254,0.994508365912,-0.0991738538183,0.0334313752254,1.98570316322,-0.21190314295,0.071685034119,1.9854632009018247,-0.21271911647468042,0.07208030328066216
68.13333333333334,55.58311923499187,12.035752839398699,2.518339220588083,1.966868650418629,-0.26346647112537785,0.09014043989764801,1.9890808523755565,-0.19777291170666372,0.06665761852930507,DEPTH_PROPOSAL_CERTIFIED,0.9013471450613191,0,32,0,0,254,FULL_MOTION_CERTIFICATE,0,0,0,256,0,0,0,0,0,,68.2,1.9890496981,-0.198052396098,0.0667573733307,0.994524849049,-0.099026198049,0.0333786866653,0.994524849049,-0.099026198049,0.0333786866653,1.9859566886,-0.210853843925,0.071311726476,1.985732953289659,-0.211623799818597,0.07168503411897735
68.15,55.615924515647855,12.031428495489449,2.5198177876249863,1.9683168393593715,-0.25946063455503343,0.08871402221419258,1.989110298178361,-0.1975083912903871,0.06656318089361056,DEPTH_PROPOSAL_CERTIFIED,0.9010352565154824,0,32,0,0,254,FULL_MOTION_CERTIFICATE,0,0,0,256,0,0,0,0,0,,68.216666666,1.98908085238,-0.197772911707,0.0666576185293,0.994540426188,-0.0988864558533,0.0333288092647,0.994540426188,-0.0988864558533,0.0333288092647,1.98619336766,-0.209862864251,0.0709591425548,1.9859847444364311,-0.2105894283968287,0.07131172647603536
68.16666666666667,55.64875240105012,12.02716709106032,2.521273936884542,1.9696731241358214,-0.2556842657477011,0.08736895557332809,1.9891381328062316,-0.19725801946397578,0.0664737720705551,DEPTH_PROPOSAL_CERTIFIED,0.8999048381632746,0,32,0,0,254,FULL_MOTION_CERTIFICATE,0,0,0,256,0,0,0,0,0,,68.233333333,1.98911029818,-0.19750839129,0.0665631808936,0.994555149089,-0.0987541956452,0.0332815904468,0.994555149089,-0.0987541956452,0.0332815904468,1.98641434725,-0.208926919311,0.0706261151495,1.9862197984085108,-0.20961256629824385,0.07095914255478035
68.18333333333334,55.68160145580884,12.022965022859013,2.5227089461940673,1.9709432855232512,-0.25212409207843894,0.08610055857152651,1.9891644477362505,-0.19702102594605148,0.06638911957016766,DEPTH_PROPOSAL_CERTIFIED,0.8986420896058356,0,32,0,0,254,FULL_MOTION_CERTIFICATE,0,0,0,256,0,0,0,0,0,,68.25,1.98913813281,-0.197258019464,0.0664737720706,0.994569066403,-0.098629009732,0.0332368860353,0.994569066403,-0.098629009732,0.0332368860353,1.98662069465,-0.20804291173,0.0703115436979,1.986439254449894,-0.20868997331343814,0.07062611514954634
68.2,55.714470334920236,12.01881889594312,2.524124019878752,1.972132746683886,-0.24876761495362723,0.08490442108109857,1.9891893289962548,-0.19679668302878683,0.06630896588166786,DEPTH_PROPOSAL_CERTIFIED,0.897253869454075,0,32,0,0,254,FULL_MOTION_CERTIFICATE,0,0,0,256,0,0,0,0,0,,68.266666666,1.98916444774,-0.197021025946,0.0663891195702,0.994582223868,-0.098510512973,0.0331945597851,0.994582223868,-0.098510512973,0.0331945597851,1.98681340321,-0.207207920416,0.0700143903668,1.9866441728436313,-0.20781859403092176,0.07031154369787677
68.21666666666667,55.747357778165224,12.01472551153725,2.5255202930196057,1.973246594699588,-0.24560306435219528,0.08377638845122409,1.9892128575116634,-0.1965843031916633,0.06623306763944042,DEPTH_PROPOSAL_CERTIFIED,0.8957466294934939,0,32,0,0,254,FULL_MOTION_CERTIFICATE,0,0,0,256,0,0,0,0,0,,68.283333333,1.989189329,-0.196796683029,0.0663089658817,0.994594664498,-0.0983983415144,0.0331544829408,0.994594664498,-0.0983983415144,0.0331544829408,1.98699339759,-0.206419190295,0.069733676385,1.9868355404911533,-0.20699554701472306,0.07001439036675465
68.23333333333333,55.78026260484631,12.010681855603213,2.526898835463406,1.974289600865149,-0.2426193560421887,0.08271254662802516,1.9892351094281966,-0.19638323685095216,0.0661611948360428,DEPTH_PROPOSAL_CERTIFIED,0.894126444490503,0,32,0,0,254,FULL_MOTION_CERTIFICATE,0,0,0,256,0,0,0,0,0,,68.3,1.98921285751,-0.196584303192,0.0662330676394,0.994606428756,-0.0982921515958,0.0331165338197,0.994606428756,-0.0982921515958,0.0331165338197,1.98716153849,-0.205674123075,0.0694684787475,1.9870142760849918,-0.20621811466010623,0.06973367638499743
68.25,55.813183708842985,12.006685088080744,2.5282606555992766,1.9752662398007743,-0.23980605134819527,0.08170920815222439,1.9892561564123437,-0.19619287023710594,0.06609313007957007,DEPTH_PROPOSAL_CERTIFIED,0.8923990397168531,0,32,0,0,254,FULL_MOTION_CERTIFICATE,0,0,0,256,0,0,0,0,0,,68.316666666,1.98923510943,-0.196383236851,0.066161194836,0.994617554714,-0.0981916184255,0.033080597418,0.994617554714,-0.0981916184255,0.033080597418,1.9873186272,-0.204970268086,0.069217926946,1.9871812348154059,-0.2054837340814733,0.06946847874745431
68.26666666666667,55.846120053967255,12.00273253275939,2.529606703915442,1.9761807074561564,-0.23715331928120242,0.08076289896993516,1.9892760659312887,-0.19601262339256773,0.06602866789280575,DEPTH_PROPOSAL_CERTIFIED,0.8905698163771236,0,32,0,0,254,FULL_MOTION_CERTIFICATE,0,0,0,256,0,0,0,0,0,,68.333333333,1.98925615641,-0.196192870237,0.0660931300796,0.994628078206,-0.0980964351186,0.0330465650398,0.994628078206,-0.0980964351186,0.0330465650398,1.98746540971,-0.20430531369,0.0689811999059,1.9873372128518172,-0.20478998806388785,0.0692179269460058
68.28333333333333,55.879070669601674,11.998821667744476,2.530937876348951,1.9770369380653485,-0.23465190089483803,0.07987034601054127,1.989294901513849,-0.19584194828310053,0.06596761405179205,DEPTH_PROPOSAL_CERTIFIED,0.8886803771297576,0,32,0,0,254,FULL_MOTION_CERTIFICATE,0,0,0,256,0,0,0,0,0,,68.349999999,1.98927606593,-0.196012623393,0.0660286678928,0.994638032966,-0.0980063116963,0.0330143339464,0.994638032966,-0.0980063116963,0.0330143339464,1.98760258063,-0.203677079602,0.0687575232472,1.9874829514974939,-0.20413459658119074,0.06898119990593522
68.3,55.91203464660339,11.99495011648168,2.532255017440587,1.9778386201028513,-0.2322930757677526,0.07902846549816857,1.989312722993843,-0.19568032701613272,0.065909784961584,DEPTH_PROPOSAL_CERTIFIED,0.8868378694771331,0,32,0,0,254,FULL_MOTION_CERTIFICATE,0,0,0,256,0,0,0,0,0,,68.366666666,1.98929490151,-0.195841948283,0.0659676140518,0.994647450757,-0.0979209741416,0.0329838070259,0.994647450757,-0.0979209741416,0.0329838070259,1.98773078676,-0.203083509036,0.0685461664858,1.9876191409603858,-0.2035154092173084,0.06875752324722097
68.31666666666666,55.9450111334585,11.99111563930772,2.533558923306197,1.978589211306721,-0.2300686304376153,0.07823435193662284,1.9893295867372083,-0.1955272701598639,0.06585500706703622,DEPTH_PROPOSAL_CERTIFIED,0.8849900978871532,0,32,0,0,255,FULL_MOTION_CERTIFICATE,0,0,0,256,0,0,0,0,0,,68.383333333,1.98931272299,-0.195680327016,0.0659097849616,0.994664793369,-0.0977636350799,0.0329275035335,0.994656361497,-0.0978401635081,0.0329548924808,1.98785190798,-0.202511066685,0.0683422907681,1.9877464239939306,-0.20293039740993848,0.06854616648576436
68.33333333333333,55.97799933428401,11.987316140136299,2.5348503391955846,1.9792920495306046,-0.2279699502853233,0.07748495336325349,1.9893455458540545,-0.19538231515744198,0.06580311629666538,DEPTH_PROPOSAL_CERTIFIED,0.883139129579581,0,32,0,0,255,FULL_MOTION_CERTIFICATE,0,0,0,256,0,0,0,0,0,,68.4,1.98932958674,-0.19552727016,0.065855007067,0.994664793369,-0.0977636350799,0.0329275035335,0.994664793369,-0.0977636350799,0.0329275035335,1.98796385334,-0.20198199118,0.068153860181,1.9878666758619865,-0.2023660524273591,0.06834229076814684
68.35,56.01099850197067,11.98354962746533,2.536129973401661,1.9799500611999696,-0.2259907602582221,0.07677805236459499,1.9893606499974712,-0.19524502846139505,0.06575395883707537,DEPTH_PROPOSAL_CERTIFIED,0.8821835666633333,0,32,0,0,255,FULL_MOTION_CERTIFICATE,0,0,0,256,0,0,0,0,0,,68.416666666,1.98934554585,-0.195382315157,0.0658031162967,0.994672772927,-0.0976911575787,0.0329015581483,0.994672772927,-0.0976911575787,0.0329015581483,1.98806852701,-0.201482015744,0.0679757735302,1.9879778035662252,-0.20184464192758592,0.06815386018096076
68.36666666666666,56.044007936887475,11.979814224442796,2.53739849361931,1.9805660950086936,-0.22412418135199505,0.07611121305895777,1.989374946403916,-0.19511499635194168,0.06570738785706297,DEPTH_PROPOSAL_CERTIFIED,0.8830135527845906,0,32,0,0,255,FULL_MOTION_CERTIFICATE,0,0,0,256,0,0,0,0,0,,68.433333333,1.98936065,-0.195245028461,0.0657539588371,0.994687473202,-0.097557498176,0.0328536939285,0.994680324999,-0.0976225142307,0.0328769794185,1.98816749818,-0.20099966578,0.0678039261273,1.9880817074751262,-0.20135191869602356,0.06797577353018305
68.38333333333334,56.077026985261554,11.97610817464088,2.5386565248383093,1.9811429024431175,-0.22236298811487085,0.07548187313988981,1.989388479604135,-0.19499182779865876,0.06566326454026875,DEPTH_PROPOSAL_CERTIFIED,0.8838318410904629,0,32,0,0,255,FULL_MOTION_CERTIFICATE,0,0,0,256,0,0,0,0,0,,68.45,1.9893749464,-0.195114996352,0.0657073878571,0.994687473202,-0.097557498176,0.0328536939285,0.994687473202,-0.097557498176,0.0328536939285,1.98825897153,-0.200553857482,0.0676450974673,1.9881799531430833,-0.20087643062197402,0.06780392612726731
68.4,56.110055033434826,11.972429809017806,2.5399046611385288,1.9816828903963641,-0.2207019373843944,0.07488817801317524,1.9894012912429275,-0.19487515632106808,0.06562145876016778,DEPTH_PROPOSAL_CERTIFIED,0.8846392254470232,0,32,0,0,255,FULL_MOTION_CERTIFICATE,0,0,0,256,0,0,0,0,0,,68.466666666,1.9893884796,-0.194991827799,0.0656632645403,0.994694239802,-0.0974959138993,0.0328316322701,0.994694239802,-0.0974959138993,0.0328316322701,1.98834454032,-0.200132491613,0.0674949586152,1.988270743425973,-0.20043711847258058,0.06764509746725707
68.41666666666667,56.14309150683313,11.968777554553668,2.541143462565771,1.9821884038983215,-0.21913526784826481,0.07432808563453756,1.9894134209654628,-0.19476463211413195,0.06558184626816639,DEPTH_PROPOSAL_CERTIFIED,0.8854364383432896,0,32,0,0,256,FULL_MOTION_CERTIFICATE,0,0,0,256,0,0,0,0,0,,68.483333333,1.98940129124,-0.194875156321,0.0656214587602,0.994706710483,-0.0973823160571,0.0327909231341,0.994700645621,-0.0974375781605,0.0328107293801,1.98842551613,-0.199725835582,0.0673500258587,1.9883556686222015,-0.20002189950748275,0.06749495861515745
68.43333333333334,56.1761358686576,11.96514993924066,2.542373453311478,1.982661709468633,-0.21765691878048304,0.0737994447424286,1.9894249061630638,-0.1946599245311739,0.06554430958979084,DEPTH_PROPOSAL_CERTIFIED,0.8862241421463644,0,32,0,0,256,FULL_MOTION_CERTIFICATE,0,0,0,256,0,0,0,0,0,,68.5,1.98941342097,-0.194764632114,0.0655818462682,0.994706710483,-0.0973823160571,0.0327909231341,0.994706710483,-0.0973823160571,0.0327909231341,1.98850035741,-0.199349986827,0.0672160728567,1.988436037426432,-0.19962106015354442,0.06735002585869886
68.45,56.20918761507451,11.961545564079323,2.543595131718946,1.9831047850148484,-0.21626250968022584,0.07330070444805806,1.989435781812521,-0.19456072370672295,0.06550873861340949,DEPTH_PROPOSAL_CERTIFIED,0.8870029552668737,0,32,0,0,256,FULL_MOTION_CERTIFICATE,0,0,0,256,0,0,0,0,0,,68.516666666,1.98942490616,-0.194659924531,0.0655443095898,0.994712453082,-0.0973299622656,0.0327721547949,0.994712453082,-0.0973299622656,0.0327721547949,1.98857039898,-0.198994679092,0.0670894241295,1.9885103066786767,-0.1992507186570868,0.06721607285673703
68.46666666666667,56.24224627440035,11.957963110492505,2.5448089676007584,1.983519559550273,-0.21494721520909504,0.07283015290877025,1.98944608123241,-0.19446673379903573,0.06547502817519509,DEPTH_PROPOSAL_CERTIFIED,0.8877734415499663,0,32,0,0,256,FULL_MOTION_CERTIFICATE,0,0,0,256,0,0,0,0,0,,68.533333333,1.98943578181,-0.194560723707,0.0655087386134,0.994717890906,-0.0972803618534,0.0327543693067,0.994717890906,-0.0972803618534,0.0327543693067,1.98863595828,-0.198658773374,0.0669696752243,1.9885798088824538,-0.19890062266129852,0.06708942412945858
68.48333333333333,56.2753114050645,11.95440133565054,2.5460154038895353,1.9839078398491425,-0.2137064905179254,0.07238617732661591,1.989455835859943,-0.19437767514581838,0.06544307883743136,DEPTH_PROPOSAL_CERTIFIED,0.8885361125219315,0,32,0,0,256,FULL_MOTION_CERTIFICATE,0,0,0,256,0,0,0,0,0,,68.55,1.98944608123,-0.194466733799,0.0654750281752,0.994723040616,-0.0972333668995,0.0327375140876,0.994723040616,-0.0972333668995,0.0327375140876,1.98869733123,-0.198341194612,0.066856444385,1.988644859495352,-0.19856964928565468,0.06696967522433261
68.5,56.30838259369926,11.950859068070972,2.547214858192275,1.9842713180855125,-0.2125360547740068,0.07196725816437323,1.9894650753616803,-0.19429328336509924,0.06541279657187661,DEPTH_PROPOSAL_CERTIFIED,0.889291429580136,0,32,0,0,256,FULL_MOTION_CERTIFICATE,0,0,0,256,0,0,0,0,0,,68.566666666,1.98945583586,-0.194377675146,0.0654430788374,0.99472791793,-0.0971888375729,0.0327215394187,0.99472791793,-0.0971888375729,0.0327215394187,1.9887547937,-0.198040927998,0.0667493712418,1.988705752569226,-0.19825673869819924,0.06685644438501212
68.51666666666667,56.341459453349366,11.947335203476626,2.5484077242539507,1.9846115790065324,-0.21143187566081012,0.07157196370053824,1.9894738277373478,-0.19421330850683866,0.06538409246088793,DEPTH_PROPOSAL_CERTIFIED,0.8900398061225503,0,32,0,0,256,FULL_MOTION_CERTIFICATE,0,0,0,256,0,0,0,0,0,,68.583333333,1.98946507536,-0.194293283365,0.0654127965719,0.994732537681,-0.0971466416825,0.0327063982859,0.994732537681,-0.0971466416825,0.0327063982859,1.98880860292,-0.19775701552,0.0666481155829,1.988762762242976,-0.19796089047980975,0.06674937124175105
68.53333333333333,56.37454162179382,11.943828700896734,2.5495943733356796,1.9849301066671674,-0.2103901547935735,0.0711989449037488,1.9894821194172267,-0.1941375142523757,0.06535688241530004,DEPTH_PROPOSAL_CERTIFIED,0.8907816096149785,0,32,0,0,256,FULL_MOTION_CERTIFICATE,0,0,0,256,0,0,0,0,0,,68.599999999,1.98947382774,-0.194213308507,0.0653840924609,0.994736913869,-0.0971066542534,0.0326920462304,0.994736913869,-0.0971066542534,0.0326920462304,1.98885899874,-0.197488552878,0.0665523562593,1.9888161441269143,-0.19768116021328624,0.06664811558291726
68.55,56.40762875997298,11.940338578996577,2.5507751555125546,1.9852282907497207,-0.20940731400939888,0.0708469306125043,1.989489975353539,-0.19406567715899312,0.06533108690811291,DEPTH_PROPOSAL_CERTIFIED,0.8924808373522044,0,32,0,0,256,FULL_MOTION_CERTIFICATE,0,0,0,256,0,0,0,0,0,,68.616666666,1.98948211942,-0.194137514252,0.0653568824153,0.994741059709,-0.0970687571262,0.0326784412076,0.994741059709,-0.0970687571262,0.0326784412077,1.98890620485,-0.197234686311,0.0664617900572,1.988866136556873,-0.19741665644246753,0.06655235625932117
68.56666666666666,56.44072055051459,11.936863912622265,2.5519504008957994,1.9855074324967352,-0.2084799824587776,0.07051472299467863,1.9894974191062293,-0.1939975859469727,0.06530663072307288,DEPTH_PROPOSAL_CERTIFIED,0.897380339152209,0,32,0,0,256,FULL_MOTION_CERTIFICATE,0,0,0,256,0,0,0,0,0,,68.633333333,1.98948997535,-0.194065677159,0.0653310869081,0.994744987677,-0.0970328385795,0.0326655434541,0.994744987677,-0.0970328385795,0.0326655434541,1.98895042989,-0.196994609855,0.066376130726,1.988912961810313,-0.19716653754119728,0.0664617900572052
68.58333333333333,56.47381669635253,11.933403829547755,2.5531204207837552,1.9857687502765116,-0.20760498447055864,0.07020119327735568,1.9895044729235118,-0.19393304082675672,0.06528344271731944,DEPTH_PROPOSAL_CERTIFIED,0.9022580567993017,0,32,0,0,256,FULL_MOTION_CERTIFICATE,0,0,0,256,0,0,0,0,0,,68.65,1.98949741911,-0.193997585947,0.0653066307231,0.994748709553,-0.0969987929735,0.0326533153615,0.994748709553,-0.0969987929735,0.0326533153615,1.98899186847,-0.196767562585,0.0662951079969,1.9889568271897837,-0.19693000901428645,0.06637613072601532
68.6,56.506916919432626,11.929957507412261,2.554285508745852,1.9860133848059054,-0.206779328129651,0.06990527772580596,1.98951115781753,-0.19387185286388442,0.06526145559728476,DEPTH_PROPOSAL_CERTIFIED,0.9071142806737522,0,32,0,0,256,FULL_MOTION_CERTIFICATE,0,0,0,256,0,0,0,0,0,,68.666666666,1.98950447292,-0.193933040827,0.0652834427173,0.994755578909,-0.0969359264319,0.0326307277986,0.994752236462,-0.0969665204134,0.0326417213587,1.98903120857,-0.196548190645,0.0662168010001,1.9889979260645094,-0.1967063207705771,0.06629510799689924
68.61666666666666,56.54002096013938,11.926524176689583,2.5554459395403657,1.9862424424052887,-0.2059998433606982,0.06962584767082527,1.9895174936354314,-0.19381384337957266,0.06524060570710259,DEPTH_PROPOSAL_CERTIFIED,0.9119492530848339,0,32,0,0,256,FULL_MOTION_CERTIFICATE,0,0,0,256,0,0,0,0,0,,68.683333333,1.98951115782,-0.193871852864,0.0652614555973,0.994755578909,-0.0969359264319,0.0326307277986,0.994755578909,-0.0969359264319,0.0326307277986,1.98906756836,-0.196345437779,0.0661444263469,1.9890369451177656,-0.19649012917947353,0.06621680100006073
68.63333333333334,56.573128574784484,11.923103105378653,2.5566019746008855,1.9864568787048118,-0.20526427865561175,0.06936210363113283,1.989523498955771,-0.19375884494581996,0.06522083338971191,DEPTH_PROPOSAL_CERTIFIED,0.9167631835834,0,32,0,0,256,FULL_MOTION_CERTIFICATE,0,0,0,256,0,0,0,0,0,,68.7,1.98951749364,-0.19381384338,0.0652406057071,0.994758746818,-0.0969069216898,0.0326203028536,0.994758746818,-0.0969069216898,0.0326203028536,1.98910165361,-0.19615365032,0.0660759550849,1.9890730015589904,-0.19629038925356454,0.0661444263468878
68.65,56.60623953528997,11.919693603289923,2.557753860483947,1.9866576303294565,-0.20457012532373162,0.06911315298369314,1.98952919151595,-0.19370669751225944,0.06520208159855502,DEPTH_PROPOSAL_CERTIFIED,0.9215562437507032,0,32,0,0,256,FULL_MOTION_CERTIFICATE,0,0,0,256,0,0,0,0,0,,68.716666666,1.98952349896,-0.193758844946,0.0652208333897,0.994761749478,-0.0968794224729,0.0326104166949,0.994761749478,-0.0968794224729,0.0326104166949,1.98913361159,-0.195972225678,0.0660111731409,1.9891068001501213,-0.19610145467479329,0.06607595508492858
68.66666666666667,56.639353628190506,11.91629501962772,2.558901829725793,1.986845574031921,-0.203915019732265,0.06887815451075523,1.98953458807444,-0.19365724970336645,0.06518429636651676,DEPTH_PROPOSAL_CERTIFIED,0.9263285691056193,0,32,0,0,256,FULL_MOTION_CERTIFICATE,0,0,0,256,0,0,0,0,0,,68.733333333,1.98952919152,-0.193706697512,0.0652020815986,0.994764595758,-0.0968533487561,0.0326010407993,0.994764595758,-0.0968533487561,0.0326010407993,1.98916357977,-0.195800594753,0.0659498783259,1.9891384872019877,-0.19592273151637177,0.06601117314091254
68.68333333333334,56.67247065369867,11.912906740714082,2.5600461016492235,1.987021530489882,-0.20329673481831473,0.06865631540583982,1.9895397044665726,-0.19361035834012982,0.06516742663686159,DEPTH_PROPOSAL_CERTIFIED,0.9310802609238593,0,32,0,0,256,FULL_MOTION_CERTIFICATE,0,0,0,256,0,0,0,0,0,,68.75,1.98953458807,-0.193657249703,0.0651842963665,0.994767294037,-0.0968286248517,0.0325921481833,0.994767294037,-0.0968286248517,0.0325921481833,1.98919168646,-0.195638220125,0.0658918796914,1.9891681992770034,-0.19575365886812104,0.06594987832587168
68.7,56.70559042482975,11.909528187845607,2.56118688312352,1.9871862678650838,-0.20271317210845638,0.06844688845777827,1.989544555657018,-0.1935658879885384,0.06515142410360157,DEPTH_PROPOSAL_CERTIFIED,0.9358113879723153,0,32,0,0,256,FULL_MOTION_CERTIFICATE,0,0,0,256,0,0,0,0,0,,68.766666666,1.98953970447,-0.19361035834,0.0651674266369,0.994769852233,-0.0968051791701,0.0325837133184,0.994769852233,-0.0968051791701,0.0325837133184,1.98921805146,-0.195484594238,0.0658369968865,1.9891960638425454,-0.19559370704818405,0.06589187969142725
68.71666666666667,56.73871276658208,11.906158815275484,2.5623243692801756,1.987340505140202,-0.20216235420742473,0.06824916939934497,1.9895491557891551,-0.19352371053333559,0.06513624306075358,DEPTH_PROPOSAL_CERTIFIED,0.940521988161843,0,32,0,0,256,FULL_MOTION_CERTIFICATE,0,0,0,256,0,0,0,0,0,,68.783333333,1.98954455566,-0.193565887989,0.0651514241036,0.994772277829,-0.0967829439943,0.0325757120518,0.994772277829,-0.0967829439943,0.0325757120518,1.98924278662,-0.195339237701,0.0657850595534,1.9892221998966453,-0.19544237581483823,0.0658369968864585
68.73333333333333,56.77183751516953,11.90279810831334,2.5634587441870256,1.9874849152468963,-0.20164241772871105,0.0680624944110147,1.9895535182315294,-0.19348370477561153,0.06512184025998694,DEPTH_PROPOSAL_CERTIFIED,0.9452120701215321,0,32,0,0,256,FULL_MOTION_CERTIFICATE,0,0,0,256,0,0,0,0,0,,68.8,1.98954915579,-0.193523710533,0.0651362430608,0.994774577895,-0.0967618552667,0.0325681215304,0.994774577895,-0.0967618552667,0.0325681215304,1.98926599641,-0.195201697761,0.0657359067878,1.9892467185485663,-0.1952991926884039,0.06578505955338512
68.75,56.80496451730281,11.89944558153589,2.5645901814832404,1.98762012799677,-0.20115160664697185,0.06788623777289304,1.98955765562158,-0.19344575605289052,0.06510817477619048,DEPTH_PROPOSAL_CERTIFIED,0.9496988155904198,0,32,0,0,256,FULL_MOTION_CERTIFICATE,0,0,0,256,0,0,0,0,0,,68.816666666,1.98955351823,-0.193483704776,0.06512184026,0.994776759116,-0.0967418523878,0.03256092013,0.994776759116,-0.0967418523878,0.03256092013,1.98928777836,-0.195071546783,0.0656893865982,1.9892697235452306,-0.19516371144975303,0.06573590678780876
68.76666666666667,56.838093629516614,11.896100777101886,2.565718844977467,1.9877467328285134,-0.20068826604024123,0.0677198096535957,1.9895615799068074,-0.19340975588041415,0.06509520788050435,DEPTH_PROPOSAL_CERTIFIED,0.9531340825965513,0,32,0,0,256,FULL_MOTION_CERTIFICATE,0,0,0,256,0,0,0,0,0,,68.833333333,1.98955765562,-0.193445756053,0.0651081747762,0.994778827811,-0.0967228780264,0.0325540873881,0.994778827811,-0.0967228780264,0.0325540873881,1.98930822361,-0.194948380816,0.0656453553987,1.989291311775782,-0.1950355106381274,0.0656893865981679
68.78333333333333,56.871224717539654,11.892763263165229,2.5668448892112705,1.9878652813824025,-0.20025083619942338,0.06756265402822123,1.989565302383534,-0.1933756016124311,0.06508290292040063,DEPTH_PROPOSAL_CERTIFIED,0.9565597102012144,0,32,0,0,256,FULL_MOTION_CERTIFICATE,0,0,0,256,0,0,0,0,0,,68.85,1.98956157991,-0.19340975588,0.0650952078805,0.994780789953,-0.0967048779402,0.0325476039403,0.994780789953,-0.0967048779402,0.0325476039403,1.98932741727,-0.194831818319,0.0656036775555,1.9893115737398497,-0.19491419214144512,0.06564535539865264
68.8,56.90435765570485,11.88943263238042,2.567968459989932,1.9879762899119142,-0.1998378470885194,0.0674142467196844,1.989568833733411,-0.19334319612236486,0.06507122520641703,DEPTH_PROPOSAL_CERTIFIED,0.959976135095616,0,32,0,0,256,FULL_MOTION_CERTIFICATE,0,0,0,256,0,0,0,0,0,,68.85,1.98956157991,-0.19340975588,0.0650952078805,0.994780789953,-0.0967048779402,0.0325476039403,0.994780789953,-0.0967048779402,0.0325476039403,1.98932741727,-0.194831818319,0.0656036775555,1.9893305939719579,-0.19479937993549062,0.06560367755553512
68.81666666666666,56.93749232639724,11.886108500494938,2.5690896948824995,1.9880802415434882,-0.1994479131289227,0.06727409355404464,1.9895721840578038,-0.19331244750077514,0.06506014190516307,DEPTH_PROPOSAL_CERTIFIED,0.963383768974813,0,32,0,0,256,FULL_MOTION_CERTIFICATE,0,0,0,256,0,0,0,0,0,,68.883333333,1.98956883373,-0.193343196122,0.0650712252064,0.994784416867,-0.0966715980612,0.0325356126032,0.994784416867,-0.0966715980612,0.0325356126032,1.98936236272,-0.194617081998,0.0655268764683,1.9893484514486912,-0.19469071882184288,0.06556422493323939
68.83333333333333,56.97062861953714,11.882790505023452,2.570208723692888,1.9881775883937267,-0.19907972828911735,0.06714172862330939,1.9895753629101938,-0.1932832687701185,0.06504962193825074,DEPTH_PROPOSAL_CERTIFIED,0.9667829999879012,0,32,0,0,256,FULL_MOTION_CERTIFICATE,0,0,0,256,0,0,0,0,0,,68.9,1.98957218406,-0.193312447501,0.0650601419052,0.994786092029,-0.0966562237504,0.0325300709526,0.994786092029,-0.0966562237504,0.0325300709526,1.98937825828,-0.194518246049,0.0654915177886,1.9893652199666376,-0.1945878732434918,0.06552687646833923
68.85,57.00376643209634,11.879478303999017,2.5713256689037376,1.9882687535521402,-0.1987320614661547,0.06701671265098319,1.9895783793267015,-0.1932555776153587,0.06503963588681719,DEPTH_PROPOSAL_CERTIFIED,0.9701741941030422,0,32,0,0,256,FULL_MOTION_CERTIFICATE,0,0,0,256,0,0,0,0,0,,68.916666666,1.98957536291,-0.19328326877,0.0650496219383,0.994787681455,-0.0966416343851,0.0325248109691,0.994787681455,-0.0966416343851,0.0325248109691,1.98939319045,-0.194424687168,0.0654580408316,1.9893809684847847,-0.19449052622601035,0.06549151778860356
68.86666666666666,57.036905667645314,11.87617157479674,2.572440646094613,1.9883541329385943,-0.19840375213667777,0.06689863145254375,1.9895812418548628,-0.19322929612952813,0.06503015590132119,DEPTH_PROPOSAL_CERTIFIED,0.9735576963923198,0,32,0,0,256,FULL_MOTION_CERTIFICATE,0,0,0,256,0,0,0,0,0,,68.933333333,1.98957837933,-0.193255577615,0.0650396358868,0.994789189663,-0.0966277888077,0.0325198179434,0.994789189663,-0.0966277888077,0.0325198179434,1.98940721991,-0.194336118261,0.0654263434866,1.9893957614533349,-0.19439837831705883,0.06545804083158256
68.88333333333334,57.0700462359294,11.872870013025704,2.573553764336038,1.9884340970431686,-0.19809370626201564,0.06678709448543037,1.9895839585807458,-0.19320435057339505,0.06502115561632088,DEPTH_PROPOSAL_CERTIFIED,0.9769338322410375,0,32,0,0,256,FULL_MOTION_CERTIFICATE,0,0,0,256,0,0,0,0,0,,68.95,1.98958124185,-0.19322929613,0.0650301559013,0.994790620927,-0.0966146480648,0.0325150779507,0.994790620927,-0.0966146480648,0.0325150779507,1.98942040339,-0.194252268098,0.065396329275,1.989409659118976,-0.19431114659114077,0.0654263434866482
68.9,57.10318805247198,11.869573331485102,2.574665126560782,1.9885089925551498,-0.19780089243612717,0.0666817334846431,1.9895865371545223,-0.19318067114845627,0.06501261006995494,DEPTH_PROPOSAL_CERTIFIED,0.9803029084862269,0,32,0,0,256,FULL_MOTION_CERTIFICATE,0,0,0,256,0,0,0,0,0,,68.95,1.98958124185,-0.19322929613,0.0650301559013,0.994790620927,-0.0966146480648,0.0325150779507,0.994790620927,-0.0966146480648,0.0325150779507,1.98942040339,-0.194252268098,0.065396329275,1.9894227178013186,-0.19422856376028771,0.0653963292750383
68.91666666666667,57.13633103820346,11.866281259180804,2.5757748299137386,1.988579143888748,-0.19752433825784332,0.06658220117742034,1.989588984814574,-0.19315819178248578,0.06500449562785947,DEPTH_PROPOSAL_CERTIFIED,0.9836652144883835,0,32,0,0,256,FULL_MOTION_CERTIFICATE,0,0,0,256,0,0,0,0,0,,68.983333333,1.98958653715,-0.193180671148,0.06501261007,0.994793268577,-0.0965903355742,0.032506305035,0.994793268577,-0.0965903355742,0.032506305035,1.98944444115,-0.19409771304,0.0653409905925,1.9894349901586441,-0.1941503772827804,0.06536790702930265
68.93333333333334,57.169475119113656,11.862993540398895,2.5768829660816137,1.9886448546119244,-0.19726312691457545,0.06648817007249835,1.9895913084102286,-0.19313684992694827,0.06499678991127524,DEPTH_PROPOSAL_CERTIFIED,0.9870210231405121,0,32,0,0,256,FULL_MOTION_CERTIFICATE,0,0,0,256,0,0,0,0,0,,69,1.98958898481,-0.193158191782,0.0650044956279,0.994794492407,-0.0965790958912,0.0325022478139,0.994794492407,-0.0965790958912,0.0325022478139,1.98945539143,-0.194026537186,0.0653154985492,1.9894465254346794,-0.19407634852670724,0.0653409905924501
68.95,57.20262022592672,11.859709933832757,2.577989621603626,1.9887064087838962,-0.19701639396823586,0.06639933132073092,1.9895935144232013,-0.19311658636560763,0.06498947172911249,DEPTH_PROPOSAL_CERTIFIED,0.9906839386514965,0,32,0,0,256,FULL_MOTION_CERTIFICATE,0,0,0,256,0,0,0,0,0,,69.016666666,1.98959130841,-0.193136849927,0.0649967899113,0.994795654205,-0.0965684249635,0.0324983949556,0.994795654205,-0.0965684249635,0.0324983949556,1.98946568817,-0.193959136639,0.0652913539564,1.989457369681952,-0.19400625202289268,0.06531549854916824
68.96666666666667,57.23576629379685,11.856430211760626,2.5790948781643195,1.9887640722075972,-0.1967833243278926,0.06631539364161147,1.989595608987825,-0.19309734503369747,0.06498252101374924,DEPTH_PROPOSAL_CERTIFIED,0.9979832829790793,0,32,0,0,256,FULL_MOTION_CERTIFICATE,0,0,0,256,0,0,0,0,0,,69.033333333,1.98959351442,-0.193116586366,0.0649894717291,0.994796757212,-0.0965582931828,0.0324947358646,0.994796757212,-0.0965582931828,0.0324947358646,1.98947537197,-0.193895307071,0.0652684840902,1.9894675659767507,-0.1939398747157046,0.06529135395635424
68.98333333333333,57.26891326202355,11.853154159270652,2.5801988128695186,1.9888180936023838,-0.19656314939850142,0.06623608231195885,1.9895975979101315,-0.19307907284706677,0.06497591876035554,DEPTH_PROPOSAL_CERTIFIED,1.0052620162274755,0,32,0,0,256,FULL_MOTION_CERTIFICATE,0,0,0,256,0,0,0,0,0,,69.05,1.98959560899,-0.193097345034,0.0649825210137,0.994797804494,-0.0965486725168,0.0324912605069,0.994797804494,-0.0965486725168,0.0324912605069,1.98948448084,-0.1938348554,0.0652468202203,1.9894771546187802,-0.19387701525992856,0.06526848409019671
69.0,57.30206107378525,11.849881573530684,2.5813014985064204,1.9888687057015804,-0.1963551443980913,0.0661611382141086,1.9895994866858562,-0.19306171954074278,0.06496964696954965,DEPTH_PROPOSAL_CERTIFIED,1.0125204088697932,0,32,0,0,257,FULL_MOTION_CERTIFICATE,0,0,0,256,0,0,0,0,0,,69.066666666,1.98959759791,-0.193079072847,0.0649759187604,0.994798798955,-0.0965395364235,0.0324879593802,0.994798798955,-0.0965395364235,0.0324879593802,1.98949305031,-0.193777599149,0.0652262973833,1.989486173311778,-0.19381748339308744,0.0652468202203356
69.01666666666667,57.335209675889914,11.846612263100177,2.582403003788738,1.9889161262800625,-0.1961586258304744,0.06609031693904577,1.9896012805174332,-0.1930452375163801,0.06496368859319727,DEPTH_PROPOSAL_CERTIFIED,1.0197587176967398,0,32,0,0,257,FULL_MOTION_CERTIFICATE,0,0,0,256,0,0,0,0,0,,69.083333333,1.98959948669,-0.193061719541,0.0649696469695,0.994799743343,-0.0965308597704,0.0324848234848,0.994799743343,-0.0965308597704,0.0324848234848,1.98950111368,-0.193723365844,0.0652068541697,1.9894946573375452,-0.19376109930554794,0.06522629738327923
69.03333333333333,57.36835901854185,11.843346047281766,2.583503393587761,1.9889605591162414,-0.19597294910463053,0.06602338794137026,1.9896029843300276,-0.19302958169809875,0.06495802748318016,DEPTH_PROPOSAL_CERTIFIED,1.0269771866265258,0,32,0,0,257,FULL_MOTION_CERTIFICATE,0,0,0,256,0,0,0,0,0,,69.1,1.98960128052,-0.193045237516,0.0649636885932,0.994800640259,-0.0965226187582,0.0324818442966,0.994800640259,-0.0965226187582,0.0324818442966,1.98950870207,-0.193671992485,0.0651884325348,1.9895026397176234,-0.19370769304933552,0.06520685416972903
69.05,57.40150905512339,11.840082755510192,2.584602729150159,1.9890021948922443,-0.19579750629448184,0.06596013374390092,1.9896046027866727,-0.19301470939625148,0.06495264834297086,DEPTH_PROPOSAL_CERTIFIED,1.0341760474661652,0,32,0,0,257,FULL_MOTION_CERTIFICATE,0,0,0,256,0,0,0,0,0,,69.116666666,1.98960298433,-0.193029581698,0.0649580274832,0.994801492165,-0.096514790849,0.0324790137416,0.994801492165,-0.096514790849,0.0324790137416,1.98951584467,-0.193623325003,0.0651709776073,1.9895101513594802,-0.1936571040106675,0.06518843253477487
69.06666666666666,57.434659741990664,11.836822226776388,2.585701068303294,1.9890412120365841,-0.19563172402825116,0.06590034918809948,1.9896061403025616,-0.19300058017866648,0.06494753668185428,DEPTH_PROPOSAL_CERTIFIED,1.041355520627375,0,32,0,0,257,FULL_MOTION_CERTIFICATE,0,0,0,256,0,0,0,0,0,,69.133333333,1.98960460279,-0.193014709396,0.064952648343,0.994802301393,-0.0965073546981,0.0324763241715,0.994802301393,-0.0965073546981,0.0324763241715,1.98952256877,-0.193577217759,0.0651544375112,1.9895172211975312,-0.19360918038023664,0.06517097760732195
69.08333333333333,57.46781103828255,11.83356430908472,2.586798465648756,1.9890777775129178,-0.19547506150005317,0.06584384072772884,1.989607601058533,-0.19298715574895364,0.06494267877165112,DEPTH_PROPOSAL_CERTIFIED,1.0485158157994874,0,32,0,0,258,FULL_MOTION_CERTIFICATE,0,0,0,256,0,0,0,0,0,,69.15,1.9896061403,-0.193000580179,0.0649475366819,0.994803070151,-0.0965002900893,0.0324737683409,0.994803070151,-0.0965002900893,0.0324737683409,1.98952889994,-0.193533533093,0.0651387632056,1.9895238763241883,-0.19356377865603763,0.06515443751120698
69.1,57.500962905741844,11.830308858941411,2.5878949727448215,1.989112047558021,-0.1953270085985352,0.0657904257639342,1.9896089890138107,-0.19297439983148612,0.06493806160580566,DEPTH_PROPOSAL_CERTIFIED,1.0556571325822819,0,32,0,0,258,FULL_MOTION_CERTIFICATE,0,0,0,256,0,0,0,0,0,,69.166666666,1.98960760106,-0.192987155749,0.0649426787717,0.994803800529,-0.0964935778745,0.0324713393858,0.994803800529,-0.0964935778745,0.0324713393858,1.98953486215,-0.193492140872,0.0651239083249,1.9895301421082803,-0.19352076320001577,0.0651387632056395
69.11666666666666,57.53411530854805,11.827055740872352,2.5889906382784638,1.9891441683725226,-0.1951870841435319,0.06573993201855062,1.9896103079180312,-0.1929622780626755,0.06493367286070374,DEPTH_PROPOSAL_CERTIFIED,1.0627796610809788,0,32,0,0,258,FULL_MOTION_CERTIFICATE,0,0,0,256,0,0,0,0,0,,69.183333333,1.98960898901,-0.192974399831,0.0649380616058,0.994804494507,-0.0964871999157,0.0324690308029,0.994804494507,-0.0964871999157,0.0324690308029,1.98954047782,-0.193452918065,0.0651098290277,1.9895360423094428,-0.19348000579249142,0.06512390832487094
69.13333333333334,57.567268213160865,11.823804826968605,2.590085508227523,1.9891742767673648,-0.19505483422462352,0.06569219694348542,1.989611561322601,-0.19295075788819657,0.06492950085910001,DEPTH_PROPOSAL_CERTIFIED,1.0698835824657307,0,32,0,0,258,FULL_MOTION_CERTIFICATE,0,0,0,256,0,0,0,0,0,,69.2,1.98961030792,-0.192962278063,0.0649336728607,0.994805153959,-0.0964811390313,0.0324668364304,0.994805153959,-0.0964811390313,0.0324668364304,1.98954576798,-0.193415748367,0.0650964838633,1.9895415991844403,-0.1934413852139428,0.06510982902769047
69.15,57.600421588173674,11.820555996457983,2.591179626013601,1.9892025007685636,-0.19492983063732439,0.06564706716468031,1.9896127525914287,-0.19293980846583433,0.06492553453553665,DEPTH_PROPOSAL_CERTIFIED,1.0770600100551413,0,32,0,0,258,FULL_MOTION_CERTIFICATE,0,0,0,256,0,0,0,0,0,,69.216666666,1.98961156132,-0.192950757888,0.0649295008591,0.994805780661,-0.0964753789441,0.0324647504295,0.994805780661,-0.0964753789441,0.0324647504296,1.98955075232,-0.193380521817,0.0650838336362,1.9895468335831898,-0.19340478687227466,0.0650964838632579
69.16666666666667,57.633575404176725,11.817309135301162,2.5922730326462338,1.9892289601831903,-0.19481166940933942,0.06560439795797546,1.9896138849110545,-0.19292940057363378,0.0649217634036443,DEPTH_PROPOSAL_CERTIFIED,1.0912672624422912,0,32,0,0,258,FULL_MOTION_CERTIFICATE,0,0,0,256,0,0,0,0,0,,69.233333333,1.98961275259,-0.192939808466,0.0649255345355,0.994806376296,-0.0964699042329,0.0324627672678,0.994806376296,-0.0964699042329,0.0324627672678,1.98955544931,-0.193347134441,0.0650718412798,1.9895517650416366,-0.19337010242792266,0.06508383363617619
69.18333333333334,57.666729633628876,11.814064135810966,2.5933657668588186,1.9892537671290171,-0.1946999694118106,0.06556405275508545,1.9896149613002267,-0.19291950652306025,0.06491817752521911,DEPTH_PROPOSAL_CERTIFIED,1.1054337146854185,0,32,0,0,258,FULL_MOTION_CERTIFICATE,0,0,0,256,0,0,0,0,0,,69.25,1.98961388491,-0.192929400574,0.0649217634036,0.994806942456,-0.0964647002868,0.0324608817018,0.994806942456,-0.0964647002868,0.0324608817018,1.98955987625,-0.193315487935,0.0650604717435,1.989556411868106,-0.19333722944195877,0.06507184127982729
69.2,57.6998842507377,11.810820896293432,2.5944578652367927,1.989277026529943,-0.19459437105202645,0.06552590267845211,1.9896159846189443,-0.19291010007689988,0.06491476748098146,DEPTH_PROPOSAL_CERTIFIED,1.1195595795342703,0,32,0,0,258,FULL_MOTION_CERTIFICATE,0,0,0,256,0,0,0,0,0,,69.266666666,1.9896149613,-0.192919506523,0.0649181775252,0.99480748065,-0.0964597532615,0.0324590887626,0.99480748065,-0.0964597532615,0.0324590887626,1.98956404936,-0.193285489345,0.0650496918789,1.989560791221241,-0.19330607106265987,0.06506047174352543
69.21666666666667,57.73303923134736,11.807579320709412,2.5955493623385046,1.9892988365796058,-0.1944945350412662,0.065489826102731,1.9896169575770024,-0.19290115637162716,0.06491152434292019,DEPTH_PROPOSAL_CERTIFIED,1.1336450620541965,0,32,0,0,258,FULL_MOTION_CERTIFICATE,0,0,0,256,0,0,0,0,0,,69.283333333,1.98961598462,-0.192910100077,0.064914767481,0.994807992309,-0.0964550500384,0.0324573837405,0.994807992309,-0.0964550500384,0.0324573837405,1.98956798385,-0.193257050763,0.0650394703334,1.9895649191854912,-0.1932765357099912,0.06504969187893342
69.23333333333333,57.76619455283361,11.804339318355519,2.596640290809195,1.98931928917519,-0.1944001412335523,0.06545570824142029,1.989617882742069,-0.19289265184400087,0.06490843964813668,DEPTH_PROPOSAL_CERTIFIED,1.1476903600923762,0,32,0,0,258,FULL_MOTION_CERTIFICATE,0,0,0,256,0,0,0,0,0,,69.3,1.98961695758,-0.192901156372,0.0649115243429,0.994808478789,-0.0964505781858,0.0324557621715,0.994808478789,-0.0964505781858,0.0324557621715,1.98957169398,-0.193230089066,0.0650297774552,1.989568810841317,-0.1932485367794424,0.06503947033342959
69.25,57.79935019400566,11.801100803563312,2.597730681488488,1.9893384703231691,-0.19431088753240322,0.06542344075761321,1.9896187625473136,-0.19288456416164784,0.06490550537410628,DEPTH_PROPOSAL_CERTIFIED,1.161695664715525,0,32,0,0,258,FULL_MOTION_CERTIFICATE,0,0,0,256,0,0,0,0,0,,69.316666666,1.98961788274,-0.192892651844,0.0649084396481,0.994808941371,-0.096446325922,0.0324542198241,0.994808941371,-0.096446325922,0.0324542198241,1.98957519313,-0.193204525641,0.0650205851974,1.9895724803285122,-0.1932219923783845,0.06502977745516685
69.26666666666667,57.832506135014306,11.797863695415641,2.5988205635117714,1.9893564605189613,-0.19422648886028657,0.06539292139699299,1.9896195992986196,-0.19287687215742244,0.06490271391527866,DEPTH_PROPOSAL_CERTIFIED,1.1756611606208354,0,32,0,0,258,FULL_MOTION_CERTIFICATE,0,0,0,256,0,0,0,0,0,,69.333333333,1.98961876255,-0.192884564162,0.0649055053741,0.994809381274,-0.0964422820808,0.0324527526871,0.994809381274,-0.0964422820808,0.0324527526871,1.98957849384,-0.193180286135,0.0650118670288,1.989575940907626,-0.1931968250604634,0.06502058519742618
69.28333333333333,57.865662357266004,11.794627917479186,2.5999099644058017,1.9893733351021539,-0.1941466761872539,0.06536405364182825,1.9896203951814027,-0.19286955576732337,0.06490005806094296,DEPTH_PROPOSAL_CERTIFIED,1.1895870265217288,0,32,0,0,258,FULL_MOTION_CERTIFICATE,0,0,0,256,0,0,0,0,0,,69.35,1.9896195993,-0.192876872157,0.0649027139153,0.994809799649,-0.0964384360787,0.0324513569576,0.994809799649,-0.0964384360787,0.0324513569576,1.98958160789,-0.193157300227,0.0650035978534,1.9895792050171028,-0.1931729615762553,0.06501186702881849
69.3,57.89881884334248,11.791393397552246,2.600998910178887,1.9893891645887167,-0.1940711956163604,0.065336746385128,1.9896211522670508,-0.1928625959717814,0.06489753097429017,DEPTH_PROPOSAL_CERTIFIED,1.2034734355102017,0,32,0,0,258,FULL_MOTION_CERTIFICATE,0,0,0,256,0,0,0,0,0,,69.366666666,1.98962039518,-0.192869555767,0.0649000580609,0.994810197591,-0.0964347778837,0.0324500290305,0.994810197591,-0.0964347778837,0.0324500290305,1.98958454633,-0.193135501405,0.06499575393,1.9895822843247832,-0.19315033265145984,0.06500359785338493
69.31666666666666,57.93197557692551,11.78816006742689,2.6020874254059434,1.9894040149818395,-0.19399980752142626,0.06531091362337807,1.9896218725190162,-0.19285597474012764,0.0648951261726046,DEPTH_PROPOSAL_CERTIFIED,1.2173205553968267,0,32,0,0,259,FULL_MOTION_CERTIFICATE,0,0,0,256,0,0,0,0,0,,69.383333333,1.98962115227,-0.192862595972,0.0648975309743,0.994810576134,-0.0964312979859,0.0324487654871,0.994810576134,-0.0964312979859,0.0324487654871,1.9895873195,-0.193114826751,0.0649883127969,1.989585189777937,-0.19312887276322946,0.06499575393002884
69.33333333333333,57.96513254272655,11.784927862664654,2.6031755333087236,1.9894179480627472,-0.19393228573421117,0.0652864741668244,1.9896225577985758,-0.19284967497806463,0.064892837508524,DEPTH_PROPOSAL_CERTIFIED,1.2311285490303185,0,32,0,0,259,FULL_MOTION_CERTIFICATE,0,0,0,256,0,0,0,0,0,,69.4,1.98962187252,-0.19285597474,0.0648951261726,0.99481093626,-0.0964279873701,0.0324475630863,0.99481093626,-0.0964279873701,0.0324475630863,1.98958993716,-0.19309521675,0.064981253204,1.9895879316498213,-0.19310851993018718,0.06498831279686951
69.35,57.99828972642093,11.781696722385004,2.6042632558315004,1.9894310216626612,-0.19386841677902555,0.06526335136660899,1.9896232098702722,-0.19284368047798126,0.06489065915231038,DEPTH_PROPOSAL_CERTIFIED,1.244897574597251,0,32,0,0,259,FULL_MOTION_CERTIFICATE,0,0,0,256,0,0,0,0,0,,69.416666666,1.9896225578,-0.192849674978,0.0648928375085,0.994811278899,-0.096424837489,0.0324464187543,0.994811278899,-0.096424837489,0.0324464187543,1.98959240842,-0.193076615101,0.0649745550455,1.989590519581611,-0.19308921552576094,0.06498125320398096
69.36666666666666,58.031447114586214,11.77846658906582,2.605350613712458,1.9894432899172476,-0.19380799915105174,0.06524147285743423,1.9896238304070633,-0.1928379758719518,0.06488858557507414,DEPTH_PROPOSAL_CERTIFIED,1.2640180236094474,0,32,0,0,259,FULL_MOTION_CERTIFICATE,0,0,0,256,0,0,0,0,0,,69.433333333,1.98962320987,-0.192843680478,0.0648906591523,0.994811604935,-0.096421840239,0.0324453295762,0.994811604935,-0.096421840239,0.0324453295762,1.98959474186,-0.193058968538,0.0649681992959,1.9895929626232027,-0.19307090408977093,0.06497455504550215
69.38333333333334,58.06460469464465,11.775237408355219,2.60643762655104,1.9894548035046675,-0.19375084263593734,0.06522077031489304,1.9896244209951905,-0.1928325465872713,0.06488661153290105,DEPTH_PROPOSAL_CERTIFIED,1.2833831126049078,0,32,0,0,259,FULL_MOTION_CERTIFICATE,0,0,0,256,0,0,0,0,0,,69.45,1.98962383041,-0.192837975872,0.0648885855751,0.994812210498,-0.0964162732936,0.0324433057665,0.994811915204,-0.096418987936,0.0324442927875,1.98959699028,-0.19304181536,0.0649620184046,1.9895952692711905,-0.1930535331515421,0.06496819929589082
69.4,58.09776245486561,11.772009129413398,2.607524312682664,1.9894656132576098,-0.19369673650921437,0.065201167897449,1.98962498313878,-0.19282737880438913,0.06488473205183291,DEPTH_PROPOSAL_CERTIFIED,1.3026995820864178,0,32,0,0,259,FULL_MOTION_CERTIFICATE,0,0,0,256,0,0,0,0,0,,69.466666666,1.989624421,-0.192832546587,0.0648866115329,0.994812210498,-0.0964162732936,0.0324433057665,0.994812210498,-0.0964162732936,0.0324433057665,1.98959906836,-0.193025961666,0.0649563057631,1.989597492243505,-0.19303664176319413,0.06496201840463162
69.41666666666667,58.13092038419375,11.768781703627631,2.6086106896449266,1.9894757596884358,-0.19364554714595889,0.06518261773575304,1.9896255182451574,-0.1928224595921751,0.06488294247730547,DEPTH_PROPOSAL_CERTIFIED,1.3219675828993742,0,32,0,0,260,FULL_MOTION_CERTIFICATE,0,0,0,256,0,0,0,0,0,,69.483333333,1.98962498314,-0.192827378804,0.0648847320518,0.994812491569,-0.0964136894022,0.0324423660259,0.994812491569,-0.0964136894022,0.0324423660259,1.9896010316,-0.193010917509,0.0649508835121,1.9895995461445128,-0.19302103691424172,0.06495630576306236
69.43333333333334,58.16407847226776,11.765555085061576,2.6096967740134724,1.9894852844406001,-0.19359711396334608,0.06516506211274926,1.989626027669634,-0.19281777649634993,0.06488123832477345,DEPTH_PROPOSAL_CERTIFIED,1.3411872622945369,0,32,0,0,260,FULL_MOTION_CERTIFICATE,0,0,0,256,0,0,0,0,0,,69.5,1.98962551825,-0.192822459592,0.0648829424773,0.994812759123,-0.0964112297961,0.0324414712387,0.994812759123,-0.0964112297961,0.0324414712387,1.98960288665,-0.192996640394,0.0649457364639,1.989601486417004,-0.19300622913547003,0.0649508835121032
69.45,58.19723670937612,11.762329230305356,2.6107825814556938,1.9894942265019038,-0.19355128537321073,0.06514844653329172,1.9896265126975001,-0.19281331770522595,0.06487961534016552,DEPTH_PROPOSAL_CERTIFIED,1.3603587641471655,0,32,0,0,260,FULL_MOTION_CERTIFICATE,0,0,0,256,0,0,0,0,0,,69.516666666,1.98962602767,-0.192817776496,0.0648812383248,0.994813013835,-0.0964088882482,0.0324406191624,0.994813013835,-0.0964088882482,0.0324406191624,1.98960463976,-0.192983090099,0.0649408502414,1.9896033196498075,-0.19299217657355924,0.06494573646390953
69.46666666666667,58.23039508641571,11.759104098334182,2.6118681267813852,1.9895026223755388,-0.1935079182704665,0.065132719541485,1.9896269745477346,-0.19280907201574204,0.06487806948774642,DEPTH_PROPOSAL_CERTIFIED,1.379482229162799,0,32,0,0,260,FULL_MOTION_CERTIFICATE,0,0,0,256,0,0,0,0,0,,69.533333333,1.9896265127,-0.192813317705,0.0648796153402,0.994813256349,-0.0964066588526,0.0324398076701,0.994813256349,-0.0964066588526,0.0324398076701,1.9896062968,-0.192970228554,0.0649362112337,1.9896050520338857,-0.19297883961698692,0.06494085024144315
69.48333333333333,58.26355359485304,11.755879650375002,2.6129534239905263,1.989510506240084,-0.1934668775508735,0.06511783254846931,1.9896274143765154,-0.1928050288013369,0.06487659693863268,DEPTH_PROPOSAL_CERTIFIED,1.3985577950702348,0,32,0,0,260,FULL_MOTION_CERTIFICATE,0,0,0,256,0,0,0,0,0,,69.55,1.98962697455,-0.192809072016,0.0648780694877,0.994813487274,-0.0964045360079,0.0324390347439,0.994813487274,-0.0964045360079,0.0324390347439,1.9896078633,-0.192958019725,0.0649318065559,1.9896066893875353,-0.19296618077183864,0.06493621123367782
69.5,58.29671222668803,11.75265584978072,2.6140384863183637,1.989517910099095,-0.19342803565699387,0.06510373967024191,1.9896278332805395,-0.1928011779815499,0.06487519405992578,DEPTH_PROPOSAL_CERTIFIED,1.41758559680291,0,32,0,0,260,FULL_MOTION_CERTIFICATE,0,0,0,256,0,0,0,0,0,,69.566666666,1.98962741438,-0.192805028801,0.0648765969386,0.994813707188,-0.0964025144007,0.0324382984693,0.994813707188,-0.0964025144007,0.0324382984693,1.98960934444,-0.192946429504,0.0649276240093,1.98960823717903,-0.1929541645516625,0.06493180655586765
69.51666666666667,58.32987097442005,11.749432661911552,2.615123326277942,1.9895248639210406,-0.19339127215008836,0.06509039757471409,1.9896282323001622,-0.19279750999326106,0.06487385740442761,DEPTH_PROPOSAL_CERTIFIED,1.4365657666688332,0,32,0,0,260,FULL_MOTION_CERTIFICATE,0,0,0,256,0,0,0,0,0,,69.583333333,1.98962783328,-0.192801177982,0.0648751940599,0.99481391664,-0.0964005889908,0.03243759703,0.99481391664,-0.0964005889908,0.03243759703,1.98961074511,-0.192935425601,0.0649236520433,1.9896097005487772,-0.1929427573658412,0.06492762400927474
69.53333333333333,58.36302983101621,11.746210054023111,2.6162079557002333,1.989531395770201,-0.19335647330650113,0.06507776533748844,1.9896286124223688,-0.19279401576347716,0.06487258370090752,DEPTH_PROPOSAL_CERTIFIED,1.455498434510439,0,32,0,0,260,FULL_MOTION_CERTIFICATE,0,0,0,256,0,0,0,0,0,,69.6,1.9896282323,-0.192797509993,0.0648738574044,0.99481411615,-0.0963987549966,0.0324369287022,0.99481411615,-0.0963987549966,0.0324369287022,1.9896120699,-0.192924977448,0.0649198797221,1.9896110843299588,-0.1929319274147368,0.06492365204333553
69.55,58.3961887898817,11.742987995160819,2.6172923857720005,1.989537531929054,-0.19332353173758265,0.06506580430602193,1.9896289745835831,-0.1927906866835812,0.06487136984489099,DEPTH_PROPOSAL_CERTIFIED,1.4743837278543275,0,32,0,0,260,FULL_MOTION_CERTIFICATE,0,0,0,256,0,0,0,0,0,,69.616666666,1.98962861242,-0.192794015763,0.0648725837009,0.994814306211,-0.0963970078817,0.0324362918505,0.994814306211,-0.0963970078817,0.0324362918505,1.98961332312,-0.192915056109,0.0649162966904,1.9896123930670615,-0.19292164459677735,0.06491987972213069
69.56666666666666,58.42934784483191,11.739766456060298,2.6183766270715254,1.9895432970127649,-0.19329234603126494,0.06505447797150234,1.989629319672327,-0.19278751458496318,0.0648702128899403,DEPTH_PROPOSAL_CERTIFIED,1.4946248050729591,0,32,0,0,260,FULL_MOTION_CERTIFICATE,0,0,0,256,0,0,0,0,0,,69.633333333,1.98962897458,-0.192790686684,0.0648713698449,0.994814487292,-0.0963953433418,0.0324356849224,0.994814487292,-0.0963953433418,0.0324356849224,1.98961450883,-0.192905634183,0.0649128931414,1.9896136310340389,-0.1929118804141887,0.06491629669036315
69.58333333333333,58.462506990066515,11.736545409053397,2.6194606896023256,1.9895487140762858,-0.1932628204140818,0.06504375184800941,1.9896296485317353,-0.19278449171595563,0.06486911003940166,DEPTH_PROPOSAL_CERTIFIED,1.5150347003399502,0,32,0,0,260,FULL_MOTION_CERTIFICATE,0,0,0,256,0,0,0,0,0,,69.65,1.98962931967,-0.192787514585,0.0648702128899,0.994814659836,-0.0963937572925,0.032435106445,0.994814659836,-0.0963937572925,0.032435106445,1.98961563087,-0.192896685728,0.0649096597889,1.9896148022512394,-0.19290260788444746,0.06491289314139567
69.6,58.49566622014509,11.733324827979516,2.6205445828249703,1.9895538047144905,-0.1932348644328548,0.06503359335868658,1.989629961961937,-0.19278161072000818,0.06486805863859206,DEPTH_PROPOSAL_CERTIFIED,1.535433281786033,0,32,0,0,260,FULL_MOTION_CERTIFICATE,0,0,0,256,0,0,0,0,0,,69.666666666,1.98962964853,-0.192784491716,0.0648691100394,0.994814824266,-0.096392245858,0.0324345550197,0.994814824266,-0.096392245858,0.0324345550197,1.98961669281,-0.192888186182,0.0649065878383,1.989615910500587,-0.19289380146188556,0.06490965978894801
69.61666666666666,58.52882552996435,11.730104688101942,2.6216283156871096,1.989558589155854,-0.19320839265446146,0.06502397172835787,1.989630260722307,-0.19277886461502614,0.06486705616740342,DEPTH_PROPOSAL_CERTIFIED,1.5558205576569928,0,32,0,0,260,FULL_MOTION_CERTIFICATE,0,0,0,256,0,0,0,0,0,,69.683333333,1.98962996196,-0.19278161072,0.0648680586386,0.994814980981,-0.09639080536,0.0324340293193,0.994814980981,-0.09639080536,0.0324340293193,1.98961769805,-0.192880112283,0.0649036689595,1.9896169593404895,-0.19288543695806273,0.06490658783834768
69.63333333333334,58.561984914736875,11.726884966028894,2.6227118966518144,1.9895630863500877,-0.19318332438268218,0.06501485788223378,1.9896305455335985,-0.19277624677381472,0.06486610023329965,DEPTH_PROPOSAL_CERTIFIED,1.5761965351111527,0,32,0,0,260,FULL_MOTION_CERTIFICATE,0,0,0,256,0,0,0,0,0,,69.7,1.98963026072,-0.192778864615,0.0648670561674,0.994815130361,-0.0963894323075,0.0324335280837,0.994815130361,-0.0963894323075,0.0324335280837,1.98961864977,-0.192872442005,0.0649008952631,1.9896179521197377,-0.19287749146697514,0.06490366895951993
69.65,58.59514436997104,11.723665639639036,2.6237953337243223,1.9895673140500776,-0.19315958339148565,0.06500622435048062,1.9896308170799593,-0.19277375090556476,0.06486518856468727,DEPTH_PROPOSAL_CERTIFIED,1.5965612202799955,0,32,0,0,260,FULL_MOTION_CERTIFICATE,0,0,0,256,0,0,0,0,0,,69.716666666,1.98963054553,-0.192776246774,0.0648661002333,0.994815272767,-0.0963881233869,0.0324330501166,0.994815272767,-0.0963881233869,0.0324330501166,1.98961955096,-0.192865154488,0.0648982592761,1.989618891989955,-0.1928699432988878,0.06490089526309199
69.66666666666667,58.62830389145251,11.720446688011146,2.624878634477292,1.9895712888885453,-0.1931370976734235,0.06499804517817845,1.9896310760108435,-0.19277137103833045,0.0648643190046372,DEPTH_PROPOSAL_CERTIFIED,1.6169146183254308,0,32,0,0,260,FULL_MOTION_CERTIFICATE,0,0,0,256,0,0,0,0,0,,69.733333333,1.98963081708,-0.192773750906,0.0648651885647,0.99481540854,-0.0963868754528,0.0324325942823,0.99481540854,-0.0963868754528,0.0324325942823,1.98962040446,-0.192858229974,0.0648957539191,1.9896197819178512,-0.19286277191306525,0.06489825927609194
69.68333333333334,58.66146347522667,11.717228091357775,2.6259618060746313,1.9895750264497651,-0.19311579920229832,0.06499029584037078,1.9896313229428175,-0.19276910150243484,0.0648634895049402,DEPTH_PROPOSAL_CERTIFIED,1.6372567334935892,0,32,0,0,260,FULL_MOTION_CERTIFICATE,0,0,0,256,0,0,0,0,0,,69.75,1.98963107601,-0.192771371038,0.0648643190046,0.994815538005,-0.0963856855192,0.0324321595023,0.994815538005,-0.0963856855192,0.0324321595023,1.98962121291,-0.192851649751,0.0648933724862,1.9896206246966481,-0.1928559578545713,0.06489575391911724
69.7,58.694623117582275,11.714009830962615,2.627044855293998,1.9895785413366243,-0.19309562370958008,0.06498295316202106,1.989631558461273,-0.19276693691475966,0.06486269812047761,DEPTH_PROPOSAL_CERTIFIED,1.6575875691658535,0,32,0,0,260,FULL_MOTION_CERTIFICATE,0,0,0,256,0,0,0,0,0,,69.766666666,1.98963132294,-0.192769101502,0.0648634895049,0.994815661471,-0.0963845507512,0.0324317447525,0.994815661471,-0.0963845507512,0.0324317447525,1.98962197882,-0.192845396096,0.064891108624,1.9896214229563058,-0.1928494826984177,0.06489337248615447
69.71666666666667,58.727782815036164,11.71079188912139,2.6281277885480394,1.989581847233365,-0.19307651047345348,0.06497599524247642,1.9896317831220445,-0.19276487216387111,0.06486194300388991,DEPTH_PROPOSAL_CERTIFIED,1.6779071279068556,0,32,0,0,260,FULL_MOTION_CERTIFICATE,0,0,0,256,0,0,0,0,0,,69.783333333,1.98963155846,-0.192766936915,0.0648626981205,0.994815779231,-0.0963834684574,0.0324313490602,0.994815779231,-0.0963834684574,0.0324313490602,1.98962270455,-0.192839452219,0.0648889563131,1.9896221791736028,-0.1928433289927089,0.06489110862403183
69.73333333333333,58.7609425643189,11.707574249086061,2.6292106119044427,1.9895849569642874,-0.19305840211980016,0.06496940138419136,1.9896319974529473,-0.19276290239593544,0.06486122240052691,DEPTH_PROPOSAL_CERTIFIED,1.6982154115098274,0,32,0,0,260,FULL_MOTION_CERTIFICATE,0,0,0,256,0,0,0,0,0,,69.8,1.98963178312,-0.192764872164,0.0648619430039,0.994815891561,-0.0963824360819,0.0324309715019,0.994815891561,-0.0963824360819,0.0324309715019,1.98962339232,-0.192833802215,0.0648869098503,1.9896228956815407,-0.19283748020522973,0.06488895631311346
69.75,58.79410236236138,11.70435689501215,2.630293331104869,1.989587882548641,-0.19304124443468537,0.06496315202555963,1.9896322019552255,-0.19276102300137934,0.06486053464366583,DEPTH_PROPOSAL_CERTIFIED,1.718512421039427,0,32,0,0,260,FULL_MOTION_CERTIFICATE,0,0,0,256,0,0,0,0,0,,69.816666666,1.98963199745,-0.192762902396,0.0648612224005,0.994815998726,-0.096381451198,0.0324306112003,0.994815998726,-0.096381451198,0.0324306112003,1.98962404422,-0.192828431016,0.0648849638314,1.9896235746777557,-0.19283192067628496,0.06488690985025257
69.76666666666667,58.82726220628224,11.701139811909027,2.6313759515828274,1.9895906352519879,-0.19302498618740843,0.06495722867751813,1.989632397104931,-0.19275922960225622,0.0648598781499805,DEPTH_PROPOSAL_CERTIFIED,1.7319092354037666,0,32,0,0,260,FULL_MOTION_CERTIFICATE,0,0,0,256,0,0,0,0,0,,69.833333333,1.98963220196,-0.192761023001,0.0648605346437,0.994816100978,-0.0963805115007,0.0324302673218,0.994816100978,-0.0963805115007,0.0324302673218,1.98962466223,-0.192823324349,0.0648831131353,1.9896242182328194,-0.19282663557062976,0.0648849638314118
69.78333333333333,58.860422093376144,11.697922985592967,2.632458478480556,1.9895932256342612,-0.1930095789635378,0.06495161386371626,1.9896325833542239,-0.19275751804028368,0.06485925141525015,DEPTH_PROPOSAL_CERTIFIED,1.7438771132099529,0,32,0,0,260,FULL_MOTION_CERTIFICATE,0,0,0,256,0,0,0,0,0,,69.85,1.9896323971,-0.192759229602,0.06485987815,0.994816198552,-0.0963796148011,0.032429939075,0.994816198552,-0.0963796148011,0.032429939075,1.98962524821,-0.192818468686,0.0648813529091,1.9896248282979954,-0.1928216108323161,0.06488311313533343
69.8,58.89358202110272,11.694706402642842,2.6335409166649577,1.9895956635947079,-0.19299497700757742,0.06494629106412678,1.9896327611326068,-0.19275588436551203,0.0648586530102939,DEPTH_PROPOSAL_CERTIFIED,1.7559133934471576,0,32,0,0,260,FULL_MOTION_CERTIFICATE,0,0,0,256,0,0,0,0,0,,69.866666666,1.98963258335,-0.19275751804,0.0648592514153,0.994816291677,-0.0963787590201,0.0324296257076,0.994816291677,-0.0963787590201,0.0324296257076,1.9896258039,-0.192813851213,0.0648796785536,1.989625406712157,-0.19281683314486095,0.06488135290913513
69.81666666666666,58.92674198707629,11.691490050358267,2.6346232707426545,1.9895979584139454,-0.1929811370744725,0.0649412446618145,1.9896329308480916,-0.19275432482558927,0.06485808157711898,DEPTH_PROPOSAL_CERTIFIED,1.7680180423353038,0,32,0,0,260,FULL_MOTION_CERTIFICATE,0,0,0,256,0,0,0,0,0,,69.883333333,1.98963276113,-0.192755884366,0.0648586530103,0.994816380566,-0.0963779421828,0.0324293265051,0.994816380566,-0.0963779421828,0.0324293265051,1.98962633097,-0.192809459785,0.0648780857094,1.989625955208643,-0.1928122898905926,0.06487967855360477
69.83333333333333,58.95990198905618,11.688273916720108,2.6357055450741993,1.989600118793317,-0.19296801828947155,0.06493645989269088,1.9896330928883097,-0.19275283585559208,0.0648575358252714,DEPTH_PROPOSAL_CERTIFIED,1.7801910260785436,0,32,0,0,260,FULL_MOTION_CERTIFICATE,0,0,0,256,0,0,0,0,0,,69.9,1.98963293085,-0.192754324826,0.0648580815771,0.994816465424,-0.0963771624128,0.0324290407886,0.994816465424,-0.0963771624128,0.0324290407886,1.98962683096,-0.192805282894,0.0648765702448,1.9896264754216515,-0.1928079691124599,0.0648780857093827
69.85,58.99306202493771,11.685057990353174,2.636787743787502,1.989602152891698,-0.1929555820160559,0.0649319227981527,1.989633247621556,-0.19275141406839522,0.06485701452837826,DEPTH_PROPOSAL_CERTIFIED,1.7924323108595268,0,32,0,0,260,FULL_MOTION_CERTIFICATE,0,0,0,256,0,0,0,0,0,,69.916666666,1.98963309289,-0.192752835856,0.0648575358253,0.994816546444,-0.0963764179278,0.0324287679126,0.994816546444,-0.0963764179278,0.0324287679126,1.98962730534,-0.192801309634,0.0648751282434,1.9896269688919466,-0.192803859480385,0.06487657024478695
69.86666666666666,59.0262220927437,11.681842260490987,2.637869870790508,1.989604068359942,-0.19294379173126902,0.06492762018036584,1.9896333953977845,-0.1927500562455452,0.06485651652087132,DEPTH_PROPOSAL_CERTIFIED,1.8047418628342813,0,32,0,0,260,FULL_MOTION_CERTIFICATE,0,0,0,256,0,0,0,0,0,,69.933333333,1.98963324762,-0.192751414068,0.0648570145284,0.994816623811,-0.0963757070342,0.0324285072642,0.994816623811,-0.0963757070342,0.0324285072642,1.98962775552,-0.192797529667,0.0648737559922,1.9896274370725193,-0.19279995025686913,0.06487512824336618
69.88333333333334,59.05938219061661,11.678626716942517,2.6389519297831763,1.9896058723731185,-0.1929326129080425,0.0649235395600505,1.9896335365495486,-0.19274875932861205,0.0648560406948814,DEPTH_PROPOSAL_CERTIFIED,1.8171196481278993,0,32,0,0,260,FULL_MOTION_CERTIFICATE,0,0,0,256,0,0,0,0,0,,69.95,1.9896333954,-0.192750056246,0.0648565165209,0.994816697699,-0.0963750281228,0.0324282582604,0.994816697699,-0.0963750281228,0.0324282582604,1.98962818278,-0.192793933195,0.0648724499716,1.9896278813338715,-0.19279623126467918,0.06487375599220328
69.9,59.09254231681095,11.675411350060779,2.6400339242687876,1.9896075716606645,-0.19292201290428282,0.06491966913668468,1.989633671392892,-0.19274752041099869,0.06485558599729646,DEPTH_PROPOSAL_CERTIFIED,1.8295656328305907,0,32,0,0,260,FULL_MOTION_CERTIFICATE,0,0,0,256,0,0,0,0,0,,69.966666666,1.98963353655,-0.192748759329,0.0648560406949,0.994816768275,-0.0963743796643,0.0324280203474,0.994816768275,-0.0963743796643,0.0324280203474,1.98962858837,-0.192790510933,0.0648712068446,1.9896283029687267,-0.19279269285841458,0.0648724499716217
69.91666666666667,59.12570246968652,11.672196150713143,2.6411158575646363,1.9896091725346072,-0.19291196085815507,0.06491599775092415,1.9896338002281932,-0.19274633673017574,0.06485515142697193,DEPTH_PROPOSAL_CERTIFIED,1.8420797829944306,0,32,0,0,260,FULL_MOTION_CERTIFICATE,0,0,0,256,0,0,0,0,0,,69.983333333,1.98963367139,-0.192747520411,0.0648555859973,0.994816835696,-0.0963737602055,0.0324277929986,0.994816835696,-0.0963737602055,0.0324277929986,1.98962897345,-0.192787254075,0.0648700234471,1.9896287031967101,-0.19278932589539663,0.06487120684464565
69.93333333333334,59.15886264770179,11.668981110253323,2.6421977328121216,1.9896106809159795,-0.1929024275892285,0.06491251484911895,1.9896339233409666,-0.1927452056603268,0.06485473603208765,DEPTH_PROPOSAL_CERTIFIED,1.8546620646304297,0,32,0,0,260,FULL_MOTION_CERTIFICATE,0,0,0,256,0,0,0,0,0,,70,1.98963380023,-0.19274633673,0.064855151427,0.994816900114,-0.0963731683651,0.0324275757135,0.994816900114,-0.0963731683651,0.0324275757135,1.98962933911,-0.192784154276,0.0648688967789,1.9896290831687222,-0.19278612170832427,0.06487002344709553
69.95,59.19202284940778,11.665766220494902,2.643279552986286,1.9896121023595288,-0.1928933855052893,0.06490921044985856,1.9896340410026188,-0.1927441247053751,0.06485433890764206,DEPTH_PROPOSAL_CERTIFIED,1.8673124437061315,0,32,0,0,260,FULL_MOTION_CERTIFICATE,0,0,0,256,0,0,0,0,0,,70.016666666,1.98963392334,-0.19274520566,0.0648547360321,0.99481696167,-0.0963726028302,0.032427368016,0.99481696167,-0.0963726028302,0.032427368016,1.9896296864,-0.192781203623,0.0648678239951,1.98962944397083,-0.19278307208123135,0.06486889677888182
69.96666666666667,59.22518307344239,11.66255147368633,2.6443613209048253,1.989613442076848,-0.19288480851434642,0.06490607511237509,1.9896341534711715,-0.19274309149237448,0.06485395919307697,DEPTH_PROPOSAL_CERTIFIED,1.8648495082925276,0,32,0,0,260,FULL_MOTION_CERTIFICATE,0,0,0,256,0,0,0,0,0,,70.033333333,1.989634041,-0.192744124705,0.0648543389076,0.994817020501,-0.0963720623527,0.0324271694538,0.994817020501,-0.0963720623527,0.0324271694538,1.9896300163,-0.192778394614,0.0648668023975,1.9896297866281445,-0.19278016922484328,0.06486782399507669
69.98333333333333,59.25834331852502,11.659336862487304,2.6454430392366035,1.9896147049580295,-0.19287667194154934,0.0649030999067045,1.9896342609919373,-0.19274210376524883,0.06485359607002567,DEPTH_PROPOSAL_CERTIFIED,1.8575662832246786,0,32,0,0,260,FULL_MOTION_CERTIFICATE,0,0,0,256,0,0,0,0,0,,70.05,1.98963415347,-0.192743091492,0.0648539591931,0.994817076736,-0.0963715457462,0.0324269795965,0.994817076736,-0.0963715457462,0.0324269795965,1.98963032972,-0.192775720135,0.0648658294275,1.9896301121084432,-0.19277740575342514,0.06486680239752333
70.0,59.29150358345155,11.656122379946456,2.646524710509696,1.9896158955919205,-0.1928689524508599,0.06490027638555038,1.9896343637981693,-0.19274115937885392,0.06485324876017837,DEPTH_PROPOSAL_CERTIFIED,1.8502608637765423,0,32,0,0,261,FULL_MOTION_CERTIFICATE,0,0,0,256,0,0,0,0,0,,70.066666666,1.98963426099,-0.192742103765,0.06485359607,0.994817130496,-0.0963710518826,0.032426798035,0.994817130496,-0.0963710518826,0.032426798035,1.98963062754,-0.192773173441,0.064864902658,1.98963042132539,-0.19277477466444867,0.06486582942747006
70.01666666666667,59.32466386708963,11.652908019480272,2.647606337118991,1.9896170182850894,-0.1928616279710766,0.06489759655770594,1.9896344621116715,-0.19274025629334926,0.06485291652325759,DEPTH_PROPOSAL_CERTIFIED,1.8429332476926747,0,32,0,0,261,FULL_MOTION_CERTIFICATE,0,0,0,256,0,0,0,0,0,,70.083333333,1.9896343638,-0.192741159379,0.0648532487602,0.994817181899,-0.0963705796894,0.0324266243801,0.994817181899,-0.0963705796894,0.0324266243801,1.98963091059,-0.192770748133,0.0648640197869,1.9896307151417503,-0.19277226931772048,0.06486490265800376
70.03333333333333,59.35782416837429,11.649693774853173,2.6486879213333734,1.9896180770795824,-0.19285467762597758,0.06489505286295084,1.9896345561433804,-0.19273939256886474,0.06485259865509925,DEPTH_PROPOSAL_CERTIFIED,1.8355834322854445,0,32,0,0,261,FULL_MOTION_CERTIFICATE,0,0,0,256,0,0,0,0,0,,70.1,1.98963446211,-0.192740256293,0.0648529165233,0.994817231056,-0.0963701281467,0.0324264582616,0.994817231056,-0.0963701281467,0.0324264582616,1.98963117965,-0.192768438145,0.0648631786306,1.9896309943723958,-0.19276988341576967,0.06486401978693873
70.05,59.390984486303786,11.646479640158699,2.649769465302513,1.9896190757695362,-0.1928480816684527,0.06489263814837748,1.9896346460939116,-0.1927385663604415,0.06485229448583307,DEPTH_PROPOSAL_CERTIFIED,1.8282114144594899,0,32,0,0,261,FULL_MOTION_CERTIFICATE,0,0,0,256,0,0,0,0,0,,70.116666666,1.98963455614,-0.192739392569,0.0648525986551,0.994817278072,-0.0963696962844,0.0324262993275,0.994817278072,-0.0963696962844,0.0324262993275,1.98963143544,-0.192766237723,0.0648623771173,1.9896312597869734,-0.19276761098664907,0.06486317863058241
70.06666666666666,59.42414481993573,11.643265609801727,2.65085097106328,1.989620017916736,-0.19284182141828562,0.06489034564602467,1.9896347321540855,-0.1927377759132354,0.06485200337815578,DEPTH_PROPOSAL_CERTIFIED,1.8208171907348185,0,32,0,0,261,FULL_MOTION_CERTIFICATE,0,0,0,256,0,0,0,0,0,,70.133333333,1.98963464609,-0.19273856636,0.0648522944858,0.994817323047,-0.0963692831802,0.0324261472429,0.994817323047,-0.0963692831802,0.0324261472429,1.98963167867,-0.192764141407,0.0648616132816,1.9896315121125736,-0.1927654463662474,0.0648623771173203
70.08333333333333,59.45730516838348,11.64005167848167,2.651932440545809,1.9896209068651824,-0.19283587920339057,0.06488816895174904,1.989634814505419,-0.19273701955797118,0.06485172472569496,DEPTH_PROPOSAL_CERTIFIED,1.81340075726856,0,32,0,0,262,FULL_MOTION_CERTIFICATE,0,0,0,256,0,0,0,0,0,,70.15,1.98963473215,-0.192737775913,0.0648520033782,0.994817366077,-0.0963688879566,0.0324260016891,0.994817366077,-0.0963688879566,0.0324260016891,1.98963191,-0.192762144021,0.0648608852586,1.9896317520362272,-0.1927633841816709,0.0648616132815863
70.1,59.49046553081272,11.636837841176597,2.6530138755792305,1.989621745754723,-0.19283023830439813,0.06488610200529718,1.9896348933205954,-0.19273629570663156,0.06485145795145693,DEPTH_PROPOSAL_CERTIFIED,1.8059621098755052,0,32,0,0,262,FULL_MOTION_CERTIFICATE,0,0,0,256,0,0,0,0,0,,70.166666666,1.98963481451,-0.192737019558,0.0648517247257,0.994817407253,-0.096368509779,0.0324258623628,0.994817407253,-0.096368509779,0.0324258623628,1.98963213004,-0.192760240653,0.0648601912788,1.989631980207117,-0.19276141933669055,0.06486088525858458
70.11666666666666,59.52362590643828,11.633624093128224,2.6540952778970883,1.9896225375338197,-0.19282488290230307,0.06488413907147528,1.9896349687639077,-0.19273560284836505,0.0648512025063534,DEPTH_PROPOSAL_CERTIFIED,1.798501244047448,0,32,0,0,262,FULL_MOTION_CERTIFICATE,0,0,0,256,0,0,0,0,0,,70.183333333,1.98963489332,-0.192736295707,0.0648514579515,0.99481744666,-0.0963681478533,0.0324257289757,0.99481744666,-0.0963681478533,0.0324257289757,1.98963233938,-0.192758426642,0.0648595296631,1.9896321972387994,-0.19275954699674325,0.06486019127884797
70.13333333333334,59.55678629452117,11.630410429827739,2.655176649142462,1.989623284971506,-0.19281979802901095,0.0648822747223577,1.9896350409916832,-0.19273493954561124,0.0648509578678054,DEPTH_PROPOSAL_CERTIFIED,1.7910181549713475,0,32,0,0,262,FULL_MOTION_CERTIFICATE,0,0,0,256,0,0,0,0,0,,70.2,1.98963496876,-0.192735602848,0.0648512025064,0.994817484382,-0.0963678014242,0.0324256012532,0.994817484382,-0.0963678014242,0.0324256012532,1.98963253857,-0.192756697567,0.0648588988179,1.989632403711279,-0.19275776257484709,0.06485952966312329
70.15,59.58994669436564,11.627196847002395,2.6562579908728035,1.9896239906685773,-0.19281496952069788,0.0648805038205049,1.9896351101526795,-0.19273430443042122,0.06485072353841796,DEPTH_PROPOSAL_CERTIFIED,1.783512837546568,0,32,0,0,262,FULL_MOTION_CERTIFICATE,0,0,0,256,0,0,0,0,0,,70.216666666,1.98963504099,-0.192734939546,0.0648509578678,0.994817520496,-0.0963674697728,0.0324254789339,0.994817520496,-0.0963674697728,0.0324254789339,1.98963272815,-0.192755049232,0.0648582972308,1.9896326001728477,-0.19275606171927848,0.06485889881790084
70.16666666666667,59.62310710531678,11.623983340602832,2.657339304564522,1.9896246570680738,-0.19281038397374,0.06487882150310276,1.989635176388466,-0.1927336962009683,0.0648504990447238,DEPTH_PROPOSAL_CERTIFIED,1.7735917989987526,0,32,0,0,262,FULL_MOTION_CERTIFICATE,0,0,0,256,0,0,0,0,0,,70.233333333,1.98963511015,-0.19273430443,0.0648507235384,0.994817588194,-0.0963668481005,0.0324252495224,0.994817555076,-0.0963671522152,0.0324253617692,1.98963291362,-0.192753431578,0.0648577064591,1.98963278714193,-0.19275444030085404,0.06485829723079647
70.18333333333334,59.656267526764196,11.620769906849294,2.658420591595831,1.9896252868452398,-0.19280602521231954,0.06487722187855804,1.989635239833784,-0.19273311361823936,0.06485028393598936,DEPTH_PROPOSAL_CERTIFIED,1.7626127349599128,0,32,0,0,262,FULL_MOTION_CERTIFICATE,0,0,0,256,0,0,0,0,0,,70.25,1.98963517639,-0.192733696201,0.0648504990447,0.994817619917,-0.0963665568091,0.032425141968,0.994817588194,-0.0963668481005,0.0324252495224,1.98963308985,-0.192751892339,0.0648571441467,1.989632970126666,-0.19275284832298986,0.0648577064591125
70.2,59.689427958132235,11.617556542150814,2.6595018532764687,1.989625882082628,-0.1928018819087813,0.06487570083826906,1.989635300613985,-0.19273255552954655,0.06485007779292092,DEPTH_PROPOSAL_CERTIFIED,1.751617960986406,0,32,0,0,262,FULL_MOTION_CERTIFICATE,0,0,0,256,0,0,0,0,0,,70.266666666,1.98963523983,-0.192733113618,0.064850283936,0.994817650307,-0.0963662777648,0.0324250388965,0.994817619917,-0.0963665568091,0.032425141968,1.98963325733,-0.192750427429,0.0648566088169,1.9896331439787642,-0.1927513336056148,0.06485714414674343
70.21666666666667,59.72258839887794,11.61434324309601,2.660583090851019,1.9896264447423966,-0.19279794328813812,0.06487425447301609,1.9896353588487343,-0.19273202083450017,0.06484988021513975,DEPTH_PROPOSAL_CERTIFIED,1.7406074525778852,0,32,0,0,262,FULL_MOTION_CERTIFICATE,0,0,0,256,0,0,0,0,0,,70.283333333,1.98963530061,-0.19273255553,0.0648500777929,0.994817650307,-0.0963662777648,0.0324250388965,0.994817650307,-0.0963662777648,0.0324250388965,1.98963341213,-0.192749073497,0.0648561140424,1.9896333091915734,-0.19274989211629123,0.06485660881692981
70.23333333333333,59.755748848483584,11.611130006393147,2.661664305520985,1.989626976339055,-0.19279420217186324,0.06487288019796743,1.9896354146522632,-0.19273150848270942,0.06484969082035591,DEPTH_PROPOSAL_CERTIFIED,1.7295811850861291,0,32,0,0,262,FULL_MOTION_CERTIFICATE,0,0,0,256,0,0,0,0,0,,70.3,1.98963535885,-0.192732020835,0.0648498802151,0.994817679424,-0.0963660104173,0.0324249401076,0.994817679424,-0.0963660104173,0.0324249401076,1.98963355961,-0.192747781629,0.0648556417827,1.9896334618182896,-0.19274856055330955,0.06485611404237379
70.25,59.78890930646157,11.60791682892279,2.6627454984252754,1.9896274786792414,-0.19279064822141692,0.0648715742574188,1.9896354681362194,-0.19273101744759288,0.06484950923471268,DEPTH_PROPOSAL_CERTIFIED,1.718539133667738,0,32,0,0,262,FULL_MOTION_CERTIFICATE,0,0,0,256,0,0,0,0,0,,70.316666666,1.98963541465,-0.192731508483,0.0648496908204,0.994817707326,-0.0963657542414,0.0324248454102,0.994817707326,-0.0963657542414,0.0324248454102,1.98963370014,-0.192746548815,0.0648551909523,1.9896336072295138,-0.1927472900259717,0.0648556417827254
70.26666666666667,59.82206977235258,11.604703707728502,2.6638266706435743,1.989627953460391,-0.19278727165728665,0.06487033309793713,1.9896355194068585,-0.19273054675215995,0.06484933510232509,DEPTH_PROPOSAL_CERTIFIED,1.7074812732950027,0,32,0,0,262,FULL_MOTION_CERTIFICATE,0,0,0,256,0,0,0,0,0,,70.333333333,1.98963546814,-0.192731017448,0.0648495092347,0.994817734068,-0.0963655087238,0.0324247546174,0.994817734068,-0.0963655087238,0.0324247546174,1.98963383408,-0.192745372196,0.0648547605191,1.9896337457904139,-0.19274607757489728,0.06485519095226089
70.28333333333333,59.85523024572387,11.60149064000804,2.6649078231995262,1.9896284022775474,-0.19278406322780753,0.06486915335711649,1.989635568565318,-0.1927300954665068,0.06484916808437625,DEPTH_PROPOSAL_CERTIFIED,1.696407578766299,0,32,0,0,262,FULL_MOTION_CERTIFICATE,0,0,0,256,0,0,0,0,0,,70.35,1.98963551941,-0.192730546752,0.0648493351023,0.994817759703,-0.0963652733761,0.0324246675512,0.994817759703,-0.0963652733761,0.0324246675512,1.98963396175,-0.192744249056,0.0648543495027,1.989633877846856,-0.19274492038816216,0.06485476051910469
70.3,59.88839072616769,11.598277623105043,2.6659889570637425,1.9896288266297344,-0.19278101417981194,0.06486803185299204,1.9896356157078732,-0.1927296627054392,0.06484900785825899,DEPTH_PROPOSAL_CERTIFIED,1.6854324010945563,0,32,0,0,262,FULL_MOTION_CERTIFICATE,0,0,0,256,0,0,0,0,0,,70.366666666,1.98963556857,-0.192730095467,0.0648491680844,0.994817784283,-0.0963650477333,0.0324245840422,0.994817784283,-0.0963650477333,0.0324245840422,1.98963408348,-0.192743176815,0.064853956971,1.989634003726414,-0.19274381579426572,0.06485434950267377
70.31666666666666,59.921551213299786,11.595064654501194,2.6670700731566432,1.989629227925921,-0.19277811623094576,0.06486696557405328,1.9896356609261836,-0.1927292476262256,0.06484885411676454,DEPTH_PROPOSAL_CERTIFIED,1.674575636440665,0,32,0,0,262,FULL_MOTION_CERTIFICATE,0,0,0,256,0,0,0,0,0,,70.383333333,1.98963561571,-0.192729662705,0.0648490078583,0.994817807854,-0.0963648313527,0.0324245039291,0.994817807854,-0.0963648313527,0.0324245039291,1.98963419956,-0.192742153018,0.0648535820382,1.9896341237393966,-0.19274276125477835,0.06485395697100026
70.33333333333333,59.95471170675796,11.5918517318088,2.6681511723511404,1.98962960749061,-0.19277536154355654,0.06486595166982267,1.9896357043075243,-0.19272884942646448,0.06484870656731141,DEPTH_PROPOSAL_CERTIFIED,1.6637489148151139,0,32,0,0,263,FULL_MOTION_CERTIFICATE,0,0,0,256,0,0,0,0,0,,70.4,1.98963566093,-0.192729247626,0.0648488541168,0.994817830463,-0.0963646238131,0.0324244270584,0.994817830463,-0.0963646238131,0.0324244270584,1.98963431027,-0.192741175337,0.0648532238623,1.9896342381798162,-0.19274175435740803,0.06485358203820932
70.35,59.98787220620078,11.588638852763799,2.6692322554751735,1.9896299665690662,-0.19277274270010503,0.06486498744198271,1.9896357459350045,-0.19272846734206284,0.064848564931216,DEPTH_PROPOSAL_CERTIFIED,1.652952183894533,0,32,0,0,263,FULL_MOTION_CERTIFICATE,0,0,0,256,0,0,0,0,0,,70.416666666,1.98963570431,-0.192728849426,0.0648487065673,0.994817852154,-0.0963644247132,0.0324243532837,0.994817852154,-0.0963644247132,0.0324243532837,1.98963441588,-0.192740241556,0.064852881643,1.9896343473262321,-0.1927407928099966,0.06485322386233512
70.36666666666666,60.02103271130631,11.585426015219133,2.6703133233141068,1.989630306332214,-0.1927702526799627,0.06486407033600136,1.989635785887777,-0.19272810064532092,0.06484842894300014,DEPTH_PROPOSAL_CERTIFIED,1.6453630876477354,0,32,0,0,263,FULL_MOTION_CERTIFICATE,0,0,0,256,0,0,0,0,0,,70.433333333,1.98963574594,-0.192728467342,0.0648485649312,0.994817872968,-0.096364233671,0.0324242824656,0.994817872968,-0.096364233671,0.0324242824656,1.98963451664,-0.19273934957,0.0648525546194,1.9896344514426187,-0.19273987443422627,0.06485288164302883
70.38333333333334,60.05419322177102,11.582213217138504,2.671394376612995,1.9896306278812264,-0.19276788483751786,0.06486319793322853,1.9896358242412353,-0.19272774864311532,0.06484829834973474,DEPTH_PROPOSAL_CERTIFIED,1.6396287301566659,0,32,0,0,263,FULL_MOTION_CERTIFICATE,0,0,0,256,0,0,0,0,0,,70.45,1.98963578589,-0.192728100645,0.064848428943,0.994817892944,-0.0963640503227,0.0324242144715,0.994817892944,-0.0963640503227,0.0324242144715,1.9896346128,-0.192738497379,0.0648522420682,1.9896345507791762,-0.19273899715969067,0.06485255461940011
70.4,60.087353737308554,11.579000456590478,2.672475416078719,1.9896309322518182,-0.1927656328815521,0.06486236794344996,1.989635861067201,-0.19272741067517715,0.06484817291041692,DEPTH_PROPOSAL_CERTIFIED,1.6339150901567048,0,32,0,0,263,FULL_MOTION_CERTIFICATE,0,0,0,256,0,0,0,0,0,,70.466666666,1.98963582424,-0.192727748643,0.0648482983497,0.994817912121,-0.0963638743216,0.0324241491749,0.994817912121,-0.0963638743216,0.0324241491749,1.98963470457,-0.192737683081,0.0648519433016,1.9896346455730398,-0.1927381590187699,0.06485224206815143
70.41666666666667,60.12051425764886,11.575787731742881,2.6735564423820164,1.989631220418272,-0.19276349085577152,0.06486157819785653,1.9896358964341,-0.19272708611246034,0.06484805239538016,DEPTH_PROPOSAL_CERTIFIED,1.6282221266642916,0,32,0,0,263,FULL_MOTION_CERTIFICATE,0,0,0,256,0,0,0,0,0,,70.483333333,1.98963586107,-0.192727410675,0.0648481729104,0.994817930534,-0.0963637053376,0.0324240864552,0.994817930534,-0.0963637053376,0.0324240864552,1.98963479219,-0.192736904868,0.0648516576659,1.9896347360490096,-0.19273735814124845,0.06485194330161666
70.43333333333334,60.153674782537145,11.572575040857542,2.67463745615939,1.9896314932972086,-0.19276145312042828,0.06486082664240633,1.9896359304071338,-0.1927267743555896,0.06484793658573358,DEPTH_PROPOSAL_CERTIFIED,1.6225497986250033,0,32,0,0,264,FULL_MOTION_CERTIFICATE,0,0,0,256,0,0,0,0,0,,70.5,1.98963589643,-0.192727086112,0.0648480523954,0.994817948217,-0.0963635430562,0.0324240261977,0.994817948217,-0.0963635430562,0.0324240261977,1.98963487584,-0.192736161023,0.0648513845394,1.9896348224202354,-0.19273659274924068,0.064851657665914
70.45,60.18683531173299,11.569362382285291,2.675718458014916,1.9896317517511177,-0.19275951433500374,0.06486011133156895,1.989635963048436,-0.1927264748333949,0.06484782527283064,DEPTH_PROPOSAL_CERTIFIED,1.6168980649170495,0,32,0,0,264,FULL_MOTION_CERTIFICATE,0,0,0,256,0,0,0,0,0,,70.516666666,1.98963593041,-0.192726774356,0.0648479365857,0.994817965204,-0.0963633871778,0.0324239682929,0.994817965204,-0.0963633871778,0.0324239682929,1.98963495573,-0.192735449912,0.0648511233308,1.9896349048888093,-0.19273586115282446,0.06485138453935294
70.46666666666667,60.21999584500952,11.56614975446126,2.6767994485219564,1.989631996591668,-0.192757669441854,0.06485943042241644,1.989635994417225,-0.1927261870015127,0.06484771825776527,DEPTH_PROPOSAL_CERTIFIED,1.611266884354523,0,32,0,0,264,FULL_MOTION_CERTIFICATE,0,0,0,256,0,0,0,0,0,,70.533333333,1.98963596305,-0.192726474833,0.0648478252728,0.994817981524,-0.0963632374167,0.0324239126364,0.994817981524,-0.0963632374167,0.0324239126364,1.98963503204,-0.192734769982,0.0648508734779,1.9896349836463822,-0.19273516174542699,0.06485112333075585
70.48333333333333,60.25315638215257,11.562937155900414,2.677880428224774,1.9896322285828096,-0.1927559136507668,0.0648587821690423,1.9896360245699483,-0.19272591034106998,0.06484761535089291,DEPTH_PROPOSAL_CERTIFIED,1.605656215690718,0,32,0,0,264,FULL_MOTION_CERTIFICATE,0,0,0,256,0,0,0,0,0,,70.55,1.98963599442,-0.192726187002,0.0648477182578,0.994817997209,-0.0963630935008,0.0324238591289,0.994817997209,-0.0963630935008,0.0324238591289,1.98963510495,-0.192734119756,0.064850634446,1.9896350588747385,-0.19273449299950315,0.06485087347787774
70.5,60.28631692295996,11.55972458519334,2.6789613976400624,1.98963244844368,-0.1927542424244049,0.06485816491730018,1.9896360535604192,-0.19272564435742293,0.06484751637137649,DEPTH_PROPOSAL_CERTIFIED,1.6000660176209176,0,32,0,0,264,FULL_MOTION_CERTIFICATE,0,0,0,256,0,0,0,0,0,,70.566666666,1.98963602457,-0.192725910341,0.0648476153509,0.994818012285,-0.0963629551705,0.0324238076754,0.994818012285,-0.0963629551705,0.0324238076754,1.98963517462,-0.192733497831,0.0648504057267,1.989635130746298,-0.19273385346278943,0.06485063444604626
70.51666666666667,60.31947746729357,11.556512041430148,2.6800423569820158,1.9896326600165337,-0.19275262579153005,0.06485756051721414,1.9896360814399454,-0.1927253885789706,0.06484742114675537,DEPTH_PROPOSAL_CERTIFIED,1.5944962482745697,0,32,0,0,264,FULL_MOTION_CERTIFICATE,0,0,0,256,0,0,0,0,0,,70.583333333,1.98963605356,-0.192725644357,0.0648475163714,0.99481802678,-0.0963628221787,0.0324237581857,0.99481802678,-0.0963628221787,0.0324237581857,1.98963524121,-0.19273290287,0.0648501868362,1.989635241205349,-0.19273290287045686,0.06485018683616446
70.53333333333333,60.352638014916344,11.553299522880337,2.681123307013766,1.9896328573669848,-0.1927511129886036,0.06485700190501341,1.9896361082301626,-0.19272514278744912,0.06484732966198144,DEPTH_PROPOSAL_CERTIFIED,1.5889468667864803,0,32,0,0,264,FULL_MOTION_CERTIFICATE,0,0,0,256,0,0,0,0,0,,70.6,1.98963608144,-0.192725388579,0.0648474211468,0.99481804072,-0.0963626942895,0.0324237105734,0.99481804072,-0.0963626942895,0.0324237105734,1.98963530486,-0.192732333606,0.0648499773142,1.989635265042488,-0.19273265679290075,0.06485018683616446
70.55,60.38579856565835,11.550087028340801,2.6822042481760833,1.9896330445205,-0.1927496723722014,0.06485646973904538,1.9896361340066242,-0.1927249063089355,0.06484724160198704,DEPTH_PROPOSAL_CERTIFIED,1.5834178316921261,0,32,0,0,264,FULL_MOTION_CERTIFICATE,0,0,0,256,0,0,0,0,0,,70.616666666,1.98963610823,-0.192725142787,0.064847329662,0.994818054115,-0.0963625713937,0.032423664831,0.994818054115,-0.0963625713937,0.032423664831,1.98963536572,-0.192731788847,0.0648497767345,1.9896353277933843,-0.19273209685209472,0.06484997731423535
70.56666666666666,60.41895911935903,11.546874556669149,2.6832851808876375,1.9896332220410025,-0.19274830029918255,0.06485596269324855,1.989636158813716,-0.19272467873539584,0.06484715681770048,DEPTH_PROPOSAL_CERTIFIED,1.5811469370084206,0,32,0,0,264,FULL_MOTION_CERTIFICATE,0,0,0,256,0,0,0,0,0,,70.633333333,1.98963613401,-0.192724906309,0.064847241602,0.994818079407,-0.0963623393677,0.0324235784089,0.994818067003,-0.0963624531545,0.032423620801,1.9896354258,-0.192731250202,0.064849578256,1.989635387791134,-0.1927315610083526,0.06484977673452716
70.58333333333333,60.45211967586906,11.543662106802307,2.6843661055380332,1.98963339060214,-0.1927469920105345,0.06485547902375818,1.989636182693784,-0.19272445967756585,0.06484707516685796,DEPTH_PROPOSAL_CERTIFIED,1.5813107902636192,0,32,0,0,264,FULL_MOTION_CERTIFICATE,0,0,0,256,0,0,0,0,0,,70.65,1.98963615881,-0.192724678735,0.0648471568177,0.994818079407,-0.0963623393677,0.0324235784089,0.994818079407,-0.0963623393677,0.0324235784089,1.98963548133,-0.192730752364,0.0648493948137,1.989635447048018,-0.19273103088902804,0.06484957825597572
70.6,60.48528023504473,11.54044967770667,2.6854470225063456,1.989633550540464,-0.19274574573826095,0.06485501809875215,1.9896362056859025,-0.1927242487762482,0.06484699651822316,DEPTH_PROPOSAL_CERTIFIED,1.581481101297748,0,32,0,0,264,FULL_MOTION_CERTIFICATE,0,0,0,256,0,0,0,0,0,,70.666666666,1.98963618269,-0.192724459678,0.0648470751669,0.994818102843,-0.0963621243881,0.0324234982591,0.994818091347,-0.0963622298388,0.0324235375834,1.98963553621,-0.192730259668,0.0648492131246,1.989635501788018,-0.1927305412165238,0.06484939481367848
70.61666666666666,60.51844079675244,11.537237268420892,2.6865279321451454,1.9896337024621382,-0.19274455714673128,0.06485457832798577,1.9896362278287956,-0.19272404567550233,0.06484692074161194,DEPTH_PROPOSAL_CERTIFIED,1.5816578546227094,0,32,0,0,264,FULL_MOTION_CERTIFICATE,0,0,0,256,0,0,0,0,0,,70.683333333,1.98963620569,-0.192724248776,0.0648469965182,0.994818102843,-0.0963621243881,0.0324234982591,0.994818102843,-0.0963621243881,0.0324234982591,1.98963558693,-0.192729804297,0.0648490451999,1.9896355559065624,-0.19273005633006918,0.0648492131246361
70.63333333333334,60.55160136086349,11.53402487800974,2.687608834797673,1.9896338466619559,-0.19274342466899272,0.06485415915161598,1.9896362491581538,-0.19272385004724416,0.06484684771706821,DEPTH_PROPOSAL_CERTIFIED,1.5818410347274736,0,32,0,0,264,FULL_MOTION_CERTIFICATE,0,0,0,256,0,0,0,0,0,,70.7,1.98963622783,-0.192724045676,0.0648469207416,0.994818113914,-0.0963620228378,0.0324234603708,0.994818113914,-0.0963620228378,0.0324234603708,1.98963563548,-0.192729368038,0.0648488842561,1.989635605899731,-0.19272960844058215,0.06484904519990448
70.65,60.58476192725621,11.530812505585121,2.6886897307899784,1.9896339835633001,-0.19274234547714125,0.06485375953831865,1.989636269709395,-0.19272366156595283,0.0648467773254441,DEPTH_PROPOSAL_CERTIFIED,1.5820306260567523,0,32,0,0,264,FULL_MOTION_CERTIFICATE,0,0,0,256,0,0,0,0,0,,70.716666666,1.98963624916,-0.192723850047,0.0648468477171,0.994818124579,-0.0963619250236,0.0324234238585,0.994818124579,-0.0963619250236,0.0324234238585,1.98963568197,-0.192728950008,0.0648487299728,1.989635653759701,-0.1927291793365532,0.06484888425609121
70.66666666666667,60.61792249581563,11.527600150303591,2.689770620431822,1.989634113565125,-0.19274131689184384,0.06485337851063072,1.9896362895163135,-0.19272347992103062,0.06484670945301427,DEPTH_PROPOSAL_CERTIFIED,1.5822266130132507,0,32,0,0,264,FULL_MOTION_CERTIFICATE,0,0,0,256,0,0,0,0,0,,70.733333333,1.98963626971,-0.192723661566,0.0648467773254,0.994818134855,-0.096361830783,0.0324233886627,0.994818134855,-0.096361830783,0.0324233886627,1.9896357265,-0.192728549369,0.064848582045,1.989635699587388,-0.19272876815121542,0.06484872997283805
70.68333333333334,60.65108306643302,11.524387811364022,2.6908515040175223,1.9896342370434275,-0.19274033637421392,0.0648530151420225,1.9896363086111617,-0.19272330481607078,0.06484664399121105,DEPTH_PROPOSAL_CERTIFIED,1.5824289799598432,0,32,0,0,264,FULL_MOTION_CERTIFICATE,0,0,0,256,0,0,0,0,0,,70.75,1.98963628952,-0.192723479921,0.064846709453,0.994818144758,-0.0963617399605,0.0324233547265,0.994818144758,-0.0963617399605,0.0324233547265,1.98963576915,-0.19272816532,0.064848440182,1.9896357434787164,-0.19272837405912893,0.06484858204500221
70.7,60.68424363900556,11.521175488005387,2.6919323818267578,1.9896343543526267,-0.19273940151816063,0.06485266855413974,1.9896363270247226,-0.19272313596815996,0.06484658083637287,DEPTH_PROPOSAL_CERTIFIED,1.5826377112216732,0,32,0,0,264,FULL_MOTION_CERTIFICATE,0,0,0,256,0,0,0,0,0,,70.766666666,1.98963630861,-0.192723304816,0.0648466439912,0.994818154306,-0.096361652408,0.0324233219956,0.994818154306,-0.096361652408,0.0324233219956,1.98963581002,-0.1927277971,0.0648483041069,1.9896357855248572,-0.19272799627431034,0.06484844018196997
70.71666666666667,60.717404213436005,11.517963179504667,2.6930132541253275,1.9896344658268583,-0.19273851004316556,0.06485233791419868,1.989636344786387,-0.19272297310721928,0.06484651988950545,DEPTH_PROPOSAL_CERTIFIED,1.5828527910880115,0,32,0,0,264,FULL_MOTION_CERTIFICATE,0,0,0,256,0,0,0,0,0,,70.783333333,1.98963632702,-0.192723135968,0.0648465808364,0.994818163512,-0.0963615679841,0.0324232904182,0.994818163512,-0.0963615679841,0.0324232904182,1.98963584919,-0.192727443984,0.0648481735561,1.9896358258124847,-0.19272763404822574,0.06484830410691793
70.73333333333333,60.75056478963236,11.514750885174877,2.6940941211658695,1.989634571781188,-0.19273765978746332,0.06485202243252579,1.989636361924215,-0.1927228159753778,0.06484646105605535,DEPTH_PROPOSAL_CERTIFIED,1.5830742038141277,0,32,0,0,264,FULL_MOTION_CERTIFICATE,0,0,0,256,0,0,0,0,0,,70.8,1.98963634479,-0.192722973107,0.0648465198895,0.994818172393,-0.0963614865536,0.0324232599448,0.994818172393,-0.0963614865536,0.0324232599448,1.98963588673,-0.192727105281,0.0648480482783,1.9896358644240117,-0.1927272866678959,0.06484817355611645
70.75,60.783725367507564,11.511538604363183,2.69517498318854,1.9896346725127492,-0.192736848701617,0.06485172136023902,1.9896363784650064,-0.19272266432637847,0.06484640424569425,DEPTH_PROPOSAL_CERTIFIED,1.583301933623058,0,32,0,0,264,FULL_MOTION_CERTIFICATE,0,0,0,256,0,0,0,0,0,,70.816666666,1.98963636192,-0.192722815975,0.0648464610561,0.994818180962,-0.0963614079877,0.032423230528,0.994818180962,-0.0963614079877,0.032423230528,1.98963592273,-0.192726780334,0.0648479280342,1.9896359014377956,-0.1927269534542919,0.06484804827834038
70.76666666666667,60.81688594697926,11.508326336449143,2.6962558404216574,1.98963476830181,-0.19273607484244903,0.06485143398705673,1.9896363944343582,-0.19272251792500975,0.06484634937211453,DEPTH_PROPOSAL_CERTIFIED,1.5850236715299606,0,32,0,0,264,FULL_MOTION_CERTIFICATE,0,0,0,256,0,0,0,0,0,,70.833333333,1.98963637847,-0.192722664326,0.0648464042457,0.994818189233,-0.0963613321632,0.0324232021228,0.994818189233,-0.0963613321632,0.0324232021228,1.98963595726,-0.192726468515,0.0648478125957,1.9896359369283527,-0.19272663376059979,0.06484792803423269
70.78333333333333,60.850046527969475,11.50511408084302,2.697336693082311,1.9896348594127762,-0.19273533636730872,0.06485115963922704,1.989636409856726,-0.19272237654657293,0.06484629635283497,DEPTH_PROPOSAL_CERTIFIED,1.5881796832542565,0,32,0,0,264,FULL_MOTION_CERTIFICATE,0,0,0,256,0,0,0,0,0,,70.85,1.98963639443,-0.192722517925,0.0648463493721,0.994818197217,-0.0963612589625,0.0324231746861,0.994818197217,-0.0963612589625,0.0324231746861,1.98963599038,-0.192726169228,0.0648477017454,1.9896359709665616,-0.19272632697059697,0.06484781259570474
70.8,60.88320711040439,11.501901836984208,2.698417541376937,1.9896349460951293,-0.19273463152866918,0.06485089767757579,1.989636424755476,-0.19272223997636828,0.06484624510901506,DEPTH_PROPOSAL_CERTIFIED,1.5913342131112809,0,32,0,0,264,FULL_MOTION_CERTIFICATE,0,0,0,256,0,0,0,0,0,,70.866666666,1.98963640986,-0.192722376547,0.0648462963528,0.994818204928,-0.0963611882733,0.0324231481764,0.994818204928,-0.0963611882733,0.0324231481764,1.98963602215,-0.192725881903,0.0648475952763,1.9896360036198373,-0.1927260324972668,0.06484770174543054
70.81666666666666,60.91636769421413,11.498689604339726,2.699498385501865,1.9896350285843099,-0.1927339586690211,0.06485064749566087,1.989636439152941,-0.19272210800921347,0.06484619556528015,DEPTH_PROPOSAL_CERTIFIED,1.5944872616518446,0,32,0,0,264,FULL_MOTION_CERTIFICATE,0,0,0,256,0,0,0,0,0,,70.883333333,1.98963642476,-0.192722239976,0.064846245109,0.994818212378,-0.0963611199882,0.0324231225545,0.994818212378,-0.0963611199882,0.0324231225545,1.98963605265,-0.192725606,0.0648474929909,1.9896360349523128,-0.19272574978131463,0.06484759527629877
70.83333333333333,60.949528279332505,11.495477382402791,2.700579225643832,1.9896351071025449,-0.19273331621604678,0.0648504085180272,1.9896364530704684,-0.1927219804489823,0.06484614764955392,DEPTH_PROPOSAL_CERTIFIED,1.5976388293995436,0,32,0,0,264,FULL_MOTION_CERTIFICATE,0,0,0,256,0,0,0,0,0,,70.9,1.98963643915,-0.192722108009,0.0648461955653,0.994818219576,-0.0963610540046,0.0324230977826,0.994818219576,-0.0963610540046,0.0324230977826,1.98963608193,-0.192725341001,0.0648473947011,1.9896360650250133,-0.19272547828976005,0.06484749299089645
70.85,60.98268886569683,11.492265170691491,2.7016600619804745,1.9896351818596252,-0.1927327026780699,0.06485018019856113,1.989636466528469,-0.19272185710816278,0.06484610129289961,DEPTH_PROPOSAL_CERTIFIED,1.600788916852157,0,32,0,0,264,FULL_MOTION_CERTIFICATE,0,0,0,256,0,0,0,0,0,,70.916666666,1.98963645307,-0.192721980449,0.0648461476496,0.994818226535,-0.0963609902245,0.0324230738248,0.994818226535,-0.0963609902245,0.0324230738248,1.98963611005,-0.192725086413,0.0648473002275,1.989636093896005,-0.19272521751475194,0.06484739470107506
70.86666666666666,61.015849453247725,11.489052968747496,2.70274089468079,1.9896352530536343,-0.19273211663975365,0.06484996201893369,1.9896364795464616,-0.1927217378074466,0.06484605642936861,DEPTH_PROPOSAL_CERTIFIED,1.603937524482979,0,32,0,0,264,FULL_MOTION_CERTIFICATE,0,0,0,256,0,0,0,0,0,,70.933333333,1.98963646653,-0.192721857108,0.0648461012929,0.994818233264,-0.0963609285541,0.0324230506464,0.994818233264,-0.0963609285541,0.0324230506464,1.98963613706,-0.192724841769,0.0648472093991,1.9896361216205467,-0.19272496697229521,0.06484730022747875
70.88333333333334,61.049010041928945,11.485840776134859,2.703821723905576,1.9896353208716349,-0.19273155675803222,0.06484975348712808,1.9896364921431156,-0.19272162237532853,0.06484601299585667,DEPTH_PROPOSAL_CERTIFIED,1.607084652742076,0,32,0,0,264,FULL_MOTION_CERTIFICATE,0,0,0,256,0,0,0,0,0,,70.95,1.98963647955,-0.192721737807,0.0648460564294,0.994818239773,-0.0963608689037,0.0324230282147,0.994818239773,-0.0963608689037,0.0324230282147,1.989636163,-0.19272460662,0.0648471220529,1.9896361482512421,-0.19272472620103073,0.06484720939909973
70.9,61.08217063168711,11.482628592438887,2.7049025498078434,1.9896353854903113,-0.1927310217582743,0.06484955413605067,1.989636504336294,-0.19272151064773016,0.06484597093196641,DEPTH_PROPOSAL_CERTIFIED,1.6102303020574795,0,32,0,0,264,FULL_MOTION_CERTIFICATE,0,0,0,256,0,0,0,0,0,,70.966666666,1.98963649214,-0.192721622375,0.0648460129959,0.994818246072,-0.0963608111877,0.0324230064979,0.994818246072,-0.0963608111877,0.0324230064979,1.98963618794,-0.192724380541,0.0648470380334,1.9896361738381632,-0.1927244947612277,0.06484712205290623
70.91666666666667,61.115331222471724,11.479416417265043,2.7059833725332134,1.9896354470765742,-0.19273051043065348,0.06484936352221624,1.9896365161430898,-0.1927214024676423,0.06484593017987736,DEPTH_PROPOSAL_CERTIFIED,1.6133744728362824,0,32,0,0,264,FULL_MOTION_CERTIFICATE,0,0,0,256,0,0,0,0,0,,70.983333333,1.98963650434,-0.192721510648,0.064845970932,0.994818252168,-0.0963607553239,0.032422985466,0.994818252168,-0.0963607553239,0.032422985466,1.98864367938,-0.192628023771,0.0648146087029,1.9896361984289817,-0.1927242722336794,0.06484703803343614
70.93333333333334,61.148490561037214,11.476204371625938,2.707064151376236,1.9895603139293605,-0.19272273834626785,0.06484673058135758,1.9896365275798653,-0.19272129768478352,0.06484589068422193,DEPTH_PROPOSAL_CERTIFIED,1.6165170467311154,0,32,0,0,264,FULL_MOTION_CERTIFICATE,0,0,0,256,0,0,0,0,0,,71,1.98963651614,-0.192721402468,0.0648459301799,0.994818258072,-0.0963607012338,0.0324229650899,0.994818258072,-0.0963607012338,0.0324229650899,1.98662916625,-0.192432681386,0.0647488734444,1.9886436895333541,-0.19262791891676329,0.06481460870288201
70.95,61.181646198671075,11.472992692348521,2.7081448066622675,1.9893382580317407,-0.19270075664503694,0.06483931716188916,1.989636538662275,-0.19272119615536487,0.06484585239201797,DEPTH_PROPOSAL_CERTIFIED,1.6196577923858548,0,32,0,0,264,FULL_MOTION_CERTIFICATE,0,0,0,256,0,0,0,0,0,,71.016666666,1.98963652758,-0.192721297685,0.0648458906842,0.99481826379,-0.0963606488424,0.0324229453421,0.99481826379,-0.0963606488424,0.0324229453421,1.98366421292,-0.192145285035,0.0646521645783,1.9866291760807777,-0.19243257989002,0.06474887344437442
70.96666666666667,61.21479467211858,11.46978171454818,2.709225225644532,1.9889084068503051,-0.1926586680204712,0.0648251389358625,1.9896365494052881,-0.19272109774190194,0.06484581525260102,DEPTH_PROPOSAL_CERTIFIED,1.6227963828273908,0,32,0,0,264,FULL_MOTION_CERTIFICATE,0,0,0,256,0,0,0,0,0,,71.033333333,1.98963653866,-0.192721196155,0.064845852392,0.994818269331,-0.0963605980777,0.032422926196,0.994818269331,-0.0963605980777,0.032422926196,1.97981490879,-0.191772236052,0.0645266359873,1.9836642224367904,-0.1921451868007694,0.06465216457833732
70.98333333333333,61.24793166388824,11.46657185610016,2.710305267729134,1.9882195061796466,-0.19259150688117477,0.0648025250761216,1.9896365598232097,-0.19272100231301226,0.06484577921754951,DEPTH_PROPOSAL_CERTIFIED,1.625932410858002,0,32,0,0,264,FULL_MOTION_CERTIFICATE,0,0,0,256,0,0,0,0,0,,71.05,1.98963654941,-0.192721097742,0.0648458152526,0.994818274703,-0.096360548871,0.0324229076263,0.994818274703,-0.096360548871,0.0324229076263,1.97514232276,-0.191319449478,0.0643742779283,1.979814917997611,-0.191772140981758,0.06452663598728245
71.0,61.28105214407392,11.463363603901392,2.71138476909764,1.9872288111409797,-0.19249513192604958,0.0647700821103783,1.9896365699297034,-0.19272090974320152,0.06484574424060427,DEPTH_PROPOSAL_CERTIFIED,1.6290654026568983,0,32,0,0,265,FULL_MOTION_CERTIFICATE,0,0,0,256,0,0,0,0,0,,71.066666666,1.98963655982,-0.192721002313,0.0648457792175,0.994818279912,-0.0963605011565,0.0324228896088,0.994818279912,-0.0963605011565,0.0324228896088,1.96970291676,-0.190792394115,0.0641969305105,1.9751423316692436,-0.19131935747352222,0.06437427792831003
71.01666666666667,61.31415049561597,11.460157501736523,2.7124635467898837,1.9859010925231446,-0.1923661298921817,0.06472666153463331,1.989636579737816,-0.19272081991264117,0.06484571027758658,DEPTH_PROPOSAL_CERTIFIED,1.6321948297780966,0,32,0,0,265,FULL_MOTION_CERTIFICATE,0,0,0,256,0,0,0,0,0,,71.083333333,1.98963656993,-0.192720909743,0.0648457442406,0.994818284965,-0.0963604548716,0.0324228721203,0.994818284965,-0.0963604548716,0.0324228721203,1.96354892268,-0.190196129037,0.0639962959797,1.969702925385557,-0.19079230507899317,0.06419693051054455
71.03333333333333,61.34722062473189,11.456954139580516,2.7135414023033966,1.9842077469553276,-0.1922017293604293,0.06467133081077786,1.9896365892600034,-0.1927207327069395,0.06484567728631405,DEPTH_PROPOSAL_CERTIFIED,1.6353201197131289,0,32,0,0,265,FULL_MOTION_CERTIFICATE,0,0,0,256,0,0,0,0,0,,71.1,1.98963657974,-0.192720819913,0.0648457102776,0.994818289869,-0.0963604099563,0.0324228551388,0.994818289869,-0.0963604099563,0.0324228551388,1.95672868976,-0.189535337242,0.0637739500413,1.9635489310279601,-0.19019604287305036,0.06399629597974123
71.05,61.380246661994725,11.453755054410907,2.714617818449872,1.9815622357700784,-0.19194511017651417,0.064584968788514,1.989636598508154,-0.19272064801691155,0.06484564522651598,DEPTH_PROPOSAL_CERTIFIED,1.63843977772704,0,32,0,0,265,FULL_MOTION_CERTIFICATE,0,0,0,256,0,0,0,0,0,,71.116666666,1.98963658926,-0.192720732707,0.0648456772863,0.99481829463,-0.0963603663535,0.0324228386432,0.99481829463,-0.0963603663535,0.0324228386432,1.94928699931,-0.188814356133,0.0635313521169,1.9492869993100352,-0.18881435613274922,0.06353135211689484
71.06666666666666,61.41323194770623,11.450559922315385,2.7156929042722666,1.979117142690554,-0.1917079257313494,0.06450514934369436,1.9896366074845324,-0.19272056581273259,0.06484561411738636,DEPTH_PROPOSAL_CERTIFIED,1.6415541253510493,0,32,0,0,265,FULL_MOTION_CERTIFICATE,0,0,0,256,0,0,0,0,0,,71.133333333,1.98963659851,-0.192720648017,0.0648456452265,0.994818299254,-0.0963603240085,0.0324228226133,0.994818299254,-0.0963603240085,0.0324228226133,1.94126535173,-0.188037205322,0.0632698546999,1.9492870071203543,-0.1888142755003389,0.06353135211689484
71.08333333333333,61.446169440761935,11.447369425066396,2.7167664303792023,1.9762495833422646,-0.19142983493932805,0.06441156641613432,1.9896366162094603,-0.19272048591725607,0.06484558386185157,DEPTH_PROPOSAL_CERTIFIED,1.6446625039197902,0,32,0,0,266,FULL_MOTION_CERTIFICATE,0,0,0,256,0,0,0,0,0,,71.15,1.98963660748,-0.192720565813,0.0648456141174,0.994818308105,-0.0963602429586,0.0324227919309,0.994818303742,-0.0963602829064,0.0324228070587,1.93158567354,-0.187099454466,0.0629543193761,1.941265359293131,-0.18803712727666724,0.06326985469990175
71.1,61.47905054000136,11.444184395564855,2.717838116527754,1.972865954365764,-0.19110177009250331,0.06430116891309945,1.989636624693246,-0.1927204082357976,0.06484555442507586,DEPTH_PROPOSAL_CERTIFIED,1.6477641088630444,0,32,0,0,266,FULL_MOTION_CERTIFICATE,0,0,0,256,0,0,0,0,0,,71.166666666,1.98963661621,-0.192720485917,0.0648455838619,0.994818308105,-0.0963602429586,0.0324227919309,0.994818308105,-0.0963602429586,0.0324227919309,1.92260201828,-0.186229133745,0.0626614730315,1.931585680852454,-0.18709937896124115,0.0629543193760738
71.11666666666666,61.511868174683954,11.441005518474224,2.7189077323532227,1.9690580809558877,-0.1907326254378581,0.06417694952812864,1.9896366329451163,-0.19272033268356792,0.06484552577592578,DEPTH_PROPOSAL_CERTIFIED,1.6508582813646666,0,32,0,0,266,FULL_MOTION_CERTIFICATE,0,0,0,256,0,0,0,0,0,,71.183333333,1.98963662469,-0.192720408236,0.0648455544251,0.994818316473,-0.0963601663418,0.032422762888,0.994818312347,-0.0963602041179,0.0324227772125,1.91197527607,-0.185199660526,0.0623150758483,1.9226020253553926,-0.18622906065118602,0.06266147303148457
71.13333333333334,61.54461373512664,11.437833627539698,2.7199749973280865,1.964733626559511,-0.19031345607145186,0.06403589849178043,1.9896366409745223,-0.19272025917375635,0.0648454978824309,DEPTH_PROPOSAL_CERTIFIED,1.6539442188252997,0,32,0,0,266,FULL_MOTION_CERTIFICATE,0,0,0,256,0,0,0,0,0,,71.2,1.98963663295,-0.192720332684,0.0648455257759,0.994818316473,-0.0963601663418,0.032422762888,0.994818316473,-0.0963601663418,0.032422762888,1.90215359011,-0.184248177704,0.0619949208766,1.9119752829237593,-0.18519958980130036,0.062315075848333734
71.15,61.57728028038014,11.434669394871396,2.721039685311011,1.9599927152101373,-0.18985396009810962,0.0638812789754753,1.989636648789904,-0.19272018762882426,0.06484547071609556,DEPTH_PROPOSAL_CERTIFIED,1.6570212772789037,0,32,0,0,266,FULL_MOTION_CERTIFICATE,0,0,0,256,0,0,0,0,0,,71.216666666,1.98963664097,-0.192720259174,0.0648454978824,0.994818320487,-0.0963601295869,0.0324227489412,0.994818320487,-0.0963601295869,0.0324227489412,1.89190685395,-0.183255528786,0.0616609147212,1.9021535967477734,-0.18424810922333393,0.061994920876552506
71.16666666666667,61.609860858645206,11.431513493639494,2.722101569803715,1.954834695904159,-0.18935407391409248,0.06371306956227399,1.9896366563999304,-0.19272011796914743,0.06484544424756511,DEPTH_PROPOSAL_CERTIFIED,1.6609304234425633,0,32,0,0,266,FULL_MOTION_CERTIFICATE,0,0,0,256,0,0,0,0,0,,71.233333333,1.98963664879,-0.192720187629,0.0648454707161,0.994818324395,-0.0963600938144,0.032422735358,0.994818324395,-0.0963600938144,0.032422735358,1.88126268583,-0.182224388764,0.0613139574448,1.8919068603712177,-0.183255462469083,0.06166091472121797
71.18333333333334,61.64234854296601,11.428366594616408,2.7231604251144534,1.94926105924856,-0.1888139413851917,0.06353131864428598,1.9896366638128804,-0.1927200501186946,0.06484541844879545,DEPTH_PROPOSAL_CERTIFIED,1.6667558804729161,0,32,0,0,266,FULL_MOTION_CERTIFICATE,0,0,0,256,0,0,0,0,0,,71.25,1.9896366564,-0.192720117969,0.0648454442476,0.9948183282,-0.0963600589846,0.0324227221238,0.9948183282,-0.0963600589846,0.0324227221238,1.87024677949,-0.18115724622,0.0609548863882,1.8812626920502478,-0.18222432453260165,0.061313957444832035
71.2,61.674736461789685,11.425229363216284,2.724216027354161,1.9432751294206398,-0.18823388400748053,0.06333613438246233,1.9896366710366629,-0.19271998400483698,0.06484539329298618,DEPTH_PROPOSAL_CERTIFIED,1.6725548829287349,0,32,0,0,266,FULL_MOTION_CERTIFICATE,0,0,0,256,0,0,0,0,0,,71.25,1.9896366564,-0.192720117969,0.0648454442476,0.9948183282,-0.0963600589846,0.0324227221238,0.9948183282,-0.0963600589846,0.0324227221238,1.87024677949,-0.18115724622,0.0609548863882,1.8702467855200093,-0.18115718399940392,0.06095488638821368
71.21666666666667,61.70700168124643,11.422104020757102,2.7252676290800277,1.9359131674050105,-0.18752054755086384,0.06309610355200487,1.9896366780788344,-0.19271991955817921,0.06484536875451846,DEPTH_PROPOSAL_CERTIFIED,1.6783234279408803,0,32,0,0,266,FULL_MOTION_CERTIFICATE,0,0,0,256,0,0,0,0,0,,71.283333333,1.98963667104,-0.192719984005,0.064845393293,0.994818335518,-0.0963599920024,0.0324226966465,0.994818335518,-0.0963599920024,0.0324226966465,1.84609723081,-0.17881784278,0.0601677274204,1.846097230814327,-0.17881784278013946,0.060167727420423804
71.23333333333333,61.73915349674997,11.418989666635163,2.7263155333612836,1.9291089302124982,-0.18686124731633783,0.06287425687536996,1.9896366849392018,-0.1927198567729615,0.06484534485646085,DEPTH_PROPOSAL_CERTIFIED,1.6840632856336506,0,32,0,0,266,FULL_MOTION_CERTIFICATE,0,0,0,256,0,0,0,0,0,,71.3,1.98963667808,-0.192719919558,0.0648453687545,0.994818339039,-0.0963599597791,0.0324226843773,0.994818339039,-0.0963599597791,0.0324226843773,1.83418625424,-0.177664015661,0.0597794896568,1.8460972364638413,-0.17881778445512017,0.060167727420423804
71.25,61.77118546039682,11.41588692525083,2.727359530108173,1.9219178188111157,-0.18616448306007682,0.06263980481335843,1.989636691631867,-0.19271979552756344,0.0648453215275627,DEPTH_PROPOSAL_CERTIFIED,1.6897734112962879,0,32,0,0,266,FULL_MOTION_CERTIFICATE,0,0,0,256,0,0,0,0,0,,71.316666666,1.98963668494,-0.192719856773,0.0648453448565,0.99481834247,-0.0963599283865,0.0324226724282,0.99481834247,-0.0963599283865,0.0324226724282,1.82198417586,-0.176481995997,0.0593817659561,1.834186259714245,-0.17766395913369207,0.05977948965681759
71.26666666666667,61.803091245208265,11.412796409298135,2.7283994131696363,1.9143470886866065,-0.18543095716166114,0.06239298368781037,1.989636698163464,-0.1927197357610559,0.06484529874538117,DEPTH_PROPOSAL_CERTIFIED,1.6954527877458787,0,32,0,0,266,FULL_MOTION_CERTIFICATE,0,0,0,256,0,0,0,0,0,,71.333333333,1.98963669163,-0.192719795528,0.0648453215276,0.994818345816,-0.0963598977638,0.0324226607638,0.994818345816,-0.0963598977638,0.0324226607638,1.80950951836,-0.175273577791,0.0589751599513,1.8219841811675892,-0.1764819412009893,0.05938176595612383
71.28333333333333,61.834864659356604,11.409718718386474,2.7294349807970892,1.9064048489004477,-0.18466145469970024,0.062134057647167035,1.9896367045403398,-0.19271967741514004,0.06484527648842836,DEPTH_PROPOSAL_CERTIFIED,1.7011004276087225,0,32,0,0,266,FULL_MOTION_CERTIFICATE,0,0,0,256,0,0,0,0,0,,71.35,1.98963669816,-0.192719735761,0.0648452987454,0.994818349082,-0.0963598678805,0.0324226493727,0.994818349082,-0.0963598678805,0.0324226493727,1.79677957628,-0.174040436091,0.0585602352493,1.8095095235093046,-0.17527352466377694,0.05897515995131812
71.3,61.86649965776298,11.406654437916893,2.7304660360225244,1.8980999043827405,-0.18385682817481183,0.061863313526114,1.9896367107685706,-0.1927196204340141,0.06484525473612143,DEPTH_PROPOSAL_CERTIFIED,1.7067153751140047,0,32,0,0,266,FULL_MOTION_CERTIFICATE,0,0,0,256,0,0,0,0,0,,71.366666666,1.98963670454,-0.192719677415,0.0648452764884,0.99481835227,-0.0963598387076,0.0324226382442,0.99481835227,-0.0963598387076,0.0324226382442,1.78381050668,-0.172784135771,0.058137518387,1.7967795812667067,-0.1740403845711727,0.05856023524926681
71.31666666666666,61.897990351380386,11.403604138182635,2.731492386961168,1.8894416170443704,-0.1830179840555576,0.06158105631860532,1.989636716853976,-0.1927195647642388,0.0648452334687356,DEPTH_PROPOSAL_CERTIFIED,1.7122967074606223,0,32,0,0,266,FULL_MOTION_CERTIFICATE,0,0,0,256,0,0,0,0,0,,71.383333333,1.98963671077,-0.192719620434,0.0648452547361,0.994818355384,-0.096359810217,0.0324226273681,0.994818355384,-0.096359810217,0.0324226273681,1.77061741228,-0.171506139584,0.0577075015397,1.783810511516249,-0.17278408580065557,0.058137518386999126
71.33333333333333,61.92933101444214,11.400568373666745,2.7325138470478176,1.8804397837055649,-0.18214587095332807,0.06128760519898927,1.9896367228021303,-0.19271951035461624,0.06484521266735843,DEPTH_PROPOSAL_CERTIFIED,1.7178435358113204,0,32,0,0,267,FULL_MOTION_CERTIFICATE,0,0,0,256,0,0,0,0,0,,71.4,1.98963671685,-0.192719564764,0.0648452334687,0.994818358427,-0.0963597823821,0.0324226167344,0.994818358427,-0.0963597823821,0.0324226167344,1.75721442483,-0.170207816237,0.0572706452389,1.77061741697213,-0.17150609110612716,0.057707501539673245
71.35,61.96051608993532,11.39754768251166,2.733530235215326,1.871104529590822,-0.18124146930509216,0.06098329005049452,1.9896367286183805,-0.19271945715606656,0.06484519231384778,DEPTH_PROPOSAL_CERTIFIED,1.7233550059642901,0,32,0,0,267,FULL_MOTION_CERTIFICATE,0,0,0,256,0,0,0,0,0,,71.416666666,1.9896367228,-0.192719510355,0.0648452126674,0.994818361401,-0.0963597551773,0.0324226063337,0.994818361401,-0.0963597551773,0.0324226063337,1.7436147749,-0.168890447147,0.0568273806458,1.7572144293909526,-0.17020776919661335,0.057270645238858366
71.36666666666666,61.991540193521594,11.394542586139169,2.7345413760224746,1.8614462151766151,-0.18030578234958985,0.06066844842892813,1.9896367343078518,-0.19271940512152466,0.06484517239079143,DEPTH_PROPOSAL_CERTIFIED,1.7288302987449233,0,32,0,0,267,FULL_MOTION_CERTIFICATE,0,0,0,256,0,0,0,0,0,,71.433333333,1.98963672862,-0.192719457156,0.0648451923138,0.994818364309,-0.096359728578,0.0324225961569,0.994818364309,-0.096359728578,0.0324225961569,1.72983085579,-0.167555232642,0.0563781116364,1.7436147793232843,-0.16889040149246085,0.05682738064581791
71.38333333333334,62.02239811610399,11.391553589001557,2.7355470997377145,1.851475354942369,-0.17933982825655886,0.060343422914342,1.9896367398754649,-0.19271935420582706,0.06484515288146867,DEPTH_PROPOSAL_CERTIFIED,1.737875372903797,0,32,0,0,267,FULL_MOTION_CERTIFICATE,0,0,0,256,0,0,0,0,0,,71.45,1.98963673431,-0.192719405122,0.0648451723908,0.994818367154,-0.0963597025608,0.0324225861954,0.994818367154,-0.0963597025608,0.0324225861954,1.71587428984,-0.166203298371,0.0559232169603,1.7298308600846704,-0.16755518832159083,0.05637811163639463
71.4,62.05308482522559,11.388581178445916,2.73654724238483,1.8412025472959437,-0.1783446333384059,0.060008558826915644,1.977601883896007,-0.1915535890015576,0.06445290026228534,DEPTH_PROPOSAL_CERTIFIED,1.7482078504510223,0,32,0,0,267,FULL_MOTION_CERTIFICATE,0,0,0,256,0,0,0,0,0,,71.466666666,1.98963673988,-0.192719354206,0.0648451528815,0.994818369938,-0.0963596771029,0.0324225764407,0.994818369938,-0.0963596771029,0.0324225764407,1.70175598212,-0.164835700514,0.0554630519919,1.7158742940095477,-0.16620325533693886,0.05592321696031387
71.41666666666667,62.083595465456874,11.385625824676412,2.737541645755638,1.8306384138772656,-0.17732122617031462,0.0596642022485059,1.9469151747744107,-0.18858117844591682,0.06345275761517,DEPTH_PROPOSAL_CERTIFIED,1.7584626343236525,0,32,0,0,267,FULL_MOTION_CERTIFICATE,0,0,0,256,0,0,0,0,0,,71.483333333,1.9776018839,-0.191553589002,0.0644529002623,0.994818372663,-0.0963596521828,0.0324225668849,0.994818372663,-0.0963596521828,0.0324225668849,1.68748616977,-0.163453430558,0.0549979503379,1.7017559861693836,-0.16483565871960043,0.055463051991906764
71.43333333333334,62.11392535791016,11.382687980801116,2.738530157394236,1.8197935471975446,-0.1762706325178021,0.059310698315883585,1.9164045345431262,-0.18562582467641242,0.06245835424436175,DEPTH_PROPOSAL_CERTIFIED,1.768638506790615,0,32,0,0,268,FULL_MOTION_CERTIFICATE,0,0,0,256,0,0,0,0,0,,71.5,1.94691517477,-0.188581178446,0.0634527576152,0.994818375332,-0.0963596277796,0.0324225575202,0.994818375332,-0.0963596277796,0.0324225575202,1.67307447513,-0.162057420439,0.0545282255688,1.6874861737049422,-0.16345338995714828,0.05499795033789106
71.45,62.14406999901466,11.379768082950475,2.7395126305571433,1.8086784662699593,-0.17519387103838985,0.058948389774441376,1.886074642089838,-0.18268798080111637,0.0614698426057636,DEPTH_PROPOSAL_CERTIFIED,1.7787343168866143,0,32,0,0,268,FULL_MOTION_CERTIFICATE,0,0,0,256,0,0,0,0,0,,71.516666666,1.91640453454,-0.185625824676,0.0624583542444,0.994818377947,-0.0963596038733,0.0324225483392,0.994818377947,-0.0963596038733,0.0324225483392,1.65852994715,-0.160648546561,0.0540541725689,1.6730744789534093,-0.16205738098955966,0.05452822556884617
71.46666666666667,62.17402505866031,11.37686655045693,2.740488924152872,1.7973035787391347,-0.1740919496128018,0.058577615743721945,1.8559300009853388,-0.17976808295047597,0.06048736944285649,DEPTH_PROPOSAL_CERTIFIED,1.788748979077051,0,32,0,0,268,FULL_MOTION_CERTIFICATE,0,0,0,256,0,0,0,0,0,,71.533333333,1.88607464209,-0.182687980801,0.0614698426058,0.99481838051,-0.0963595804447,0.0324225393346,0.99481838051,-0.0963595804447,0.0324225393346,1.64386109947,-0.159227633478,0.0535760687773,1.658529950863065,-0.16064850822062687,0.054054172568944604
71.48333333333333,62.203786377806395,11.37398378608637,2.7414589026640472,1.7856791487651793,-0.17296586223359614,0.05819871067050938,1.8259749413396875,-0.17686655045693023,0.05951107584712778,DEPTH_PROPOSAL_CERTIFIED,1.798681471761118,0,32,0,0,268,FULL_MOTION_CERTIFICATE,0,0,0,256,0,0,0,0,0,,71.55,1.85593000099,-0.17976808295,0.0604873694429,0.994818383022,-0.0963595574752,0.0324225304998,0.994818383022,-0.0963595574752,0.0324225304998,1.6290759535,-0.15779545807,0.0530941755911,1.643861103082915,-0.15922759620728635,0.053576068777315786
71.5,62.233349965649765,11.37112017631228,2.7424224360551728,1.7738152706020927,-0.17181658644540126,0.05781200346752235,1.796213622193605,-0.17398378608637088,0.058541097335952585,DEPTH_PROPOSAL_CERTIFIED,1.8085308356470517,0,32,0,0,268,FULL_MOTION_CERTIFICATE,0,0,0,256,0,0,0,0,0,,71.566666666,1.82597494134,-0.176866550457,0.0595110758471,0.994818385487,-0.0963595349469,0.0324225218279,0.994818385487,-0.0963595349469,0.0324225218279,1.61418207033,-0.156352752631,0.0526087394064,1.6290759570124256,-0.15779542182942274,0.0530941755910803
71.51666666666667,62.2627119964264,11.368276091625388,2.7433793996684432,1.761721846597816,-0.1706450812134727,0.05741781679622675,1.766650034350235,-0.1711201763122805,0.05757756394482705,DEPTH_PROPOSAL_CERTIFIED,1.81829617202588,0,32,0,0,268,FULL_MOTION_CERTIFICATE,0,0,0,256,0,0,0,0,0,,71.583333333,1.79621362219,-0.173983786086,0.058541097336,0.994818387906,-0.0963595128428,0.0324225133127,0.994818387906,-0.0963595128428,0.0324225133127,1.59918658018,-0.154900207725,0.0521199925776,1.6141820737456303,-0.15635271738394302,0.052608739406420094
71.53333333333333,62.291868805911236,11.365451886872561,2.7443296741097205,1.749408569090348,-0.1694522851696589,0.057016466476637585,1.7372880035736031,-0.1682760916253887,0.05662060033155658,DEPTH_PROPOSAL_CERTIFIED,1.8279766409667966,0,32,0,0,268,FULL_MOTION_CERTIFICATE,0,0,0,256,0,0,0,0,0,,71.6,1.76665003435,-0.171120176312,0.0575775639448,0.99481839028,-0.0963594911462,0.0324225049478,0.99481839028,-0.0963594911462,0.0324225049478,1.58409621767,-0.153438475599,0.0516281545673,1.5991865834992312,-0.15490017343513002,0.05211999257764952
71.55,62.32079772243822,11.362649758019476,2.745272520478109,1.735734991619436,-0.16812773118511865,0.05657078210331603,1.7081311940887645,-0.16545188687256207,0.055670325890279315,DEPTH_PROPOSAL_CERTIFIED,1.8375651125196732,0,32,0,0,268,FULL_MOTION_CERTIFICATE,0,0,0,256,0,0,0,0,0,,71.616666666,1.73728800357,-0.168276091625,0.0566206003316,0.994818392611,-0.0963594698411,0.0324224967275,0.994818392611,-0.0963594698411,0.0324224967275,1.56891734647,-0.151968172574,0.0511334327488,1.5689173464742998,-0.15196817257372638,0.0511334327487927
71.56666666666666,62.34951601062935,11.359868032690457,2.7462085015064033,1.7230972914677622,-0.16690351974117676,0.05615886169767035,1.679202277561778,-0.16264975801947656,0.05472747952189083,DEPTH_PROPOSAL_CERTIFIED,1.84706770700061,0,32,0,0,268,FULL_MOTION_CERTIFICATE,0,0,0,256,0,0,0,0,0,,71.633333333,1.70813119409,-0.165451886873,0.0556703258903,0.994818394902,-0.0963594489122,0.0324224886458,0.994818394902,-0.0963594489122,0.0324224886458,1.55365598204,-0.150489881241,0.0506360231474,1.5689173496173334,-0.15196814012508486,0.0511334327487927
71.58333333333333,62.37802035777708,11.357107031692362,2.7471375092537,1.7102608288639833,-0.16566005988576643,0.05574046483780057,1.6504839893706489,-0.1598680326904578,0.053791498493596546,DEPTH_PROPOSAL_CERTIFIED,1.8564837105170229,0,32,0,0,268,FULL_MOTION_CERTIFICATE,0,0,0,256,0,0,0,0,0,,71.65,1.67920227756,-0.162649758019,0.0547274795219,0.994818397151,-0.096359428362,0.0324224807134,0.994818397151,-0.096359428362,0.0324224807134,1.5383186403,-0.149004232676,0.0501361381026,1.5536559850978697,-0.15048984964975964,0.05063602314738888
71.6,62.40630760620564,11.354367060817971,2.7480594408308763,1.6972349057133762,-0.16439825246347806,0.055315894630589814,1.621979642222918,-0.1571070316923624,0.052862490746299784,DEPTH_PROPOSAL_CERTIFIED,1.8667048741017567,0,32,0,0,268,FULL_MOTION_CERTIFICATE,0,0,0,256,0,0,0,0,0,,71.666666666,1.65048398937,-0.15986803269,0.0537914984936,0.994818399362,-0.0963594081582,0.0324224729081,0.994818399362,-0.0963594081582,0.0324224729081,1.52291060586,-0.147511738687,0.0496339498224,1.5383186432759584,-0.1490042019115591,0.05013613810261825
71.61666666666666,62.43437474819864,11.351648411337196,2.748974198235315,1.6840285195805664,-0.16311896884647767,0.054885444266329984,1.5936923937943632,-0.1543670608179717,0.051940559169123546,DEPTH_PROPOSAL_CERTIFIED,1.8799129937843433,0,32,0,0,268,FULL_MOTION_CERTIFICATE,0,0,0,256,0,0,0,0,0,,71.683333333,1.62197964222,-0.157107031692,0.0528624907463,0.994818401538,-0.096359388287,0.0324224652249,0.994818401538,-0.096359388287,0.0324224652249,1.50743689299,-0.146012884897,0.0491296217047,1.522910608760278,-0.14751170871907196,0.04963394982235974
71.63333333333334,62.462218920969754,11.348951360484133,2.749881688187025,1.670650366265486,-0.1618230511837063,0.05444939710256876,1.5656252518013574,-0.15164841133719698,0.051025801764684964,DEPTH_PROPOSAL_CERTIFIED,1.892995119268294,0,32,0,0,268,FULL_MOTION_CERTIFICATE,0,0,0,256,0,0,0,0,0,,71.7,1.59369239379,-0.154367060818,0.0519405591691,0.994818403678,-0.0963593687347,0.0324224576587,0.994818403678,-0.0963593687347,0.0324224576587,1.49190226906,-0.144508133017,0.0486233091012,1.5074368958216442,-0.14601285569790928,0.04912962170468644
71.65,62.489837401702395,11.346276171937415,2.7507818219670153,1.6571088439586523,-0.16051131280307462,0.054008026799435345,1.5377810790302462,-0.1489513604841335,0.05011831181297488,DEPTH_PROPOSAL_CERTIFIED,1.9059505100309524,0,32,0,0,268,FULL_MOTION_CERTIFICATE,0,0,0,256,0,0,0,0,0,,71.716666666,1.5656252518,-0.151648411337,0.0510258017647,0.994818405785,-0.0963593494885,0.0324224502045,0.994818405785,-0.0963593494885,0.0324224502045,1.47631126795,-0.142997922147,0.0481151597558,1.4919022718152726,-0.14450810455936727,0.04862330910120731
71.66666666666667,62.51722760267075,11.343623096292715,2.751674515258314,1.6434120581013274,-0.15918453868194793,0.05356159747794425,1.5101625982976046,-0.1462761719374157,0.04921817803298456,DEPTH_PROPOSAL_CERTIFIED,1.9187784912558308,0,32,0,0,268,FULL_MOTION_CERTIFICATE,0,0,0,256,0,0,0,0,0,,71.733333333,1.53778107903,-0.148951360484,0.050118311813,0.99481840786,-0.0963593305355,0.0324224428577,0.99481840786,-0.0963593305355,0.0324224428577,1.46066820264,-0.141482669988,0.0476053142121,1.4763112706419537,-0.1429978944042014,0.04811515975575259
71.68333333333334,62.54438706645117,11.340992371526486,2.752559687989934,1.6295678268254756,-0.15784348597380699,0.05311036389720052,1.4827723973292493,-0.14362309629271586,0.04832548474168563,DEPTH_PROPOSAL_CERTIFIED,1.9314784509355722,0,32,0,0,268,FULL_MOTION_CERTIFICATE,0,0,0,256,0,0,0,0,0,,71.75,1.5101625983,-0.146276171937,0.049218178033,0.994818409905,-0.0963593118634,0.0324224356135,0.994818409905,-0.0963593118634,0.0324224356135,1.44497718525,-0.139962774791,0.0470939064699,1.4606682052600732,-0.1414826429344865,0.04760531421212672
71.7,62.57131346124294,11.33838422344911,2.7534372641843983,1.6155836875059186,-0.15648888464265312,0.05265457166785819,1.455612933548828,-0.1409923715264867,0.04744031201006571,DEPTH_PROPOSAL_CERTIFIED,1.9440498370606165,0,32,0,0,268,FULL_MOTION_CERTIFICATE,0,0,0,256,0,0,0,0,0,,71.766666666,1.48277239733,-0.143623096293,0.0483254847417,0.994818411921,-0.0963592934603,0.0324224284675,0.994818411921,-0.0963592934603,0.0324224284675,1.42924213742,-0.138438616358,0.0465810643205,1.444977187807314,-0.13996274840257486,0.04709390646988136
71.71666666666667,62.5980045763029,11.335798866147025,2.7543071718089793,1.6014669035976277,-0.15512143812504428,0.05219445747487589,1.4286865387570629,-0.13838422344911017,0.04656273581560155,DEPTH_PROPOSAL_CERTIFIED,1.9564921548950984,0,32,0,0,268,FULL_MOTION_CERTIFICATE,0,0,0,256,0,0,0,0,0,,71.783333333,1.45561293355,-0.140992371526,0.0474403120101,0.994818413908,-0.0963592753145,0.0324224214154,0.994818413908,-0.0963592753145,0.0324224214154,1.4134667999,-0.13691055697,0.0460669096609,1.4292421399164685,-0.13843859061021524,0.046581064320491486
71.73333333333333,62.62445831749763,11.333236502413483,2.755169342630765,1.5872244716839277,-0.15374182401257291,0.05173024930715044,1.4019954236971017,-0.13579886614702552,0.045692828191020496,DEPTH_PROPOSAL_CERTIFIED,1.9688049643399959,0,32,0,0,268,FULL_MOTION_CERTIFICATE,0,0,0,256,0,0,0,0,0,,71.8,1.42868653876,-0.138384223449,0.0465627358156,0.994818415869,-0.0963592574146,0.0324224144527,0.994818415869,-0.0963592574146,0.0324224144527,1.39765475009,-0.135378943088,0.0455515590648,1.413466802336778,-0.13691053184042115,0.046066909660899685
71.75,62.65067270298627,11.330697324166628,2.756023712075982,1.5728631293186863,-0.15235069481126337,0.05126216671303181,1.375541682502373,-0.1332365024134834,0.04483065736923475,DEPTH_PROPOSAL_CERTIFIED,1.9809878773890395,0,32,0,0,268,FULL_MOTION_CERTIFICATE,0,0,0,256,0,0,0,0,0,,71.816666666,1.4019954237,-0.135798866147,0.045692828191,0.994818417804,-0.0963592397497,0.0324224075754,0.994818417804,-0.0963592397497,0.0324224075754,1.38180940986,-0.133844106113,0.0450351240381,1.3976547524627314,-0.13537891855528597,0.04555155906478416
71.76666666666667,62.676645859034075,11.328181512854945,2.7568702190935794,1.558389362868467,-0.15094867870097503,0.05079042105584029,1.3493272970137298,-0.13069732416662916,0.043976287924017754,DEPTH_PROPOSAL_CERTIFIED,1.9930405556756887,0,32,0,0,268,FULL_MOTION_CERTIFICATE,0,0,0,256,0,0,0,0,0,,71.833333333,1.3755416825,-0.133236502413,0.0448306573692,0.994818419715,-0.0963592223088,0.0324224007794,0.994818419715,-0.0963592223088,0.0324224007794,1.36593405292,-0.132306363095,0.0445177112585,1.3818094121757818,-0.1338440821554563,0.045035124038103384
71.78333333333333,62.70237601595603,11.325689239850092,2.757708806023049,1.5438094153170967,-0.14953638029117564,0.05031521576816203,1.3233541409659253,-0.12818151285494572,0.04312978090642039,DEPTH_PROPOSAL_CERTIFIED,2.0049627081099417,0,32,0,0,268,FULL_MOTION_CERTIFICATE,0,0,0,256,0,0,0,0,0,,71.85,1.34932729701,-0.130697324167,0.043976287924,0.994818421602,-0.0963592050816,0.0324223940606,0.994818421602,-0.0963592050816,0.0324223940606,1.35003182032,-0.130766018233,0.0439994230799,1.3659340551903667,-0.13230633969162184,0.04451771125848689
71.8,62.72786150420023,11.323220666826208,2.7585394184668006,1.529129294651991,-0.1481143814330749,0.0498367466251085,1.2976239840439732,-0.12568923985009306,0.042291193976951025,DEPTH_PROPOSAL_CERTIFIED,2.016754088608266,0,32,0,0,268,FULL_MOTION_CERTIFICATE,0,0,0,256,0,0,0,0,0,,71.866666666,1.32335414097,-0.128181512855,0.0431297809064,0.994818423468,-0.0963591880576,0.0324223874152,0.994818423468,-0.0963591880576,0.0324223874152,1.33410572629,-0.129223363447,0.0434803577244,1.350031822537689,-0.1307659953642447,0.04399942307985504
71.81666666666666,62.75310075056792,11.320775946125984,2.7593620051669907,1.5143547820613683,-0.14668324201344832,0.04935520201141534,1.2721384957997728,-0.12322066682620836,0.0414605815331992,DEPTH_PROPOSAL_CERTIFIED,2.028414493913782,0,32,0,0,268,FULL_MOTION_CERTIFICATE,0,0,0,256,0,0,0,0,0,,71.883333333,1.29762398404,-0.12568923985,0.042291193977,0.994818425312,-0.0963591712267,0.0324223808392,0.994818425312,-0.0963591712267,0.0324223808392,1.31815866382,-0.127678678915,0.0429606094632,1.3341057284557614,-0.12922334109400294,0.04348035772435844
71.83333333333333,62.77809227456677,11.318355221113833,2.760176517886691,1.4994914399309385,-0.14524350072904685,0.048870763182008566,1.246899249432083,-0.12077594612598475,0.04063799483300912,DEPTH_PROPOSAL_CERTIFIED,2.0399437615042606,0,32,0,0,268,FULL_MOTION_CERTIFICATE,0,0,0,256,0,0,0,0,0,,71.9,1.2721384958,-0.123220666826,0.0414605815332,0.994818427137,-0.0963591545791,0.0324223743289,0.994818427137,-0.0963591545791,0.0324223743289,1.30219341854,-0.126132234415,0.0424402690687,1.3181586659396836,-0.12767865705934792,0.04296060946324551
71.85,62.80281450719325,11.315960580964033,2.7609822536629234,1.483333957588882,-0.1436784089880766,0.0483441465739453,1.2219077254332333,-0.11835522111383412,0.039823482113308994,DEPTH_PROPOSAL_CERTIFIED,2.049981313850182,0,32,0,0,268,FULL_MOTION_CERTIFICATE,0,0,0,256,0,0,0,0,0,,71.916666666,1.24689924943,-0.120775946126,0.040637994833,0.994818428943,-0.0963591381051,0.0324223678806,0.994818428943,-0.0963591381051,0.0324223678806,1.28621267302,-0.124584289748,0.0419194239556,1.2862126730157808,-0.12458428974823826,0.041919423955573014
71.86666666666666,62.82728784931146,11.31359004957703,2.761779877415648,1.468400527092747,-0.14223188322013827,0.04785742516346258,1.197185492806753,-0.11596058096403361,0.03901774633707644,DEPTH_PROPOSAL_CERTIFIED,2.049476157908712,0,32,0,0,268,FULL_MOTION_CERTIFICATE,0,0,0,256,0,0,0,0,0,,71.933333333,1.22190772543,-0.118355221114,0.0398234821133,0.994818430731,-0.096359121795,0.0324223614906,0.994818430731,-0.096359121795,0.0324223614906,1.27021901095,-0.123035095136,0.0413981583158,1.2862126750398875,-0.12458426885128968,0.041919423955573014
71.88333333333334,62.85151096224514,11.311243756584641,2.762569345528414,1.4533867760196535,-0.14077757954321135,0.04736808676591259,1.1727121506885396,-0.11359004957703078,0.03822012258435192,DEPTH_PROPOSAL_CERTIFIED,2.0489352960485916,0,32,0,0,268,FULL_MOTION_CERTIFICATE,0,0,0,256,0,0,0,0,0,,71.95,1.19718549281,-0.115960580964,0.0390177463371,0.994818432501,-0.0963591056521,0.0324223551688,0.994818432501,-0.0963591056521,0.0324223551688,1.2542159307,-0.1214849894,0.0408765861538,1.2702190129280708,-0.12303507468471814,0.04139815831580784
71.9,62.8754825968412,11.308921822948523,2.7633506173020224,1.4382980757636779,-0.13931601816708786,0.04687630641650675,1.1484890377548567,-0.11124375658464203,0.03743065447158589,DEPTH_PROPOSAL_CERTIFIED,2.0483600383818645,0,32,0,0,268,FULL_MOTION_CERTIFICATE,0,0,0,256,0,0,0,0,0,,71.966666666,1.17271215069,-0.113590049577,0.0382201225844,0.994818434255,-0.0963590896545,0.0324223488979,0.994818434255,-0.0963590896545,0.0324223488979,1.23820571194,-0.119934193317,0.0403547817538,1.2542159326407634,-0.12148496937838024,0.04087658615375521
71.91666666666667,62.89920158956615,11.306624361338235,2.764123654827319,1.4231395634967994,-0.1378476966172545,0.04638225151781395,1.124517403158798,-0.10892182294852404,0.03664938269797746,DEPTH_PROPOSAL_CERTIFIED,2.0477516867627763,0,32,0,0,268,FULL_MOTION_CERTIFICATE,0,0,0,256,0,0,0,0,0,,71.983333333,1.14848903775,-0.111243756585,0.0374306544716,0.994818435994,-0.0963590737931,0.0324223426742,0.994818435994,-0.0963590737931,0.0324223426742,1.22219056856,-0.118382921294,0.0398328172571,1.2382057138408717,-0.11993417370928638,0.040354781753761365
71.93333333333334,62.922666858814985,11.304351476488721,2.764888422864913,1.4079161549303592,-0.13637309097086817,0.04588608225563549,1.1007984104338533,-0.10662436133823583,0.03587634517268068,DEPTH_PROPOSAL_CERTIFIED,2.0471115339998796,0,32,0,0,268,FULL_MOTION_CERTIFICATE,0,0,0,256,0,0,0,0,0,,72,1.12451740316,-0.108921822949,0.036649382698,0.994818437719,-0.0963590580589,0.0324223364944,0.994818437719,-0.0963590580589,0.0324223364944,1.20617265878,-0.116831382346,0.039310762991,1.2221905704197784,-0.11838290208495386,0.039832817257057854
71.95,62.94587740142957,11.3021032655375,2.765644888731718,1.3926325568750613,-0.1348926570732241,0.045387952008316135,1.077333141185015,-0.10435147648872167,0.03511157713508695,DEPTH_PROPOSAL_CERTIFIED,2.0464408631201243,0,32,0,0,268,FULL_MOTION_CERTIFICATE,0,0,0,256,0,0,0,0,0,,72.016666666,1.10079841043,-0.106624361338,0.0358763451727,0.994818439432,-0.0963590424428,0.0324223303549,0.994818439432,-0.0963590424428,0.0324223303549,1.190154086,-0.115279780182,0.0387886874968,1.2061726606004146,-0.11683136352196521,0.039310762991019675
71.96666666666667,62.968832289411466,11.299879818343028,2.766393022193837,1.3772932789138526,-0.13340683166830014,0.04488800772714396,1.0541225985704301,-0.10210326553750093,0.034355111268281835,DEPTH_PROPOSAL_CERTIFIED,2.0457409466819945,0,32,0,0,268,FULL_MOTION_CERTIFICATE,0,0,0,256,0,0,0,0,0,,72.033333333,1.07733314119,-0.104351476489,0.0351115771351,0.994818441133,-0.0963590269359,0.0324223242523,0.994818441133,-0.0963590269359,0.0324223242523,1.17413689975,-0.113728313291,0.0382666575601,1.1901540877870944,-0.1152797617282268,0.038788687496842986
71.98333333333333,62.99153066681582,11.297681217785518,2.767132795365341,1.361902644261477,-0.13191603345052674,0.04438639029024398,1.0311677105885337,-0.0998798183430285,0.03360697780616295,DEPTH_PROPOSAL_CERTIFIED,2.045013046134684,0,32,0,0,268,FULL_MOTION_CERTIFICATE,0,0,0,256,0,0,0,0,0,,72.05,1.05412259857,-0.102103265538,0.0343551112683,0.994818442823,-0.0963590115295,0.0324223181832,0.994818442823,-0.0963590115295,0.0324223181832,1.15812310534,-0.112177175881,0.0377447385256,1.1741369015024825,-0.11372829519369013,0.038266657560063894
72.0,63.013971746824716,11.295507540050389,2.7678641826129,1.3464648005337088,-0.1304206641078129,0.04388323485352983,1.0084693331841805,-0.09768121778551908,0.032867204634658975,DEPTH_PROPOSAL_CERTIFIED,2.044258411220274,0,32,0,0,269,FULL_MOTION_CERTIFICATE,0,0,0,256,0,0,0,0,0,,72.066666666,1.03116771059,-0.099879818343,0.0336069778062,0.994818444503,-0.0963589962147,0.0324223121441,0.994818444503,-0.0963589962147,0.0324223121441,1.14211466428,-0.11062655792,0.0372229943119,1.158123107054926,-0.1121771581267028,0.037744738525616835
72.01666666666667,63.036154808986936,11.293358854895578,2.7685871604658354,1.3309837297334974,-0.12892110928872524,0.04337867117613454,0.9860282531752844,-0.09550754005038975,0.03213581738710003,DEPTH_PROPOSAL_CERTIFIED,2.0434782794162962,0,32,0,0,269,FULL_MOTION_CERTIFICATE,0,0,0,256,0,0,0,0,0,,72.083333333,1.00846933318,-0.0976812177855,0.0328672046347,0.994818446175,-0.0963589809826,0.0324223061315,0.994818446175,-0.0963589809826,0.0324223061315,1.12611349489,-0.109076645189,0.0367014874287,1.1421146659709063,-0.11062654049585484,0.03722299431191158
72.03333333333333,63.058079196612304,11.291235225903904,2.769301707531211,1.315463257522152,-0.1274177395004185,0.042872823922541,0.9638451910130641,-0.0933588548955786,0.031412839534164405,DEPTH_PROPOSAL_CERTIFIED,2.0426738754162823,0,32,0,0,269,FULL_MOTION_CERTIFICATE,0,0,0,256,0,0,0,0,0,,72.1,0.986028253175,-0.0955075400504,0.0321358173871,0.994818447838,-0.0963589658245,0.0324223001421,0.994818447838,-0.0963589658245,0.0324223001421,1.1101214815,-0.107527620184,0.03618027928,1.1261134965437265,-0.10907662808307483,0.036701487428699484
72.05,63.07974431432051,11.289136710720458,2.7700078044139573,1.2999070624923112,-0.1259109110067441,0.042365812964772,0.9419208033876956,-0.09123522590390465,0.030698292468788857,DEPTH_PROPOSAL_CERTIFIED,2.0418464106458547,0,32,0,0,269,FULL_MOTION_CERTIFICATE,0,0,0,256,0,0,0,0,0,,72.116666666,0.963845191013,-0.0933588548956,0.0314128395342,0.994818449494,-0.0963589507317,0.0324222941723,0.994818449494,-0.0963589507317,0.0324222941723,1.09414047463,-0.105979662122,0.0356594301668,1.1101214831282409,-0.10752760338391543,0.036180279279989846
72.06666666666666,63.10114962573292,11.287063361276141,2.7707054336416554,1.2843186847449473,-0.12440096665894977,0.041857753661898804,0.9202556856794928,-0.08913671072045837,0.02999219558604249,DEPTH_PROPOSAL_CERTIFIED,2.04099708281187,0,32,0,0,269,FULL_MOTION_CERTIFICATE,0,0,0,256,0,0,0,0,0,,72.133333333,0.941920803388,-0.0912352259039,0.0306982924688,0.994818451145,-0.0963589356952,0.0324222882187,0.994818451145,-0.0963589356952,0.0324222882187,1.07817229115,-0.104432946964,0.0351389992948,1.094140476227095,-0.10597964561585789,0.035659430166845425
72.08333333333333,63.12229465129682,11.28501522399839,2.771394579593638,1.268701533833906,-0.12288823666512073,0.04134875711893787,0.8988503742670773,-0.087063361276142,0.029294566358344376,DEPTH_PROPOSAL_CERTIFIED,2.040127075483148,0,32,0,0,270,FULL_MOTION_CERTIFICATE,0,0,0,256,0,0,0,0,0,,72.15,0.920255685679,-0.0891367107205,0.029992195586,0.99481845279,-0.0963589207061,0.0324222822776,0.99481845279,-0.0963589207061,0.0324222822776,1.06221872329,-0.102887648285,0.0346190450665,1.0781722927191912,-0.10443293074040536,0.035138999294814136
72.1,63.1431789662433,11.282992340008935,2.772075228434443,1.2530588967887604,-0.12137303936721049,0.04083893044830118,0.8777053487031807,-0.0850152239983899,0.028605420406361937,DEPTH_PROPOSAL_CERTIFIED,2.039237557700136,0,32,0,0,270,FULL_MOTION_CERTIFICATE,0,0,0,256,0,0,0,0,0,,72.166666666,0.898850374267,-0.0870633612761,0.0292945663583,0.994818454432,-0.0963589057556,0.0324222763456,0.994818454432,-0.0963589057556,0.0324222763456,1.04628153846,-0.101343937254,0.0340996250753,1.0622187248379709,-0.10288763233270441,0.03461904506653316
72.11666666666666,63.16380219866855,11.28099474530964,2.772747368051292,1.237393945515002,-0.11985568195776274,0.04032837701095406,0.8568210337567024,-0.08299234000893563,0.02792477156555684,DEPTH_PROPOSAL_CERTIFIED,2.038329683612039,0,32,0,0,270,FULL_MOTION_CERTIFICATE,0,0,0,256,0,0,0,0,0,,72.183333333,0.877705348703,-0.0850152239984,0.0286054204064,0.99481845607,-0.0963588908345,0.032422270419,0.99481845607,-0.0963588908345,0.032422270419,1.03036247915,-0.0998019826321,0.0335807961041,1.0462815399751393,-0.10134392156249906,0.034099625075318815
72.13333333333334,63.18416402772909,11.279022470957269,2.7734109879952795,1.2217097436312623,-0.11833646114210629,0.03981719663922592,0.8361978013314513,-0.08099474530964024,0.02725263194870786,DEPTH_PROPOSAL_CERTIFIED,2.0374045921397963,0,32,0,0,270,FULL_MOTION_CERTIFICATE,0,0,0,256,0,0,0,0,0,,72.2,0.856821033757,-0.0829923400089,0.0279247715656,0.994818457707,-0.0963588759337,0.0324222644942,0.994818457707,-0.0963588759337,0.0324222644942,1.01446327175,-0.0982619516164,0.0330626144096,1.0303624806498013,-0.09980196719111356,0.033580796104147936
72.15,63.20426418195323,11.277075543227031,2.7740660794263503,1.2060092534485893,-0.1168156638143121,0.039305485864251914,0.8158359722709108,-0.07902247095726977,0.026589012004720303,DEPTH_PROPOSAL_CERTIFIED,2.0346662028038756,0,32,0,0,270,FULL_MOTION_CERTIFICATE,0,0,0,256,0,0,0,0,0,,72.216666666,0.836197801331,-0.0809947453096,0.0272526319487,0.994818459342,-0.0963588610439,0.0324222585674,0.994818459342,-0.0963588610439,0.0324222585674,0.998585626011,-0.0967240097973,0.0325451357079,1.014463273219967,-0.09826193641522192,0.03306261440956863
72.16666666666667,63.22410243765971,11.275153983765717,2.774712635061769,1.1902953423888973,-0.11529356767883178,0.03879333812513725,0.7957358180467722,-0.07707554322703203,0.025933920573649516,DEPTH_PROPOSAL_CERTIFIED,2.0253726816739315,0,32,0,0,270,FULL_MOTION_CERTIFICATE,0,0,0,256,0,0,0,0,0,,72.233333333,0.815835972271,-0.0790224709573,0.0265890120047,0.994818460977,-0.0963588461557,0.0324222526347,0.994818460977,-0.0963588461557,0.0324222526347,0.982731234899,-0.0951883211374,0.0320284151677,0.9985856274606437,-0.09672399482597079,0.03254513570793799
72.18333333333334,63.2436786174747,11.273257809735329,2.7753506491277973,1.1745707888994357,-0.11377044182332091,0.03828084396169691,0.7758975623402904,-0.07515398376571802,0.025287364938230805,DEPTH_PROPOSAL_CERTIFIED,2.016213767768315,0,32,0,0,270,FULL_MOTION_CERTIFICATE,0,0,0,256,0,0,0,0,0,,72.25,0.795735818047,-0.077075543227,0.0259339205736,0.994818462614,-0.0963588312594,0.0324222466923,0.994818462614,-0.0963588312594,0.0324222466923,0.966901783039,-0.093655048793,0.0315125076861,0.9827312363279915,-0.09518830638608715,0.032028415167724415
72.2,63.26299258895074,11.271387033946823,2.7759801173146896,1.1588382885621848,-0.1122465473103472,0.03776809121354928,0.7563213825253001,-0.07325780973532936,0.024649350872202547,DEPTH_PROPOSAL_CERTIFIED,2.0071890372936276,0,32,0,0,270,FULL_MOTION_CERTIFICATE,0,0,0,256,0,0,0,0,0,,72.266666666,0.77589756234,-0.0751539837657,0.0252873649382,0.994818464253,-0.0963588163453,0.0324222407362,0.994818464253,-0.0963588163453,0.0324222407362,0.951098946129,-0.0921243550563,0.0309974678697,0.966901784447714,-0.0936550342520667,0.031512507686147814
72.21666666666667,63.28204426327899,11.269541664984825,2.776601036734734,1.143100459695214,-0.11072213771989081,0.0372551652026528,0.7370074110492624,-0.07138703394682366,0.02401988268531019,DEPTH_PROPOSAL_CERTIFIED,1.998298053201911,0,32,0,0,270,FULL_MOTION_CERTIFICATE,0,0,0,256,0,0,0,0,0,,72.283333333,0.756321382525,-0.0732578097353,0.0246493508722,0.994818465895,-0.0963588014031,0.0324222347623,0.994818465895,-0.0963588014031,0.0324222347623,0.935324390547,-0.0905964013173,0.0304833500214,0.951098947518156,-0.09212434071632179,0.030997467869715353
72.23333333333333,63.30083359408732,11.267721707324027,2.7772134058830846,1.1273598484999572,-0.10919745964786441,0.036742148901044276,0.7179557367210094,-0.0695416649848255,0.023398963265266026,DEPTH_PROPOSAL_CERTIFIED,1.9895403658505502,0,32,0,0,270,FULL_MOTION_CERTIFICATE,0,0,0,256,0,0,0,0,0,,72.3,0.737007411049,-0.0713870339468,0.0240198826853,0.994818467541,-0.0963587864228,0.0324222287663,0.994818467541,-0.0963587864228,0.0324222287663,0.919579781656,-0.0890713488683,0.0299702084113,0.9353243919178147,-0.09059638716914122,0.030483350021419966
72.25,63.319360576328116,11.265927161436897,2.7778172246015242,1.1116189344475842,-0.10767275322779439,0.03622912310637038,0.6991664059126776,-0.06772170732402749,0.022786594116915193,DEPTH_PROPOSAL_CERTIFIED,1.980915513611337,0,32,0,0,270,FULL_MOTION_CERTIFICATE,0,0,0,256,0,0,0,0,0,,72.316666666,0.717955736721,-0.0695416649848,0.0233989632653,0.994818469193,-0.0963587713935,0.0324222227439,0.994818469193,-0.0963587713935,0.0324222227439,0.903866783073,-0.0875493588333,0.029458097253,0.9195797830086206,-0.08907133490293896,0.02997020841134843
72.26666666666667,63.337625245248155,11.264158023893437,2.7784124940448964,1.0958801352022287,-0.10614825260764381,0.03571616660232541,0.6806394236718845,-0.06592716143689792,0.022182775398475574,DEPTH_PROPOSAL_CERTIFIED,1.9724230234324356,0,32,0,0,270,FULL_MOTION_CERTIFICATE,0,0,0,256,0,0,0,0,0,,72.333333333,0.699166405913,-0.067721707324,0.0227865941169,0.994818470852,-0.0963587563044,0.0324222166906,0.994818470852,-0.0963587563044,0.0324222166906,0.888187056167,-0.0860305921187,0.0289470706867,0.9038667844088786,-0.08754934504180556,0.029458097252976392
72.28333333333333,63.3556276754337,11.262414287453657,2.778999216649991,1.0801458111328806,-0.10462418638679405,0.03520335630568368,0.6623747547518448,-0.06415802389343739,0.021587505955103392,DEPTH_PROPOSAL_CERTIFIED,1.9640624113573448,0,32,0,0,270,FULL_MOTION_CERTIFICATE,0,0,0,256,0,0,0,0,0,,72.35,0.680639423672,-0.0659271614369,0.0221827753985,0.994818472519,-0.0963587411442,0.0324222106017,0.994818472519,-0.0963587411442,0.0324222106017,0.87246375036,-0.0845076049154,0.0284346240637,0.8881870574868207,-0.08603057849242585,0.02894707068665409
72.3,63.373367880796685,11.260695950754963,2.7795773928759924,1.0644123217792552,-0.103100201921654,0.03469057356007618,0.644372324566298,-0.062414287453657735,0.021000783350008767,DEPTH_PROPOSAL_CERTIFIED,1.9558332289600373,0,32,0,0,270,FULL_MOTION_CERTIFICATE,0,0,0,256,0,0,0,0,0,,72.366666666,0.662374754752,-0.0641580238934,0.0215875059551,0.994818474195,-0.0963587259013,0.0324222044724,0.994818474195,-0.0963587259013,0.0324222044724,0.856547917996,-0.0829659700511,0.0279159030156,0.8724637516650139,-0.08450759144694435,0.02843462406366436
72.31666666666666,63.39084563110602,11.259003036083019,2.7801470152250434,1.0486650185600837,-0.1015748803166553,0.03417734094306914,0.6266321192033146,-0.06069595075496359,0.020422607124007452,DEPTH_PROPOSAL_CERTIFIED,1.9477351481023675,0,32,0,0,270,FULL_MOTION_CERTIFICATE,0,0,0,256,0,0,0,0,0,,72.383333333,0.644372324566,-0.0624142874537,0.02100078335,0.994818475882,-0.0963587105633,0.0324221982976,0.994818475882,-0.0963587105633,0.0324221982976,0.840474009082,-0.0814090243687,0.0273920303032,0.8565479192861788,-0.08296595673567003,0.02791590301558283
72.33333333333333,63.40806051398075,11.257335583367029,2.7807080702626803,1.032892972484108,-0.10004716295940823,0.03366330225822817,0.6091543688939822,-0.05900303608301982,0.01985298477495645,DEPTH_PROPOSAL_CERTIFIED,1.9397679315865406,0,32,0,0,271,FULL_MOTION_CERTIFICATE,0,0,0,256,0,0,0,0,0,,72.4,0.626632119203,-0.060695950755,0.020422607124,0.994818477581,-0.0963586951179,0.0324221920721,0.994818477581,-0.0963586951179,0.0324221920721,0.824273865585,-0.0798398520938,0.0268640436881,0.8404740103571939,-0.08140901120099266,0.027392030303167947
72.35,63.42501198889382,11.255693644948881,2.7812605403778803,1.0170884947843124,-0.09851630508888427,0.033148206912008364,0.5919394860192497,-0.057335583367029486,0.019291929737319524,DEPTH_PROPOSAL_CERTIFIED,1.9319314077218084,0,32,0,0,271,FULL_MOTION_CERTIFICATE,0,0,0,256,0,0,0,0,0,,72.416666666,0.609154368894,-0.059003036083,0.019852984775,0.994818479293,-0.0963586795517,0.0324221857903,0.994818479293,-0.0963586795517,0.0324221857903,0.80797693467,-0.0782613054895,0.0263329028826,0.8242738668467936,-0.07983983906849088,0.026864043688126362
72.36666666666666,63.44169943406085,11.25407728104145,2.781804405311225,1.0012467100217077,-0.09698183444585011,0.032631896000690844,0.5749880111061785,-0.05569364494888163,0.018739459622119536,DEPTH_PROPOSAL_CERTIFIED,1.9242254483623236,0,32,0,0,271,FULL_MOTION_CERTIFICATE,0,0,0,256,0,0,0,0,0,,72.433333333,0.591939486019,-0.057335583367,0.0192919297373,0.994818481021,-0.0963586638513,0.0324221794466,0.994818481021,-0.0963586638513,0.0324221794466,0.79161046096,-0.0766760234788,0.0257994958155,0.8079769359179189,-0.07826129260083209,0.026332902882616697
72.38333333333334,63.45812218699579,11.252486555800337,2.78233964347666,0.9853651760954537,-0.0954435144666923,0.03211428992605375,0.5583005659391489,-0.05407728104145093,0.01819559468877463,DEPTH_PROPOSAL_CERTIFIED,1.9166499500214065,0,32,0,0,271,FULL_MOTION_CERTIFICATE,0,0,0,256,0,0,0,0,0,,72.45,0.574988011106,-0.0556936449489,0.0187394596221,0.994818482765,-0.0963586480023,0.032422173035,0.994818482765,-0.0963586480023,0.032422173035,0.775199668976,-0.0750864493159,0.025264644578,0.7916104621953209,-0.07667601072098316,0.025799495815486642
72.4,63.47427957944347,11.250921533940264,2.782866233099988,0.9694435468609093,-0.09390131160428722,0.03159537739968754,0.5418778130042128,-0.05248655580033734,0.01766035652333997,DEPTH_PROPOSAL_CERTIFIED,1.9092048177048135,0,32,0,0,271,FULL_MOTION_CERTIFICATE,0,0,0,256,0,0,0,0,0,,72.466666666,0.558300565939,-0.0540772810415,0.0181955946888,0.994818484527,-0.0963586319898,0.0324221665491,0.994818484527,-0.0963586319898,0.0324221665491,0.758767919403,-0.0734948457225,0.0247291105169,0.7751996701994548,-0.07508643668294405,0.02526464457801938
72.41666666666667,63.49017096731256,11.249382277835744,2.7833841531944237,0.9534832721453249,-0.09235536627124179,0.03107520566614474,0.5257204205565316,-0.05092153394026511,0.017133766900011782,DEPTH_PROPOSAL_CERTIFIED,1.9018899511505962,0,32,0,0,271,FULL_MOTION_CERTIFICATE,0,0,0,256,0,0,0,0,0,,72.483333333,0.541877813004,-0.0524865558003,0.0176603565233,0.99481848631,-0.0963586157983,0.0324221599826,0.99481848631,-0.0963586157983,0.0324221599826,0.742336850408,-0.0719033085753,0.02419359884,0.7587679206151831,-0.0734948332080863,0.024729110516922205
72.43333333333334,63.50579575616582,11.247868845052055,2.7838933843913516,0.9374873311956121,-0.09080596702139603,0.030553871815681647,0.509829032687442,-0.049382277835745114,0.01661584680557615,DEPTH_PROPOSAL_CERTIFIED,1.8947052331962344,0,32,0,0,272,FULL_MOTION_CERTIFICATE,0,0,0,256,0,0,0,0,0,,72.5,0.525720420557,-0.0509215339403,0.0171337669,0.994818488114,-0.0963585994116,0.0324221533284,0.994818488114,-0.0963585994116,0.0324221533284,0.725926514485,-0.0703137801621,0.0236587630763,0.7423368516091035,-0.07190329617327648,0.024193598840031492
72.45,63.5210889388753,11.246387531973404,2.78439180813385,0.9175909625692251,-0.08887878471907192,0.029905424549911252,0.0,0.0,0.0,DEPTH_PROPOSAL_CERTIFIED,1.8876801267525676,0,32,0,0,272,FULL_MOTION_CERTIFICATE,0,0,0,256,0,0,0,0,0,,72.516666666,0.509829032687,-0.0493822778357,0.0166158468056,0.994818489942,-0.0963585828125,0.0324221465794,0.994818489942,-0.0963585828125,0.0324221465794,0.709555493791,-0.0687280603523,0.0231252088347,0.0,0.0,0.0
72.46666666666667,63.53605051544101,11.244938338599791,2.784879424421919,0.8976945939428381,-0.0869516024167478,0.029256977284140857,0.0,0.0,0.0,ZERO_INTENT,1.8808141666456737,0,32,0,0,272,FULL_MOTION_CERTIFICATE,0,0,0,256,0,0,0,0,0,,72.516666666,0.509829032687,-0.0493822778357,0.0166158468056,0.994818489942,-0.0963585828125,0.0324221465794,0.994818489942,-0.0963585828125,0.0324221465794,0.709555493791,-0.0687280603523,0.0231252088347,0.0,0.0,0.0
72.48333333333333,63.550680485862955,11.243521264931218,2.7853562332555586,0.8777982253164511,-0.0850244201144237,0.02860853001837046,0.0,0.0,0.0,ZERO_INTENT,1.8741068984782014,0,32,0,0,272,FULL_MOTION_CERTIFICATE,0,0,0,256,0,0,0,0,0,,72.516666666,0.509829032687,-0.0493822778357,0.0166158468056,0.994818489942,-0.0963585828125,0.0324221465794,0.994818489942,-0.0963585828125,0.0324221465794,0.709555493791,-0.0687280603523,0.0231252088347,0.0,0.0,0.0
72.5,63.564978850141124,11.242136310967682,2.7858222346347685,0.8579018566900641,-0.08309723781209959,0.027960082752600066,0.0,0.0,0.0,ZERO_INTENT,1.8675578785839244,0,32,0,0,272,FULL_MOTION_CERTIFICATE,0,0,0,256,0,0,0,0,0,,72.516666666,0.509829032687,-0.0493822778357,0.0166158468056,0.994818489942,-0.0963585828125,0.0324221465794,0.994818489942,-0.0963585828125,0.0324221465794,0.709555493791,-0.0687280603523,0.0231252088347,0.0,0.0,0.0
72.51666666666667,63.57894560827552,11.240783476709186,2.786277428559549,0.8380054880636771,-0.08117005550977548,0.02731163548682967,0.0,0.0,0.0,ZERO_INTENT,1.8611666739834103,0,32,0,0,272,FULL_MOTION_CERTIFICATE,0,0,0,256,0,0,0,0,0,,72.516666666,0.509829032687,-0.0493822778357,0.0166158468056,0.994818489942,-0.0963585828125,0.0324221465794,0.994818489942,-0.0963585828125,0.0324221465794,0.709555493791,-0.0687280603523,0.0231252088347,0.0,0.0,0.0
72.53333333333333,63.59258076026614,11.239462762155728,2.7867218150299,0.8181091194372901,-0.07924287320745138,0.026663188221059276,0.0,0.0,0.0,ZERO_INTENT,1.854932862340629,0,32,0,0,272,FULL_MOTION_CERTIFICATE,0,0,0,256,0,0,0,0,0,,72.516666666,0.509829032687,-0.0493822778357,0.0166158468056,0.994818489942,-0.0963585828125,0.0324221465794,0.994818489942,-0.0963585828125,0.0324221465794,0.709555493791,-0.0687280603523,0.0231252088347,0.0,0.0,0.0
72.55,63.60588430611298,11.23817416730731,2.7871553940458216,0.7982127508109031,-0.07731569090512727,0.02601474095528888,0.0,0.0,0.0,ZERO_INTENT,1.848570997304023,0,32,0,0,272,FULL_MOTION_CERTIFICATE,0,0,0,256,0,0,0,0,0,,72.516666666,0.509829032687,-0.0493822778357,0.0166158468056,0.994818489942,-0.0963585828125,0.0324221465794,0.994818489942,-0.0963585828125,0.0324221465794,0.709555493791,-0.0687280603523,0.0231252088347,0.0,0.0,0.0
72.56666666666666,63.618856245816055,11.23691769216393,2.7875781656073135,0.7783163821845162,-0.07538850860280318,0.025366293689518486,0.0,0.0,0.0,ZERO_INTENT,1.8420228430776922,0,32,0,0,272,FULL_MOTION_CERTIFICATE,0,0,0,256,0,0,0,0,0,,72.516666666,0.509829032687,-0.0493822778357,0.0166158468056,0.994818489942,-0.0963585828125,0.0324221465794,0.994818489942,-0.0963585828125,0.0324221465794,0.709555493791,-0.0687280603523,0.0231252088347,0.0,0.0,0.0
72.58333333333333,63.63149657937536,11.23569333672559,2.787990129714376,0.7584200135581292,-0.07346132630047908,0.02471784642374809,0.0,0.0,0.0,ZERO_INTENT,1.835647572582483,0,32,0,0,272,FULL_MOTION_CERTIFICATE,0,0,0,256,0,0,0,0,0,,72.516666666,0.509829032687,-0.0493822778357,0.0166158468056,0.994818489942,-0.0963585828125,0.0324221465794,0.994818489942,-0.0963585828125,0.0324221465794,0.709555493791,-0.0687280603523,0.0231252088347,0.0,0.0,0.0
72.6,63.64380530679089,11.234501100992286,2.7883912863670086,0.7385236449317422,-0.07153414399815497,0.024069399157977695,0.0,0.0,0.0,ZERO_INTENT,1.8294448033026782,0,32,0,0,272,FULL_MOTION_CERTIFICATE,0,0,0,256,0,0,0,0,0,,72.516666666,0.509829032687,-0.0493822778357,0.0166158468056,0.994818489942,-0.0963585828125,0.0324221465794,0.994818489942,-0.0963585828125,0.0324221465794,0.709555493791,-0.0687280603523,0.0231252088347,0.0,0.0,0.0
72.61666666666666,63.65578242806264,11.233340984964023,2.788781635565212,0.7186272763053552,-0.06960696169583087,0.0234209518922073,0.0,0.0,0.0,ZERO_INTENT,1.8234141569803994,0,32,0,0,272,FULL_MOTION_CERTIFICATE,0,0,0,256,0,0,0,0,0,,72.516666666,0.509829032687,-0.0493822778357,0.0166158468056,0.994818489942,-0.0963585828125,0.0324221465794,0.994818489942,-0.0963585828125,0.0324221465794,0.709555493791,-0.0687280603523,0.0231252088347,0.0,0.0,0.0
72.63333333333334,63.66742794319064,11.232212988640798,2.7891611773089866,0.6987309076789512,-0.06767977939350513,0.022772504626436353,0.0,0.0,0.0,ZERO_INTENT,1.8175552600763383,0,32,0,0,272,FULL_MOTION_CERTIFICATE,0,0,0,256,0,0,0,0,0,,72.516666666,0.509829032687,-0.0493822778357,0.0166158468056,0.994818489942,-0.0963585828125,0.0324221465794,0.994818489942,-0.0963585828125,0.0324221465794,0.709555493791,-0.0687280603523,0.0231252088347,0.0,0.0,0.0
72.65,63.678741852174845,11.231117112022613,2.789529911598331,0.6788345390525642,-0.06575259709118103,0.022124057360665958,0.0,0.0,0.0,ZERO_INTENT,1.8118677442179143,0,32,0,0,272,FULL_MOTION_CERTIFICATE,0,0,0,256,0,0,0,0,0,,72.516666666,0.509829032687,-0.0493822778357,0.0166158468056,0.994818489942,-0.0963585828125,0.0324221465794,0.994818489942,-0.0963585828125,0.0324221465794,0.709555493791,-0.0687280603523,0.0231252088347,0.0,0.0,0.0
72.66666666666667,63.68972415501528,11.230053355109465,2.7898878384332457,0.6589381704261772,-0.06382541478885694,0.021475610094895563,0.0,0.0,0.0,ZERO_INTENT,1.8063512466353617,0,32,0,0,272,FULL_MOTION_CERTIFICATE,0,0,0,256,0,0,0,0,0,,72.516666666,0.509829032687,-0.0493822778357,0.0166158468056,0.994818489942,-0.0963585828125,0.0324221465794,0.994818489942,-0.0963585828125,0.0324221465794,0.709555493791,-0.0687280603523,0.0231252088347,0.0,0.0,0.0
72.68333333333334,63.70037485171194,11.229021717901356,2.7902349578137313,0.6390418017997902,-0.06189823248653283,0.020827162829125168,0.0,0.0,0.0,ZERO_INTENT,1.8010054105850233,0,32,0,0,272,FULL_MOTION_CERTIFICATE,0,0,0,256,0,0,0,0,0,,72.516666666,0.509829032687,-0.0493822778357,0.0166158468056,0.994818489942,-0.0963585828125,0.0324221465794,0.994818489942,-0.0963585828125,0.0324221465794,0.709555493791,-0.0687280603523,0.0231252088347,0.0,0.0,0.0
72.7,63.71069394226483,11.228022200398286,2.7905712697397873,0.6191454331734032,-0.05997105018420873,0.020178715563354772,0.0,0.0,0.0,ZERO_INTENT,1.7958298857605524,0,32,0,0,272,FULL_MOTION_CERTIFICATE,0,0,0,256,0,0,0,0,0,,72.516666666,0.509829032687,-0.0493822778357,0.0166158468056,0.994818489942,-0.0963585828125,0.0324221465794,0.994818489942,-0.0963585828125,0.0324221465794,0.709555493791,-0.0687280603523,0.0231252088347,0.0,0.0,0.0
72.71666666666667,63.72068142667395,11.227054802600254,2.7908967742114137,0.5992490645470162,-0.05804386788188463,0.019530268297584377,0.0,0.0,0.0,ZERO_INTENT,1.7908243286914813,0,32,0,0,272,FULL_MOTION_CERTIFICATE,0,0,0,256,0,0,0,0,0,,72.516666666,0.509829032687,-0.0493822778357,0.0166158468056,0.994818489942,-0.0963585828125,0.0324221465794,0.994818489942,-0.0963585828125,0.0324221465794,0.709555493791,-0.0687280603523,0.0231252088347,0.0,0.0,0.0
72.73333333333333,63.73033730493929,11.226119524507261,2.7912114712286105,0.5793526959206292,-0.056116685579560524,0.018881821031813982,0.0,0.0,0.0,ZERO_INTENT,1.7859884031294446,0,32,0,0,272,FULL_MOTION_CERTIFICATE,0,0,0,256,0,0,0,0,0,,72.516666666,0.509829032687,-0.0493822778357,0.0166158468056,0.994818489942,-0.0963585828125,0.0324221465794,0.994818489942,-0.0963585828125,0.0324221465794,0.709555493791,-0.0687280603523,0.0231252088347,0.0,0.0,0.0
72.75,63.73966157706086,11.225216366119307,2.7915153607913776,0.5594563272942422,-0.05418950327723642,0.018233373766043587,0.0,0.0,0.0,ZERO_INTENT,1.7813217804221075,0,32,0,0,272,FULL_MOTION_CERTIFICATE,0,0,0,256,0,0,0,0,0,,72.516666666,0.509829032687,-0.0493822778357,0.0166158468056,0.994818489942,-0.0963585828125,0.0324221465794,0.994818489942,-0.0963585828125,0.0324221465794,0.709555493791,-0.0687280603523,0.0231252088347,0.0,0.0,0.0
72.76666666666667,63.74865424303866,11.224345327436392,2.7918084428997156,0.5395599586678552,-0.05226232097491232,0.01758492650027319,0.0,0.0,0.0,ZERO_INTENT,1.7768241398745386,0,32,0,0,272,FULL_MOTION_CERTIFICATE,0,0,0,256,0,0,0,0,0,,72.516666666,0.509829032687,-0.0493822778357,0.0166158468056,0.994818489942,-0.0963585828125,0.0324221465794,0.994818489942,-0.0963585828125,0.0324221465794,0.709555493791,-0.0687280603523,0.0231252088347,0.0,0.0,0.0
72.78333333333333,63.757315302872684,11.223506408458515,2.792090717553624,0.5196635900414682,-0.050335138672588216,0.016936479234502796,0.0,0.0,0.0,ZERO_INTENT,1.7724951690981228,0,32,0,0,272,FULL_MOTION_CERTIFICATE,0,0,0,256,0,0,0,0,0,,72.516666666,0.509829032687,-0.0493822778357,0.0166158468056,0.994818489942,-0.0963585828125,0.0324221465794,0.994818489942,-0.0963585828125,0.0324221465794,0.709555493791,-0.0687280603523,0.0231252088347,0.0,0.0,0.0
72.8,63.765644756562935,11.222699609185678,2.792362184753103,0.4997672214150812,-0.04840795637026411,0.0162880319687324,0.0,0.0,0.0,ZERO_INTENT,1.7683345643472688,0,32,0,0,272,FULL_MOTION_CERTIFICATE,0,0,0,256,0,0,0,0,0,,72.516666666,0.509829032687,-0.0493822778357,0.0166158468056,0.994818489942,-0.0963585828125,0.0324221465794,0.994818489942,-0.0963585828125,0.0324221465794,0.709555493791,-0.0687280603523,0.0231252088347,0.0,0.0,0.0
72.81666666666666,63.77364260410941,11.22192492961788,2.792622844498152,0.4798708527886941,-0.04648077406794001,0.015639584702962006,0.0,0.0,0.0,ZERO_INTENT,1.764342030843597,0,32,0,0,272,FULL_MOTION_CERTIFICATE,0,0,0,256,0,0,0,0,0,,72.516666666,0.509829032687,-0.0493822778357,0.0166158468056,0.994818489942,-0.0963585828125,0.0324221465794,0.994818489942,-0.0963585828125,0.0324221465794,0.709555493791,-0.0687280603523,0.0231252088347,0.0,0.0,0.0
72.83333333333333,63.781308845512115,11.22118236975512,2.792872696788772,0.4599744841623071,-0.04455359176561591,0.014991137437191613,0.0,0.0,0.0,ZERO_INTENT,1.7605172830875482,0,32,0,0,272,FULL_MOTION_CERTIFICATE,0,0,0,256,0,0,0,0,0,,72.516666666,0.509829032687,-0.0493822778357,0.0166158468056,0.994818489942,-0.0963585828125,0.0324221465794,0.994818489942,-0.0963585828125,0.0324221465794,0.709555493791,-0.0687280603523,0.0231252088347,0.0,0.0,0.0
72.85,63.78864348077104,11.220471929597398,2.7931117416249625,0.44007811553592,-0.042626409463291805,0.01434269017142122,0.0,0.0,0.0,ZERO_INTENT,1.7568600451579708,0,32,0,0,272,FULL_MOTION_CERTIFICATE,0,0,0,256,0,0,0,0,0,,72.516666666,0.509829032687,-0.0493822778357,0.0166158468056,0.994818489942,-0.0963585828125,0.0324221465794,0.994818489942,-0.0963585828125,0.0324221465794,0.709555493791,-0.0687280603523,0.0231252088347,0.0,0.0,0.0
72.86666666666666,63.795646509886204,11.219793609144716,2.7933399790067233,0.42018174690953297,-0.0406992271609677,0.013694242905650826,0.0,0.0,0.0,ZERO_INTENT,1.7533700509988615,0,32,0,0,272,FULL_MOTION_CERTIFICATE,0,0,0,256,0,0,0,0,0,,72.516666666,0.509829032687,-0.0493822778357,0.0166158468056,0.994818489942,-0.0963585828125,0.0324221465794,0.994818489942,-0.0963585828125,0.0324221465794,0.709555493791,-0.0687280603523,0.0231252088347,0.0,0.0,0.0
72.88333333333334,63.8023179328576,11.219147408397072,2.793557408934055,0.400285378283129,-0.038772044858641955,0.013045795639879879,0.0,0.0,0.0,ZERO_INTENT,1.7500470446940293,0,32,0,0,272,FULL_MOTION_CERTIFICATE,0,0,0,256,0,0,0,0,0,,72.516666666,0.509829032687,-0.0493822778357,0.0166158468056,0.994818489942,-0.0963585828125,0.0324221465794,0.994818489942,-0.0963585828125,0.0324221465794,0.709555493791,-0.0687280603523,0.0231252088347,0.0,0.0,0.0
72.9,63.80865774968521,11.218533327354466,2.7937640314069565,0.38038900965674194,-0.03684486255631785,0.012397348374109485,0.0,0.0,0.0,ZERO_INTENT,1.746890780729172,0,32,0,0,272,FULL_MOTION_CERTIFICATE,0,0,0,256,0,0,0,0,0,,72.516666666,0.509829032687,-0.0493822778357,0.0166158468056,0.994818489942,-0.0963585828125,0.0324221465794,0.994818489942,-0.0963585828125,0.0324221465794,0.709555493791,-0.0687280603523,0.0231252088347,0.0,0.0,0.0
72.91666666666667,63.81466596036905,11.2179513660169,2.793959846425429,0.3604926410303549,-0.03491768025399375,0.011748901108339092,0.0,0.0,0.0,ZERO_INTENT,1.7439010242415507,0,32,0,0,272,FULL_MOTION_CERTIFICATE,0,0,0,256,0,0,0,0,0,,72.516666666,0.509829032687,-0.0493822778357,0.0166158468056,0.994818489942,-0.0963585828125,0.0324221465794,0.994818489942,-0.0963585828125,0.0324221465794,0.709555493791,-0.0687280603523,0.0231252088347,0.0,0.0,0.0
72.93333333333334,63.82034256490911,11.217401524384371,2.7941448539894718,0.34059627240396784,-0.032990497951669646,0.011100453842568699,0.0,0.0,0.0,ZERO_INTENT,1.7410775512573462,0,32,0,0,272,FULL_MOTION_CERTIFICATE,0,0,0,256,0,0,0,0,0,,72.516666666,0.509829032687,-0.0493822778357,0.0166158468056,0.994818489942,-0.0963585828125,0.0324221465794,0.994818489942,-0.0963585828125,0.0324221465794,0.709555493791,-0.0687280603523,0.0231252088347,0.0,0.0,0.0
72.95,63.8256875633054,11.216883802456882,2.794319054099085,0.3206999037775808,-0.031063315649345544,0.010452006576798305,0.0,0.0,0.0,ZERO_INTENT,1.7384201489165245,0,32,0,0,272,FULL_MOTION_CERTIFICATE,0,0,0,256,0,0,0,0,0,,72.516666666,0.509829032687,-0.0493822778357,0.0166158468056,0.994818489942,-0.0963585828125,0.0324221465794,0.994818489942,-0.0963585828125,0.0324221465794,0.709555493791,-0.0687280603523,0.0231252088347,0.0,0.0,0.0
72.96666666666667,63.83070095555792,11.216398200234432,2.7944824467542686,0.30080353515119373,-0.02913613334702144,0.009803559311027912,0.0,0.0,0.0,ZERO_INTENT,1.7359286156852503,0,32,0,0,272,FULL_MOTION_CERTIFICATE,0,0,0,256,0,0,0,0,0,,72.516666666,0.509829032687,-0.0493822778357,0.0166158468056,0.994818489942,-0.0963585828125,0.0324221465794,0.994818489942,-0.0963585828125,0.0324221465794,0.709555493791,-0.0687280603523,0.0231252088347,0.0,0.0,0.0
72.98333333333333,63.83538274166667,11.21594471771702,2.794635031955023,0.2809071665248067,-0.027208951044697338,0.009155112045257518,0.0,0.0,0.0,ZERO_INTENT,1.7336027615560772,0,32,0,0,272,FULL_MOTION_CERTIFICATE,0,0,0,256,0,0,0,0,0,,72.516666666,0.509829032687,-0.0493822778357,0.0166158468056,0.994818489942,-0.0963585828125,0.0324221465794,0.994818489942,-0.0963585828125,0.0324221465794,0.709555493791,-0.0687280603523,0.0231252088347,0.0,0.0,0.0
73.0,63.839732921631644,11.215523354904647,2.794776809701348,0.26101079789841963,-0.025281768742373235,0.008506664779487125,0.0,0.0,0.0,ZERO_INTENT,1.7314424082354853,0,32,0,0,272,FULL_MOTION_CERTIFICATE,0,0,0,256,0,0,0,0,0,,72.516666666,0.509829032687,-0.0493822778357,0.0166158468056,0.994818489942,-0.0963585828125,0.0324221465794,0.994818489942,-0.0963585828125,0.0324221465794,0.709555493791,-0.0687280603523,0.0231252088347,0.0,0.0,0.0
73.01666666666667,63.84375149545284,11.215134111797314,2.794907779993243,0.2411144292720326,-0.023354586440049133,0.007858217513716731,0.0,0.0,0.0,ZERO_INTENT,1.7294473893191578,0,32,0,0,272,FULL_MOTION_CERTIFICATE,0,0,0,256,0,0,0,0,0,,72.516666666,0.509829032687,-0.0493822778357,0.0166158468056,0.994818489942,-0.0963585828125,0.0324221465794,0.994818489942,-0.0963585828125,0.0324221465794,0.709555493791,-0.0687280603523,0.0231252088347,0.0,0.0,0.0
73.03333333333333,63.84743846313027,11.214776988395018,2.7950279428307088,0.2212180606456456,-0.02142740413772503,0.007209770247946337,0.0,0.0,0.0,ZERO_INTENT,1.7276175504547933,0,32,0,0,272,FULL_MOTION_CERTIFICATE,0,0,0,256,0,0,0,0,0,,72.516666666,0.509829032687,-0.0493822778357,0.0166158468056,0.994818489942,-0.0963585828125,0.0324221465794,0.994818489942,-0.0963585828125,0.0324221465794,0.709555493791,-0.0687280603523,0.0231252088347,0.0,0.0,0.0
73.05,63.850793824663924,11.214451984697762,2.7951372982137452,0.20132169201925856,-0.019500221835400927,0.006561322982175943,0.0,0.0,0.0,ZERO_INTENT,1.7259527494925169,0,32,0,0,272,FULL_MOTION_CERTIFICATE,0,0,0,256,0,0,0,0,0,,72.516666666,0.509829032687,-0.0493822778357,0.0166158468056,0.994818489942,-0.0963585828125,0.0324221465794,0.994818489942,-0.0963585828125,0.0324221465794,0.709555493791,-0.0687280603523,0.0231252088347,0.0,0.0,0.0
73.06666666666666,63.85381758005381,11.214159100705544,2.795235846142352,0.18142532339287154,-0.017573039533076824,0.005912875716405548,0.0,0.0,0.0,ZERO_INTENT,1.7244528566229755,0,32,0,0,272,FULL_MOTION_CERTIFICATE,0,0,0,256,0,0,0,0,0,,72.516666666,0.509829032687,-0.0493822778357,0.0166158468056,0.994818489942,-0.0963585828125,0.0324221465794,0.994818489942,-0.0963585828125,0.0324221465794,0.709555493791,-0.0687280603523,0.0231252088347,0.0,0.0,0.0
73.08333333333333,63.856509729299916,11.213898336418366,2.7953235866165294,0.16152895476648452,-0.015645857230752725,0.005264428450635154,0.0,0.0,0.0,ZERO_INTENT,1.7231177545027263,0,32,0,0,272,FULL_MOTION_CERTIFICATE,0,0,0,256,0,0,0,0,0,,72.516666666,0.509829032687,-0.0493822778357,0.0166158468056,0.994818489942,-0.0963585828125,0.0324221465794,0.994818489942,-0.0963585828125,0.0324221465794,0.709555493791,-0.0687280603523,0.0231252088347,0.0,0.0,0.0
73.1,63.85887027240225,11.213669691836225,2.795400519636277,0.1416325861400975,-0.013718674928428624,0.00461598118486476,0.0,0.0,0.0,ZERO_INTENT,1.7219473383676518,0,32,0,0,272,FULL_MOTION_CERTIFICATE,0,0,0,256,0,0,0,0,0,,72.516666666,0.509829032687,-0.0493822778357,0.0166158468056,0.994818489942,-0.0963585828125,0.0324221465794,0.994818489942,-0.0963585828125,0.0324221465794,0.709555493791,-0.0687280603523,0.0231252088347,0.0,0.0,0.0
73.11666666666666,63.86089920936081,11.213473166959123,2.795466645201595,0.12173621751371047,-0.011791492626104523,0.003967533919094365,0.0,0.0,0.0,ZERO_INTENT,1.7209415161335428,0,32,0,0,272,FULL_MOTION_CERTIFICATE,0,0,0,256,0,0,0,0,0,,72.516666666,0.509829032687,-0.0493822778357,0.0166158468056,0.994818489942,-0.0963585828125,0.0324221465794,0.994818489942,-0.0963585828125,0.0324221465794,0.709555493791,-0.0687280603523,0.0231252088347,0.0,0.0,0.0
73.13333333333334,63.8625965401756,11.21330876178706,2.795521963312484,0.10183984888730648,-0.00986431032377878,0.0033190866533234185,0.0,0.0,0.0,ZERO_INTENT,1.7201002084845207,0,32,0,0,272,FULL_MOTION_CERTIFICATE,0,0,0,256,0,0,0,0,0,,72.516666666,0.509829032687,-0.0493822778357,0.0166158468056,0.994818489942,-0.0963585828125,0.0324221465794,0.994818489942,-0.0963585828125,0.0324221465794,0.709555493791,-0.0687280603523,0.0231252088347,0.0,0.0,0.0
73.15,63.86396226484662,11.213176476320035,2.795566473968943,0.08194348026091944,-0.007937128021454678,0.0026706393875530247,0.0,0.0,0.0,ZERO_INTENT,1.7194233489490243,0,32,0,0,272,FULL_MOTION_CERTIFICATE,0,0,0,256,0,0,0,0,0,,72.516666666,0.509829032687,-0.0493822778357,0.0166158468056,0.994818489942,-0.0963585828125,0.0324221465794,0.994818489942,-0.0963585828125,0.0324221465794,0.709555493791,-0.0687280603523,0.0231252088347,0.0,0.0,0.0
73.16666666666667,63.864996383373864,11.21307631055805,2.795600177170973,0.06204711163453241,-0.006009945719130577,0.0020221921217826303,0.0,0.0,0.0,ZERO_INTENT,1.7189108839632468,0,32,0,0,272,FULL_MOTION_CERTIFICATE,0,0,0,256,0,0,0,0,0,,72.516666666,0.509829032687,-0.0493822778357,0.0166158468056,0.994818489942,-0.0963585828125,0.0324221465794,0.994818489942,-0.0963585828125,0.0324221465794,0.709555493791,-0.0687280603523,0.0231252088347,0.0,0.0,0.0
73.18333333333334,63.86569889575733,11.213008264501102,2.795623072918573,0.04215074300814538,-0.004082763416806476,0.0013737448560122362,0.0,0.0,0.0,ZERO_INTENT,1.7185627729223434,0,32,0,0,272,FULL_MOTION_CERTIFICATE,0,0,0,256,0,0,0,0,0,,72.516666666,0.509829032687,-0.0493822778357,0.0166158468056,0.994818489942,-0.0963585828125,0.0324221465794,0.994818489942,-0.0963585828125,0.0324221465794,0.709555493791,-0.0687280603523,0.0231252088347,0.0,0.0,0.0
73.2,63.86606980199703,11.212972338149195,2.795635161211744,0.022254374381758344,-0.0021555811144823756,0.0007252975902418421,0.0,0.0,0.0,ZERO_INTENT,1.7183789882190514,0,32,0,0,272,FULL_MOTION_CERTIFICATE,0,0,0,256,0,0,0,0,0,,72.516666666,0.509829032687,-0.0493822778357,0.0166158468056,0.994818489942,-0.0963585828125,0.0324221465794,0.994818489942,-0.0963585828125,0.0324221465794,0.709555493791,-0.0687280603523,0.0231252088347,0.0,0.0,0.0
73.21666666666667,63.86610910209295,11.212968531502325,2.795636442050485,0.002358005755371314,-0.0002283988121582752,7.685032447144803e-05,0.0,0.0,0.0,ZERO_INTENT,1.7183595152700857,0,32,0,0,272,FULL_MOTION_CERTIFICATE,0,0,0,256,0,0,0,0,0,,72.516666666,0.509829032687,-0.0493822778357,0.0166158468056,0.994818489942,-0.0963585828125,0.0324221465794,0.994818489942,-0.0963585828125,0.0324221465794,0.709555493791,-0.0687280603523,0.0231252088347,0.0,0.0,0.0
73.23333333333333,63.86610910209295,11.212968531502325,2.795636442050485,0.0,0.0,0.0,0.0,0.0,0.0,ZERO_INTENT,1.7183595152700857,0,32,0,0,272,FULL_MOTION_CERTIFICATE,0,0,0,256,0,0,0,0,0,,72.516666666,0.509829032687,-0.0493822778357,0.0166158468056,0.994818489942,-0.0963585828125,0.0324221465794,0.994818489942,-0.0963585828125,0.0324221465794,0.709555493791,-0.0687280603523,0.0231252088347,0.0,0.0,0.0
73.25,63.86610910209295,11.212968531502325,2.795636442050485,0.0,0.0,0.0,0.0,0.0,0.0,ZERO_INTENT,1.7183595152700857,0,32,0,0,272,FULL_MOTION_CERTIFICATE,0,0,0,256,0,0,0,0,0,,72.516666666,0.509829032687,-0.0493822778357,0.0166158468056,0.994818489942,-0.0963585828125,0.0324221465794,0.994818489942,-0.0963585828125,0.0324221465794,0.709555493791,-0.0687280603523,0.0231252088347,0.0,0.0,0.0
73.26666666666667,63.86610910209295,11.212968531502325,2.795636442050485,0.0,0.0,0.0,0.0,0.0,0.0,ZERO_INTENT,1.7183595152700857,0,32,0,0,272,FULL_MOTION_CERTIFICATE,0,0,0,256,0,0,0,0,0,,72.516666666,0.509829032687,-0.0493822778357,0.0166158468056,0.994818489942,-0.0963585828125,0.0324221465794,0.994818489942,-0.0963585828125,0.0324221465794,0.709555493791,-0.0687280603523,0.0231252088347,0.0,0.0,0.0
73.28333333333333,63.86610910209295,11.212968531502325,2.795636442050485,0.0,0.0,0.0,0.0,0.0,0.0,ZERO_INTENT,1.7183595152700857,0,32,0,0,272,FULL_MOTION_CERTIFICATE,0,0,0,256,0,0,0,0,0,,72.516666666,0.509829032687,-0.0493822778357,0.0166158468056,0.994818489942,-0.0963585828125,0.0324221465794,0.994818489942,-0.0963585828125,0.0324221465794,0.709555493791,-0.0687280603523,0.0231252088347,0.0,0.0,0.0
73.3,63.86610910209295,11.212968531502325,2.795636442050485,0.0,0.0,0.0,0.0,0.0,0.0,ZERO_INTENT,1.7183595152700857,0,32,0,0,272,FULL_MOTION_CERTIFICATE,0,0,0,256,0,0,0,0,0,,72.516666666,0.509829032687,-0.0493822778357,0.0166158468056,0.994818489942,-0.0963585828125,0.0324221465794,0.994818489942,-0.0963585828125,0.0324221465794,0.709555493791,-0.0687280603523,0.0231252088347,0.0,0.0,0.0
73.31666666666666,63.86610910209295,11.212968531502325,2.795636442050485,0.0,0.0,0.0,0.0,0.0,0.0,ZERO_INTENT,1.7183595152700857,0,32,0,0,272,FULL_MOTION_CERTIFICATE,0,0,0,256,0,0,0,0,0,,72.516666666,0.509829032687,-0.0493822778357,0.0166158468056,0.994818489942,-0.0963585828125,0.0324221465794,0.994818489942,-0.0963585828125,0.0324221465794,0.709555493791,-0.0687280603523,0.0231252088347,0.0,0.0,0.0
73.33333333333333,63.86610910209295,11.212968531502325,2.795636442050485,0.0,0.0,0.0,0.0,0.0,0.0,ZERO_INTENT,1.7183595152700857,0,32,0,0,272,FULL_MOTION_CERTIFICATE,0,0,0,256,0,0,0,0,0,,72.516666666,0.509829032687,-0.0493822778357,0.0166158468056,0.994818489942,-0.0963585828125,0.0324221465794,0.994818489942,-0.0963585828125,0.0324221465794,0.709555493791,-0.0687280603523,0.0231252088347,0.0,0.0,0.0
73.35,63.86610910209295,11.212968531502325,2.795636442050485,0.0,0.0,0.0,0.0,0.0,0.0,ZERO_INTENT,1.7183595152700857,0,32,0,0,272,FULL_MOTION_CERTIFICATE,0,0,0,256,0,0,0,0,0,,72.516666666,0.509829032687,-0.0493822778357,0.0166158468056,0.994818489942,-0.0963585828125,0.0324221465794,0.994818489942,-0.0963585828125,0.0324221465794,0.709555493791,-0.0687280603523,0.0231252088347,0.0,0.0,0.0
73.36666666666666,63.86610910209295,11.212968531502325,2.795636442050485,0.0,0.0,0.0,0.0,0.0,0.0,ZERO_INTENT,1.7183595152700857,0,32,0,0,272,FULL_MOTION_CERTIFICATE,0,0,0,256,0,0,0,0,0,,72.516666666,0.509829032687,-0.0493822778357,0.0166158468056,0.994818489942,-0.0963585828125,0.0324221465794,0.994818489942,-0.0963585828125,0.0324221465794,0.709555493791,-0.0687280603523,0.0231252088347,0.0,0.0,0.0
73.38333333333334,63.86610910209295,11.212968531502325,2.795636442050485,0.0,0.0,0.0,0.0,0.0,0.0,ZERO_INTENT,1.7183595152700857,0,32,0,0,272,FULL_MOTION_CERTIFICATE,0,0,0,256,0,0,0,0,0,,72.516666666,0.509829032687,-0.0493822778357,0.0166158468056,0.994818489942,-0.0963585828125,0.0324221465794,0.994818489942,-0.0963585828125,0.0324221465794,0.709555493791,-0.0687280603523,0.0231252088347,0.0,0.0,0.0
73.4,63.86610910209295,11.212968531502325,2.795636442050485,0.0,0.0,0.0,0.0,0.0,0.0,ZERO_INTENT,1.7183595152700857,0,32,0,0,272,FULL_MOTION_CERTIFICATE,0,0,0,256,0,0,0,0,0,,72.516666666,0.509829032687,-0.0493822778357,0.0166158468056,0.994818489942,-0.0963585828125,0.0324221465794,0.994818489942,-0.0963585828125,0.0324221465794,0.709555493791,-0.0687280603523,0.0231252088347,0.0,0.0,0.0
73.41666666666667,63.86610910209295,11.212968531502325,2.795636442050485,0.0,0.0,0.0,0.0,0.0,0.0,ZERO_INTENT,1.7183595152700857,0,32,0,0,272,FULL_MOTION_CERTIFICATE,0,0,0,256,0,0,0,0,0,,72.516666666,0.509829032687,-0.0493822778357,0.0166158468056,0.994818489942,-0.0963585828125,0.0324221465794,0.994818489942,-0.0963585828125,0.0324221465794,0.709555493791,-0.0687280603523,0.0231252088347,0.0,0.0,0.0
73.43333333333334,63.86610910209295,11.212968531502325,2.795636442050485,0.0,0.0,0.0,0.0,0.0,0.0,ZERO_INTENT,1.7183595152700857,0,32,0,0,272,FULL_MOTION_CERTIFICATE,0,0,0,256,0,0,0,0,0,,72.516666666,0.509829032687,-0.0493822778357,0.0166158468056,0.994818489942,-0.0963585828125,0.0324221465794,0.994818489942,-0.0963585828125,0.0324221465794,0.709555493791,-0.0687280603523,0.0231252088347,0.0,0.0,0.0
73.45,63.86610910209295,11.212968531502325,2.795636442050485,0.0,0.0,0.0,0.0,0.0,0.0,ZERO_INTENT,1.7183595152700857,0,32,0,0,272,FULL_MOTION_CERTIFICATE,0,0,0,256,0,0,0,0,0,,72.516666666,0.509829032687,-0.0493822778357,0.0166158468056,0.994818489942,-0.0963585828125,0.0324221465794,0.994818489942,-0.0963585828125,0.0324221465794,0.709555493791,-0.0687280603523,0.0231252088347,0.0,0.0,0.0
73.46666666666667,63.86610910209295,11.212968531502325,2.795636442050485,0.0,0.0,0.0,0.0,0.0,0.0,ZERO_INTENT,1.7183595152700857,0,32,0,0,272,FULL_MOTION_CERTIFICATE,0,0,0,256,0,0,0,0,0,,72.516666666,0.509829032687,-0.0493822778357,0.0166158468056,0.994818489942,-0.0963585828125,0.0324221465794,0.994818489942,-0.0963585828125,0.0324221465794,0.709555493791,-0.0687280603523,0.0231252088347,0.0,0.0,0.0
73.48333333333333,63.86610910209295,11.212968531502325,2.795636442050485,0.0,0.0,0.0,0.0,0.0,0.0,ZERO_INTENT,1.7183595152700857,0,32,0,0,272,FULL_MOTION_CERTIFICATE,0,0,0,256,0,0,0,0,0,,72.516666666,0.509829032687,-0.0493822778357,0.0166158468056,0.994818489942,-0.0963585828125,0.0324221465794,0.994818489942,-0.0963585828125,0.0324221465794,0.709555493791,-0.0687280603523,0.0231252088347,0.0,0.0,0.0
73.5,63.86610910209295,11.212968531502325,2.795636442050485,0.0,0.0,0.0,0.0,0.0,0.0,ZERO_INTENT,1.7183595152700857,0,32,0,0,272,FULL_MOTION_CERTIFICATE,0,0,0,256,0,0,0,0,0,,72.516666666,0.509829032687,-0.0493822778357,0.0166158468056,0.994818489942,-0.0963585828125,0.0324221465794,0.994818489942,-0.0963585828125,0.0324221465794,0.709555493791,-0.0687280603523,0.0231252088347,0.0,0.0,0.0
73.51666666666667,63.86610910209295,11.212968531502325,2.795636442050485,0.0,0.0,0.0,0.0,0.0,0.0,ZERO_INTENT,1.7183595152700857,0,32,0,0,272,FULL_MOTION_CERTIFICATE,0,0,0,256,0,0,0,0,0,,72.516666666,0.509829032687,-0.0493822778357,0.0166158468056,0.994818489942,-0.0963585828125,0.0324221465794,0.994818489942,-0.0963585828125,0.0324221465794,0.709555493791,-0.0687280603523,0.0231252088347,0.0,0.0,0.0
73.53333333333333,63.86610910209295,11.212968531502325,2.795636442050485,0.0,0.0,0.0,0.0,0.0,0.0,ZERO_INTENT,1.7183595152700857,0,32,0,0,272,FULL_MOTION_CERTIFICATE,0,0,0,256,0,0,0,0,0,,72.516666666,0.509829032687,-0.0493822778357,0.0166158468056,0.994818489942,-0.0963585828125,0.0324221465794,0.994818489942,-0.0963585828125,0.0324221465794,0.709555493791,-0.0687280603523,0.0231252088347,0.0,0.0,0.0
73.55,63.86610910209295,11.212968531502325,2.795636442050485,0.0,0.0,0.0,0.0,0.0,0.0,ZERO_INTENT,1.7183595152700857,0,32,0,0,272,FULL_MOTION_CERTIFICATE,0,0,0,256,0,0,0,0,0,,72.516666666,0.509829032687,-0.0493822778357,0.0166158468056,0.994818489942,-0.0963585828125,0.0324221465794,0.994818489942,-0.0963585828125,0.0324221465794,0.709555493791,-0.0687280603523,0.0231252088347,0.0,0.0,0.0
73.56666666666666,63.86610910209295,11.212968531502325,2.795636442050485,0.0,0.0,0.0,0.0,0.0,0.0,ZERO_INTENT,1.7183595152700857,0,32,0,0,272,FULL_MOTION_CERTIFICATE,0,0,0,256,0,0,0,0,0,,72.516666666,0.509829032687,-0.0493822778357,0.0166158468056,0.994818489942,-0.0963585828125,0.0324221465794,0.994818489942,-0.0963585828125,0.0324221465794,0.709555493791,-0.0687280603523,0.0231252088347,0.0,0.0,0.0
73.58333333333333,63.86610910209295,11.212968531502325,2.795636442050485,0.0,0.0,0.0,0.0,0.0,0.0,ZERO_INTENT,1.7183595152700857,0,32,0,0,272,FULL_MOTION_CERTIFICATE,0,0,0,256,0,0,0,0,0,,72.516666666,0.509829032687,-0.0493822778357,0.0166158468056,0.994818489942,-0.0963585828125,0.0324221465794,0.994818489942,-0.0963585828125,0.0324221465794,0.709555493791,-0.0687280603523,0.0231252088347,0.0,0.0,0.0
73.6,63.86610910209295,11.212968531502325,2.795636442050485,0.0,0.0,0.0,0.0,0.0,0.0,ZERO_INTENT,1.7183595152700857,0,32,0,0,272,FULL_MOTION_CERTIFICATE,0,0,0,256,0,0,0,0,0,,72.516666666,0.509829032687,-0.0493822778357,0.0166158468056,0.994818489942,-0.0963585828125,0.0324221465794,0.994818489942,-0.0963585828125,0.0324221465794,0.709555493791,-0.0687280603523,0.0231252088347,0.0,0.0,0.0
73.61666666666666,63.86610910209295,11.212968531502325,2.795636442050485,0.0,0.0,0.0,0.0,0.0,0.0,ZERO_INTENT,1.7183595152700857,0,32,0,0,272,FULL_MOTION_CERTIFICATE,0,0,0,256,0,0,0,0,0,,72.516666666,0.509829032687,-0.0493822778357,0.0166158468056,0.994818489942,-0.0963585828125,0.0324221465794,0.994818489942,-0.0963585828125,0.0324221465794,0.709555493791,-0.0687280603523,0.0231252088347,0.0,0.0,0.0
73.63333333333334,63.86610910209295,11.212968531502325,2.795636442050485,0.0,0.0,0.0,0.0,0.0,0.0,ZERO_INTENT,1.7183595152700857,0,32,0,0,272,FULL_MOTION_CERTIFICATE,0,0,0,256,0,0,0,0,0,,72.516666666,0.509829032687,-0.0493822778357,0.0166158468056,0.994818489942,-0.0963585828125,0.0324221465794,0.994818489942,-0.0963585828125,0.0324221465794,0.709555493791,-0.0687280603523,0.0231252088347,0.0,0.0,0.0
73.65,63.86610910209295,11.212968531502325,2.795636442050485,0.0,0.0,0.0,0.0,0.0,0.0,ZERO_INTENT,1.7183595152700857,0,32,0,0,272,FULL_MOTION_CERTIFICATE,0,0,0,256,0,0,0,0,0,,72.516666666,0.509829032687,-0.0493822778357,0.0166158468056,0.994818489942,-0.0963585828125,0.0324221465794,0.994818489942,-0.0963585828125,0.0324221465794,0.709555493791,-0.0687280603523,0.0231252088347,0.0,0.0,0.0
